x
795287312.290698
795723699.741097
795678803.807544
795302015.312912
795043237.090775
795070849.802605
795070849.802605
795070849.802605
795381037.811506
794918197.84874
795492401.034264
794978399.303782
795119707.098063
795119707.098063
795119707.098063
795339761.043891
795322089.79648
795322089.79648
795094390.919768
795094390.919768
795094390.919768
795094390.919768
795094390.919768
795094390.919768
795160641.035497
795160641.035497
795160641.035497
795431192.214173
795431192.214173
795431192.214173
795327106.550344
795327106.550344
795178840.622713
794969875.387732
794969875.387732
794969875.387732
795043746.196021
795043746.196021
795043746.196021
795043746.196021
794829310.307423
794829310.307423
795560842.872964
795517820.854348
795517820.854348
795175884.887759
795175884.887759
795175884.887759
795019974.69726
795019974.69726
795019974.69726
794906213.219174
794850596.303362
794850596.303362
795629801.932958
795629801.932958
795629801.932958
795629801.932958
795550777.08951
795550777.08951
795550777.08951
795550777.08951
795550777.08951
795407500.726856
795115658.86104
795115658.86104
794818960.787536
794818960.787536
794803823.453887
794697131.476628
794697131.476628
794697131.476628
794697131.476628
794697131.476628
794697131.476628
794697131.476628
794697131.476628
794697131.476628
794876824.743895
794876824.743895
794876824.743895
794606388.054293
794663678.524137
794791789.534766
794476093.129371
795062991.408882
795062991.408882
795062991.408882
794555684.322078
795456292.578121
795531175.299551
795140445.467364
795198249.960909
795330769.544682
795330769.544682
795330769.544682
795330769.544682
795634389.433889
795548947.522496
795682777.648432
795818170.719099
795818170.719099
795818170.719099
795818170.719099
795420967.894487
795420967.894487
795420967.894487
795703036.108057
795703036.108057
795441996.553867
795504072.768449
795504072.768449
795504072.768449
795504072.768449
795504072.768449
794772212.659972
794772212.659972
794772212.659972
794901271.181683
794901271.181683
794901271.181683
794901271.181683
794901271.181683
794984277.814322
794781823.16465
794881250.514789
794881250.514789
794881250.514789
794881250.514789
794881250.514789
794881250.514789
794859400.152581
794991482.874801
794991482.874801
794991482.874801
794967204.890177
794783180.486712
794783180.486712
794783180.486712
794783180.486712
795499398.216188
794988191.996249
794988191.996249
795018421.33231
795018421.33231
795018421.33231
794981528.958933
794981528.958933
794981528.958933
794981528.958933
795130566.929467
795130566.929467
795130566.929467
795130566.929467
795130566.929467
795130566.929467
795072907.099462
795072907.099462
795072907.099462
795072907.099462
794746126.548271
794746126.548271
794955715.896203
794955715.896203
794955715.896203
795517194.141323
795517194.141323
795517194.141323
795439591.550787
795687448.125993
795687448.125993
795687448.125993
794967642.823847
794967642.823847
794967642.823847
795310428.323489
795140523.555336
795140523.555336
795140523.555336
795140523.555336
795140523.555336
795140523.555336
795140523.555336
795140523.555336
795049704.422945
795049704.422945
795592390.583841
795368769.840156
795368769.840156
795368769.840156
795368769.840156
795368769.840156
795044486.315122
795044486.315122
795596735.28123
795596735.28123
795630173.732873
795055743.696218
795055743.696218
795055743.696218
794936791.218824
795374753.727119
795239974.053603
795239974.053603
795239974.053603
795239974.053603
795239974.053603
795239974.053603
795239974.053603
795239974.053603
795239974.053603
795315450.767789
795447546.328952
795447546.328952
795447546.328952
795447546.328952
795148241.439603
795148241.439603
795148241.439603
795148241.439603
795148241.439603
795148241.439603
795148241.439603
795148241.439603
795148241.439603
795148241.439603
794805281.967621
795552982.445526
795552982.445526
795552982.445526
795552982.445526
795371010.510533
795371010.510533
795520559.934087
795520559.934087
795520559.934087
795364256.700041
794987991.513184
795205303.176955
795205303.176955
795205303.176955
795330170.341699
795330170.341699
795125263.235891
795200435.94809
795031147.650525
795061052.27582
795061052.27582
795059270.699789
795059270.699789
795059270.699789
795059270.699789
795312238.048806
795312238.048806
795312238.048806
795312238.048806
795312238.048806
795569123.835331
794997407.438269
794997407.438269
794997407.438269
794767465.676179
795514669.001096
795465319.871378
795465319.871378
795465319.871378
795649409.821175
795296484.619655
795296484.619655
795296484.619655
795296484.619655
795295339.55573
795295339.55573
795295339.55573
795295339.55573
795295339.55573
795295339.55573
795324000.94027
795237650.332723
795237650.332723
795237650.332723
795672599.529157
795978453.335036
795978453.335036
795403588.653228
795403588.653228
795681130.522812
795681130.522812
795427394.643956
795427394.643956
795495618.918352
795495618.918352
795495618.918352
795495618.918352
795495618.918352
794994316.92775
794994316.92775
794994316.92775
794994316.92775
794994316.92775
795408755.616214
795408755.616214
795776444.975471
795840956.836132
794798239.188182
794925979.662075
794925979.662075
795019510.042621
795019510.042621
795019510.042621
794895165.702031
795070968.664017
794657290.505904
794657290.505904
794620694.868789
795173670.35819
795342515.674469
795342515.674469
795389874.412749
795389874.412749
795389874.412749
795389874.412749
795389874.412749
795192910.685586
795192910.685586
795192910.685586
795192910.685586
795381654.403701
795381654.403701
795381654.403701
795381654.403701
794815433.207746
794815433.207746
794786180.212413
794960958.35382
794960958.35382
794960958.35382
794960958.35382
794960958.35382
794960958.35382
794960958.35382
794960958.35382
794960958.35382
794960958.35382
795467617.84235
795467617.84235
795579403.585908
794803724.186119
794803724.186119
795172730.697135
795362653.118356
795362653.118356
794660199.415404
794660199.415404
795023387.307915
795249064.148812
795249064.148812
795249064.148812
795249064.148812
795249064.148812
795249064.148812
795288907.017053
794822144.987594
794822144.987594
794822144.987594
795247864.170605
795247864.170605
795247864.170605
795247864.170605
795247864.170605
795046616.158549
795220644.001338
795292437.475258
795278885.172378
795515630.009667
795515630.009667
795515630.009667
795775178.171641
795563758.293332
795563758.293332
795279626.81091
795279626.81091
795279626.81091
795279626.81091
795279626.81091
795279626.81091
795047951.616352
795047951.616352
795093118.785009
795123570.414608
794870106.331537
794870106.331537
794913606.462852
794913606.462852
794913606.462852
794898287.087822
795302279.843159
795033036.053452
794644640.671228
794644640.671228
794644640.671228
794644640.671228
794801329.343222
795360041.406217
795169450.272005
795169450.272005
795169450.272005
795130719.245619
794894777.660045
794894777.660045
795339046.439606
795339046.439606
795339046.439606
794847700.306526
794698328.321987
795003480.805689
795076470.507507
795076470.507507
794978083.024202
794978083.024202
795115542.958763
795115542.958763
795115542.958763
795115542.958763
795210407.124734
795210407.124734
795210407.124734
795210407.124734
795132601.543661
795132601.543661
794837198.041126
794828100.874803
795156219.328121
795156219.328121
795156219.328121
795332812.96043
795332812.96043
795444764.063612
795106799.503057
795329073.660483
795467772.580513
794916439.879696
794916439.879696
794916439.879696
795039329.981645
794817660.916049
794817660.916049
794817660.916049
794817660.916049
795386269.256903
795386269.256903
795386269.256903
795386269.256903
795125992.969527
795125992.969527
795029707.170939
795029707.170939
795029707.170939
795800835.679706
795800835.679706
795485974.325555
795485974.325555
795214612.766829
795214612.766829
795650004.044445
795270827.507111
795593670.484471
795595508.935024
795595508.935024
795337175.081626
795337175.081626
795337175.081626
795318433.524806
795318433.524806
795318433.524806
795269449.352349
795269449.352349
795269449.352349
795269449.352349
795269449.352349
795269449.352349
795269449.352349
795269449.352349
795269449.352349
795181405.583485
795181405.583485
795126356.857997
795126356.857997
795126356.857997
795126356.857997
795126356.857997
795126356.857997
795126356.857997
795126356.857997
795027143.956926
795027143.956926
794680740.154655
795482710.241795
794905809.958247
795811690.316149
795811690.316149
795811690.316149
795811690.316149
795811690.316149
795811690.316149
795811690.316149
795811690.316149
795811690.316149
795451705.034998
795451705.034998
795172660.765504
795172660.765504
795065139.62808
794844208.786289
794844208.786289
794892717.60823
794892717.60823
794892717.60823
795641854.547863
795481047.240776
795481047.240776
795481047.240776
795481047.240776
795387782.226326
795297784.89893
795297784.89893
795297784.89893
795178761.202694
795178761.202694
795178761.202694
795354619.761358
795354619.761358
795428877.556191
795536912.119848
795536912.119848
795531983.33507
794826390.096722
794826390.096722
794263073.967572
794263073.967572
794792753.142397
794995023.876949
794937091.99586
794937091.99586
795251779.077318
795251779.077318
795251779.077318
795404080.061863
795404080.061863
795404080.061863
794544467.968701
795328154.243678
794639127.212748
795113355.087868
795410092.013651
794774553.591557
795039005.974281
795039005.974281
795118272.900065
795118272.900065
795210278.583554
795210278.583554
795403461.218266
795505350.96339
795303311.451516
795303311.451516
795309618.629673
795156374.036285
795156374.036285
795156374.036285
795156374.036285
795156374.036285
795156374.036285
795156374.036285
795156374.036285
795156374.036285
795110954.144832
795110954.144832
795056045.551819
795056045.551819
795004470.080774
795004470.080774
795004470.080774
795004470.080774
794723772.666395
794723772.666395
794723772.666395
794723772.666395
794723772.666395
794723772.666395
794723772.666395
794723772.666395
794723772.666395
794989551.053295
794989551.053295
794989551.053295
794989551.053295
794989551.053295
794932224.132332
794835334.305773
794835334.305773
795382957.109121
794988247.381507
794988247.381507
794953423.445927
795715092.526924
795715092.526924
795501917.063511
795501917.063511
795501917.063511
795553960.44159
795553960.44159
795557910.355171
795214189.489301
795214189.489301
795214189.489301
795358593.703106
795005539.507136
795005539.507136
795142800.789311
795111581.062585
795111581.062585
795181665.354128
795181665.354128
795394876.461796
795394876.461796
794859657.800066
794859657.800066
795278525.94244
794882383.454245
794882383.454245
794882383.454245
794882383.454245
795122398.311293
795122398.311293
795122398.311293
795122398.311293
795177181.148246
795177181.148246
795177181.148246
795840999.586504
795215402.989998
795215402.989998
795215402.989998
795215402.989998
795433028.066444
795433028.066444
795433028.066444
795344767.628765
795344767.628765
795344767.628765
795247784.375129
795247784.375129
794856120.969277
794856120.969277
794856120.969277
794856120.969277
795431212.619743
795023394.115351
795023394.115351
794641835.715024
794601745.376988
794436376.610489
794436376.610489
794941345.697577
794941345.697577
794941345.697577
795508544.193863
795556501.085366
795481589.720849
795319454.58421
795319454.58421
795623896.733492
795623896.733492
795463624.272257
795463624.272257
795463624.272257
795092478.004487
795016382.38827
795089242.1837
795089242.1837
795089242.1837
794827605.569114
795391519.461276
795054343.106095
795054343.106095
795054343.106095
795553460.606317
795388721.001617
795373943.324191
795616933.775499
795616933.775499
795060453.25146
795060453.25146
795334329.851303
795334329.851303
795334329.851303
795464956.840458
795464956.840458
795464956.840458
795464956.840458
795464956.840458
795464956.840458
795551579.643176
795353583.397985
795231882.528082
795231882.528082
795231882.528082
795551313.725083
795551313.725083
795551313.725083
795551313.725083
795551313.725083
795547993.022455
795360729.745356
795360729.745356
795360729.745356
795301092.780583
794895826.044234
794895826.044234
794895826.044234
794895826.044234
795265256.076982
795265256.076982
795672737.580065
795422030.895012
795422030.895012
795231234.833194
795466786.834146
795006078.385644
795006078.385644
795006078.385644
795258850.538462
794826593.961632
794843124.364683
794792333.083483
794792333.083483
794792333.083483
794792333.083483
794792333.083483
794792333.083483
794792333.083483
794792333.083483
794792333.083483
794792333.083483
794792333.083483
795486644.306777
795486644.306777
795486644.306777
795093266.527907
795100186.256068
795100186.256068
795100186.256068
795100186.256068
795100186.256068
795100186.256068
795061616.149166
795434775.614027
795434775.614027
795434775.614027
795454025.177232
795099934.503105
795120820.202967
795639209.672447
795601900.509577
795601900.509577
795068086.316339
795068086.316339
795068086.316339
794922667.639166
794482914.039952
794644683.101017
794624217.381728
794624217.381728
794624217.381728
794624217.381728
794624217.381728
794624217.381728
795872979.87155
795872979.87155
795882045.821911
795314895.844585
795314895.844585
795323189.018344
795323189.018344
795323189.018344
795323189.018344
795323189.018344
795346706.80091
795346706.80091
795346706.80091
795346706.80091
795346706.80091
795346706.80091
795346706.80091
795346706.80091
795346706.80091
795358571.897309
795358571.897309
795358571.897309
795358571.897309
795358571.897309
795358571.897309
795358571.897309
795358571.897309
795358571.897309
795674488.434239
795674488.434239
795674488.434239
795674488.434239
795674488.434239
795674488.434239
795674488.434239
795037330.645817
795457835.541188
795457835.541188
795457835.541188
794541435.751291
794541435.751291
794599769.693817
794599769.693817
794837438.358934
794837438.358934
794662255.382851
795736593.351033
795736593.351033
795582772.996946
795582772.996946
795583480.216352
795580505.923637
795802814.855131
795440543.034414
795440543.034414
795440543.034414
795440543.034414
795538774.21583
795538774.21583
795498320.230526
795498320.230526
795494272.639238
795721722.026162
795515356.536366
795838583.769911
795461277.116232
795658157.645472
795658157.645472
795310721.758465
795310721.758465
795310721.758465
795052612.854786
795232207.487075
795232207.487075
795232207.487075
795424676.06199
795481878.815867
795481878.815867
795481878.815867
795203179.432556
795203179.432556
795163259.895125
795163259.895125
795106966.358513
795106966.358513
795106966.358513
795106966.358513
795083433.76533
795394794.685732
795285327.641913
795318509.71008
795318509.71008
795318509.71008
795122452.431858
795122452.431858
794939259.284639
794880186.163452
794880186.163452
794880186.163452
795358338.061087
795264315.872278
795264315.872278
794736547.498528
794736547.498528
795622210.171183
794851045.059721
794851045.059721
794843345.029168
794843345.029168
794843345.029168
794843345.029168
794843345.029168
794843345.029168
794843345.029168
795158717.81806
795158717.81806
795569143.953214
795588392.82026
795667693.455064
795667693.455064
795667693.455064
795667693.455064
795667693.455064
795260222.118022
795507554.453836
795507554.453836
795507554.453836
795507554.453836
795639686.528281
795639686.528281
795639686.528281
795639686.528281
795639686.528281
795125793.512177
795125793.512177
795125793.512177
795125793.512177
795125793.512177
795097261.63381
795097261.63381
795144736.569375
795144736.569375
795144736.569375
794952555.871771
794952555.871771
794952555.871771
794952555.871771
794834894.9229
794834894.9229
794834894.9229
794834894.9229
794706407.582139
794706407.582139
794881068.13278
794723084.413357
795187782.752243
795004966.554101
795004966.554101
794595892.832693
794595892.832693
794619198.344793
794619198.344793
794619198.344793
794619198.344793
795034679.023336
795034679.023336
795034679.023336
795034679.023336
795027797.980069
795697364.738065
795738889.387767
795951622.36103
795813760.357629
795813760.357629
795313909.537613
795313909.537613
795309551.587495
795309551.587495
795309551.587495
795309551.587495
795309551.587495
795309551.587495
795294953.645015
795536031.979578
795717170.6769
795717170.6769
795211318.456831
795211318.456831
795211318.456831
795211318.456831
795211318.456831
795211318.456831
795211318.456831
795211318.456831
795211318.456831
795211318.456831
794946630.457372
795349915.588522
795516554.441666
795264982.160084
795048732.939628
795200044.313184
795200044.313184
795200044.313184
795200044.313184
795200044.313184
795200044.313184
795452341.651165
795225318.447378
795363695.082184
795363695.082184
795352795.799839
794761906.427727
794761906.427727
794761906.427727
794761906.427727
794904883.549039
795363120.465447
795363120.465447
795363120.465447
795425308.173279
794911217.605355
795194343.059942
795244605.017997
795244605.017997
795244605.017997
794962819.82725
794962819.82725
795232469.216677
795232469.216677
795232469.216677
795305449.793959
795202143.245389
795202143.245389
795317290.497564
795317290.497564
795317290.497564
795109686.992189
795109686.992189
795109686.992189
795047275.894813
795047275.894813
795047275.894813
795222380.455837
795560869.195562
795560869.195562
795560869.195562
795560869.195562
795560869.195562
795560869.195562
795147065.846419
795147065.846419
795147065.846419
795135849.251449
795135849.251449
795135849.251449
795135849.251449
794793472.993556
794793472.993556
795032422.287387
795032422.287387
795209032.049731
795013155.548424
794969123.602301
794851152.738081
795316205.414683
795316205.414683
795316205.414683
795148568.395159
795148568.395159
795148568.395159
795714340.693626
795599977.417178
795067437.053577
795343202.341954
794988356.977911
795108024.996948
795194703.40326
795333748.500579
795333748.500579
795002495.465768
795002495.465768
795002495.465768
794794603.086539
795682726.591362
795682726.591362
794867329.244027
794867329.244027
795085315.243342
795326245.429813
795326245.429813
795326245.429813
795326245.429813
795153990.903039
795445606.666296
795445606.666296
795445606.666296
795445606.666296
795368054.481139
795471462.769702
795471462.769702
795471462.769702
795517372.260634
795517372.260634
795517372.260634
795113556.349961
795113556.349961
795113556.349961
795113556.349961
795078780.786365
794872512.861498
794984310.205304
794830135.44538
794830135.44538
794830135.44538
794830135.44538
794830135.44538
794830135.44538
794830135.44538
794951947.799994
794951947.799994
794444727.821287
794770329.568999
795019859.525157
795019859.525157
795019859.525157
795019859.525157
794972424.064155
795116823.929806
795116823.929806
795116823.929806
795116823.929806
795089223.268624
795728474.383405
795650063.73295
794973412.991678
794973412.991678
794973412.991678
794973412.991678
794904406.745921
794904406.745921
794904406.745921
795304348.751297
794998894.640433
794998894.640433
794998894.640433
795298984.879605
795298984.879605
795298984.879605
795298984.879605
795298984.879605
795298984.879605
795298984.879605
795298984.879605
795298984.879605
795298984.879605
795298984.879605
795298984.879605
795298984.879605
795298984.879605
795298984.879605
795298984.879605
795149342.575012
795013788.105238
795013788.105238
795013788.105238
795162990.663703
795162990.663703
795184223.394447
795184223.394447
795184223.394447
794770398.437193
794901473.456666
795106895.151462
795106895.151462
795106895.151462
795077707.653353
795077707.653353
795077707.653353
795077707.653353
795182217.142955
795528707.787726
795528707.787726
795623008.663103
795863238.155849
795863238.155849
795646727.685876
795646727.685876
795646727.685876
795581350.344567
795581350.344567
795581350.344567
794674906.533122
794674906.533122
794674906.533122
794674906.533122
794674906.533122
794674906.533122
795448489.993637
795462376.486961
795462376.486961
795573455.052898
795262048.084827
795169385.373272
795153681.422355
795056219.444079
795056219.444079
795057254.458484
795112380.274706
795152976.799421
794582623.862132
794976983.484745
794976983.484745
795266214.615208
795266214.615208
795266214.615208
795266214.615208
795131036.791915
795144017.472486
794971973.568413
794971973.568413
795427108.464417
795427108.464417
795427108.464417
795427108.464417
795706024.059778
795706024.059778
795706024.059778
795706024.059778
795089946.888158
795089946.888158
795142742.157106
795142742.157106
795142742.157106
795142742.157106
795142742.157106
794821627.799822
794821627.799822
794821627.799822
794821627.799822
795005393.617729
795005393.617729
795005393.617729
795005393.617729
795005393.617729
795436635.465177
794919986.897604
794919986.897604
795454499.041534
795454499.041534
795304408.646076
795304408.646076
795304408.646076
795304408.646076
794994667.907315
794994667.907315
794994667.907315
794994667.907315
795267783.867609
795267783.867609
795267783.867609
795267783.867609
795267783.867609
795267783.867609
795267783.867609
795267783.867609
795267783.867609
795267783.867609
795059820.448594
794990445.575389
794990445.575389
794718538.949443
795446880.838253
795569949.91095
795569949.91095
795569949.91095
795569949.91095
795569949.91095
795380640.935028
795380640.935028
795380640.935028
795380640.935028
795380640.935028
794935265.680228
794935265.680228
795080732.872644
795080732.872644
795080732.872644
795080732.872644
795080732.872644
794978314.225091
794978314.225091
794978314.225091
795675465.101775
795853302.737902
795686665.627984
795667943.238654
795667943.238654
795667943.238654
795667943.238654
795667943.238654
795667943.238654
795332733.127983
795332733.127983
795332733.127983
795113646.870077
795113646.870077
794980639.105788
795016538.573589
795438732.378348
795118940.589084
795118940.589084
795118940.589084
795676307.059465
795676307.059465
795008359.665818
794993202.159409
795253031.065003
795264626.757635
795264626.757635
795372048.300439
795372048.300439
795372048.300439
795372048.300439
795372048.300439
795372048.300439
795372048.300439
794952164.538452
794952164.538452
794902189.135391
794902189.135391
794902189.135391
794867187.704943
794867187.704943
795171525.898825
795171525.898825
795171525.898825
794805557.476169
795279673.936092
795473915.340296
795473915.340296
795203195.650012
795203195.650012
795203195.650012
795203195.650012
795191098.953151
795191098.953151
795191098.953151
795191098.953151
795098639.837282
795098639.837282
795098639.837282
795098639.837282
795538613.465742
795408302.113824
795053985.383327
795053985.383327
795046741.983158
795046741.983158
795186594.725257
795186594.725257
795186594.725257
795186594.725257
795186594.725257
795186594.725257
795186594.725257
795186594.725257
795186594.725257
795186594.725257
795186594.725257
795194725.846864
795194725.846864
794944423.19481
794944423.19481
794944423.19481
794944423.19481
794944423.19481
794661997.978177
794661997.978177
795228219.974712
795228219.974712
795228219.974712
795228219.974712
795228219.974712
795228219.974712
794896641.446631
795520633.519391
795538689.399446
795538689.399446
795538689.399446
795636853.099128
795400780.805348
795400780.805348
795376653.207139
795376653.207139
795376653.207139
795376653.207139
795060615.509107
795060615.509107
795021307.340334
795219746.512305
795163889.096997
795142249.569148
795142249.569148
795142249.569148
795142249.569148
795142249.569148
795152167.538937
795248475.741501
795064659.81213
795064659.81213
795064659.81213
795064659.81213
795064659.81213
795064659.81213
795064659.81213
795064659.81213
795064659.81213
795064659.81213
795064659.81213
795064659.81213
795064659.81213
795064659.81213
795214567.39944
795214567.39944
795214567.39944
795214567.39944
794839808.665045
794839808.665045
794839808.665045
795270190.649569
795270190.649569
795012029.10717
795012029.10717
795012029.10717
795012029.10717
795263768.827887
795263768.827887
795136358.026698
795136358.026698
795136358.026698
795136358.026698
795136358.026698
795143430.452572
795019667.539916
795019667.539916
795101851.060687
795101851.060687
795101851.060687
795164034.552168
794856445.506764
795157115.353942
795343471.141337
795343471.141337
795343471.141337
795343471.141337
795386976.344418
795386976.344418
795386976.344418
795386976.344418
795386976.344418
795386976.344418
794952165.541571
795280434.653516
795280434.653516
795280434.653516
795082832.27612
795082832.27612
795082832.27612
795082832.27612
795539347.70281
794933026.806014
794694838.310707
794694838.310707
794694838.310707
794694838.310707
794662256.120165
794662256.120165
794662256.120165
794911833.94563
794911833.94563
794911833.94563
794911833.94563
794911833.94563
794911833.94563
794911833.94563
794911833.94563
794911833.94563
795208482.739689
795208482.739689
795208482.739689
795408886.34126
794903693.736687
795406837.50076
795406837.50076
794973828.971641
794973828.971641
795239358.724718
795229217.015673
795229217.015673
795314269.740886
795640757.492273
795640757.492273
795640757.492273
795410723.687246
795392078.922596
795392078.922596
795392078.922596
795392078.922596
795392078.922596
795392078.922596
795392078.922596
795212267.64725
795103854.617982
795103854.617982
795103854.617982
795088362.725525
795005988.387842
794893049.675157
794893049.675157
794893049.675157
795148405.597765
795148405.597765
795148405.597765
795459298.087206
795459298.087206
795923943.417319
795456079.554504
795456079.554504
795456079.554504
795456079.554504
795657045.377812
795657045.377812
795184867.912829
795184867.912829
795367485.942604
794905079.223252
794905079.223252
794905079.223252
794905079.223252
794905079.223252
794905079.223252
795066503.298046
795373311.056856
795373311.056856
795166705.817386
795166705.817386
794575734.506415
794649777.083743
794649777.083743
794691245.015018
795222984.805577
795222984.805577
795222984.805577
795222984.805577
795222984.805577
794799330.271605
794654601.123721
794654601.123721
794777808.006637
794747850.140645
795250423.207563
795212207.210736
795212207.210736
795212207.210736
795133118.382298
795133118.382298
795133118.382298
795133118.382298
795397997.369064
795239078.784455
795239078.784455
795239078.784455
795510572.694632
795510572.694632
795380693.558638
794836728.639512
794836728.639512
795059922.254168
795426601.37431
795426601.37431
795426601.37431
795426601.37431
795426601.37431
795224867.250921
795453105.288254
795453105.288254
795453105.288254
795453105.288254
795453105.288254
795453105.288254
795453105.288254
795356531.492882
795356531.492882
795356531.492882
795356531.492882
795223880.112086
795223880.112086
795134056.686181
795396102.770992
795342197.122808
795342197.122808
795128272.481927
795341403.897678
795341403.897678
795341403.897678
795341403.897678
795207546.870214
795207546.870214
795207546.870214
795264890.106203
795264890.106203
795264890.106203
795264890.106203
795264890.106203
795264890.106203
795264890.106203
795264890.106203
795397518.344364
795015054.032242
795015054.032242
795457608.058338
795457608.058338
795457608.058338
795148144.038015
795148144.038015
795376967.764705
795376967.764705
795376967.764705
795382912.70805
795159924.619809
795159924.619809
794994812.771464
794994812.771464
795069219.019357
795287151.28645
795287151.28645
795287151.28645
794926475.430564
795479916.115345
795479916.115345
795326529.238338
795684780.065886
795684780.065886
795684780.065886
795521044.535018
795521044.535018
795161185.174957
795377450.327983
795377450.327983
795517176.687516
795517176.687516
795517176.687516
794782657.73544
794782657.73544
794782657.73544
794782657.73544
794782657.73544
794782657.73544
794782657.73544
794782657.73544
794782657.73544
794782657.73544
794782657.73544
794782657.73544
794782657.73544
794782657.73544
794782657.73544
794782657.73544
794782657.73544
794994632.219059
794865347.360782
795242379.022916
795242379.022916
795242379.022916
795242379.022916
795242379.022916
795515090.890262
795515090.890262
795589063.502467
795277779.694193
795277779.694193
795277779.694193
795676858.180369
795557046.335392
795557046.335392
795426569.299517
795426569.299517
795164461.649714
795164461.649714
795196006.385918
795196006.385918
795196006.385918
795196006.385918
794950383.875584
795040313.391793
795479524.169643
795479524.169643
795479524.169643
795390898.239275
795390898.239275
795390898.239275
795390898.239275
795390898.239275
795390898.239275
795390898.239275
795410890.046232
795676649.785506
795676649.785506
795231477.263228
795177426.08884
795177426.08884
794858263.604423
794858263.604423
794908668.496431
794908668.496431
794908668.496431
794908668.496431
794908668.496431
795263082.661147
795263082.661147
795263082.661147
795263082.661147
795328123.612224
795724658.723566
795428905.964443
795428905.964443
795247869.513314
795247869.513314
795247869.513314
795247869.513314
795247869.513314
795247869.513314
795270450.262292
794763930.018446
794763930.018446
794821675.83637
795307213.869997
795307213.869997
795125979.565984
795125979.565984
795125979.565984
795125979.565984
795125979.565984
795238718.294809
795631075.005212
794968201.01986
794968201.01986
794968201.01986
794968201.01986
794968201.01986
794968201.01986
794968201.01986
794968201.01986
794716417.358526
794579510.182882
794579510.182882
795081306.705984
795457290.960542
795385650.019173
795385650.019173
795443995.719798
795065993.340387
795411610.529375
795411610.529375
795411610.529375
795411610.529375
795411610.529375
795291819.03358
795228569.148974
795637416.535299
795637416.535299
795637416.535299
795637416.535299
795731223.748596
795359117.703557
795359117.703557
795359117.703557
795359117.703557
795456278.48371
795456278.48371
795425837.666014
794625110.389535
794625110.389535
794625110.389535
794625110.389535
794874944.031961
794874944.031961
795142526.478566
795187012.014768
795187012.014768
795187012.014768
795340082.589811
795122924.492645
795122924.492645
795122924.492645
795188669.3711
794972459.520023
794972459.520023
794972459.520023
795020419.019175
795366270.097587
795366270.097587
795259203.761865
795259203.761865
795382132.710405
795382132.710405
795155261.670982
795002645.436432
795002645.436432
795002645.436432
795002645.436432
795002645.436432
795002645.436432
794910767.629769
794679302.167865
795467538.396276
795467538.396276
795467538.396276
795356793.491439
795531042.45842
795531042.45842
795531042.45842
795496294.371619
795496294.371619
795715883.164151
795191357.237518
795191357.237518
794684862.389748
795022740.509396
795071935.515363
795251058.367798
795224771.99753
795314894.847061
795314894.847061
795242150.587026
795242150.587026
794838252.029091
794838252.029091
795193433.940789
795193433.940789
795193433.940789
794972269.501337
794951680.667539
794951680.667539
795117704.473728
794994889.974388
794994889.974388
794994889.974388
794994889.974388
794994889.974388
794994889.974388
794958881.342496
794958881.342496
795120249.693157
795120249.693157
795422892.57112
795422892.57112
795585749.850206
795585749.850206
795560820.429363
795560820.429363
795794159.905821
795794159.905821
795794159.905821
795794159.905821
795794159.905821
795411696.59167
795411696.59167
795192935.578205
795192935.578205
795192935.578205
795413375.293931
795413375.293931
795411735.532716
795411735.532716
795022204.373068
795022204.373068
795022204.373068
795022204.373068
795532795.649116
795532795.649116
795358541.18205
795358541.18205
795358541.18205
795358541.18205
795358541.18205
795407031.343216
795282940.584897
795282940.584897
795282940.584897
795282940.584897
795282940.584897
795282940.584897
795282940.584897
795578336.70451
795578336.70451
795645327.413387
795645327.413387
795645327.413387
795645327.413387
795606882.314742
795606882.314742
795234545.299814
795153478.217679
795153478.217679
794660457.253198
794660457.253198
794757590.325549
794757590.325549
794757590.325549
794995505.877283
794995505.877283
794995505.877283
794995505.877283
795374295.382832
795013804.078915
795013804.078915
795013804.078915
795013804.078915
795347782.974671
795240116.336588
795240116.336588
794796204.090663
794934493.355579
794934493.355579
794934493.355579
794934493.355579
794934493.355579
794983638.467857
794983638.467857
794983638.467857
794983638.467857
794983638.467857
794983638.467857
794983638.467857
795330148.166012
795330148.166012
794912319.951116
794912319.951116
794744836.355242
794744836.355242
795070401.923044
795070401.923044
795144863.484204
795603421.89867
795603421.89867
795684471.462803
795402361.59949
795402361.59949
795402361.59949
795402361.59949
795402361.59949
795402361.59949
795199990.566951
794833098.274787
794833098.274787
794833098.274787
795571993.03731
795621182.489144
795621182.489144
795621182.489144
795681003.057862
795681003.057862
795681003.057862
795082176.105201
795082176.105201
795082176.105201
795082176.105201
795082176.105201
795082176.105201
795083492.81994
795083492.81994
795083492.81994
795083492.81994
795083492.81994
795083492.81994
795286825.734388
795286825.734388
795461638.164765
795435790.401579
795435790.401579
795710529.812075
795757334.079367
795757334.079367
794551709.785479
794916393.072866
794916393.072866
794916393.072866
794916393.072866
794916393.072866
794916393.072866
794916393.072866
794916393.072866
794966745.908455
794966745.908455
794657249.265321
794622029.503295
794646307.663457
795082847.352095
795082847.352095
795082847.352095
795082847.352095
795082847.352095
795082847.352095
795082847.352095
795082847.352095
795162455.894012
795374702.800493
795010434.312463
795806515.582592
795806515.582592
795775976.283908
795775976.283908
795775976.283908
795775976.283908
795775976.283908
795403204.836814
795403204.836814
795500429.261344
795500429.261344
795500429.261344
795500429.261344
795227348.718615
795227348.718615
795108560.675778
795551413.494555
794961394.678764
794961394.678764
794961394.678764
794961394.678764
794965474.733285
794965474.733285
794965474.733285
795431326.302304
795431326.302304
795431326.302304
795431326.302304
795431326.302304
795431326.302304
795431326.302304
795431326.302304
795614469.73907
795614469.73907
795614469.73907
795428040.782571
795455954.29232
795455954.29232
795455954.29232
795455954.29232
795455954.29232
795664070.050128
795664070.050128
795536724.361177
795536724.361177
795536724.361177
795536724.361177
795054045.752309
794977644.094348
794977644.094348
794977644.094348
794977644.094348
794977644.094348
795269103.860366
795269103.860366
795269103.860366
795269103.860366
795269103.860366
795269103.860366
795269103.860366
795340413.670219
795340413.670219
794849694.281789
794849694.281789
794849694.281789
794849694.281789
794729187.871978
794729187.871978
794959160.186834
795670434.627612
795623515.736771
795623515.736771
795570227.449535
795570227.449535
795570227.449535
795451821.901134
795451821.901134
795451821.901134
795451821.901134
795076241.39063
795076241.39063
795130473.046838
795130473.046838
795130473.046838
795094186.50445
795171836.765453
795171836.765453
795171836.765453
795320692.577157
795320692.577157
795320692.577157
794915903.650346
794788243.738518
795247296.793285
795247296.793285
795247296.793285
795187890.41604
795187890.41604
795187890.41604
795187890.41604
795187890.41604
795187890.41604
795187890.41604
795187890.41604
795187890.41604
795187890.41604
795596731.599
795596731.599
795470654.059682
795470654.059682
795470654.059682
795470654.059682
795197964.694452
795197964.694452
795197964.694452
795197964.694452
795410798.672487
795410798.672487
795410798.672487
795410798.672487
795646084.328592
795646084.328592
794806846.72205
794779512.53981
795329179.292444
795329179.292444
795329179.292444
795329179.292444
795194404.012699
795194404.012699
795194404.012699
795084060.965098
795084060.965098
795084060.965098
795084060.965098
796101051.741192
796101051.741192
796101051.741192
795683768.772829
795189920.300847
795189920.300847
795098749.935446
795098749.935446
795098749.935446
795098749.935446
795098749.935446
795130201.195825
794978989.157503
795097659.477525
795186573.198906
795186573.198906
795186573.198906
795186573.198906
795186573.198906
795186573.198906
795186573.198906
795186573.198906
795134950.954091
795134950.954091
794882976.04113
794882976.04113
795330513.204144
795330513.204144
795330513.204144
795183656.894219
795183656.894219
795183656.894219
795183656.894219
795183656.894219
795183656.894219
795006462.572893
795411778.582917
795411778.582917
795411778.582917
795578183.527791
795399244.917504
795399244.917504
795749461.560274
795411247.538927
795298729.419355
795298729.419355
795298729.419355
795298729.419355
795110749.014249
795557501.23148
795557501.23148
795557501.23148
794937179.851375
794937179.851375
794937179.851375
794937179.851375
794936158.513702
795053952.387814
795053952.387814
795053952.387814
795053952.387814
794741229.852763
794741229.852763
794741229.852763
794741229.852763
795110409.253848
795110409.253848
795150941.96074
794846302.162071
794846302.162071
794846302.162071
794846302.162071
794846302.162071
794846302.162071
794906536.140507
794906536.140507
794906536.140507
795404304.509207
795404304.509207
795325310.693654
795325310.693654
795325310.693654
795325310.693654
795325310.693654
795325310.693654
795325310.693654
795130653.818615
795223285.557321
795223285.557321
795223285.557321
795223285.557321
795223285.557321
795223285.557321
795223285.557321
795223285.557321
795223285.557321
795223285.557321
795371249.861879
795371249.861879
795371249.861879
795371249.861879
795371249.861879
795308542.64628
795308542.64628
795308542.64628
795308542.64628
794882695.07981
795037545.788441
795279334.279321
795145746.253671
795162175.674552
795162175.674552
795162175.674552
795162175.674552
795162175.674552
795162175.674552
795162175.674552
795211459.902559
795211459.902559
795211459.902559
795211459.902559
795211459.902559
795211459.902559
795211459.902559
795211459.902559
795211459.902559
795211459.902559
795211459.902559
795211459.902559
795211459.902559
795211459.902559
795598665.808759
795598665.808759
795235583.641363
795131191.985471
795131191.985471
795391134.237223
795245921.722552
794702279.360961
794702279.360961
795574165.692529
795574165.692529
795574165.692529
795574165.692529
795574165.692529
795574165.692529
795574165.692529
795546148.29786
795546148.29786
795491339.737594
795491339.737594
795332051.33031
795332051.33031
795332051.33031
795332051.33031
795391165.764814
795122171.369041
795082201.416896
795095518.536695
795095518.536695
795095518.536695
795095518.536695
795095518.536695
795169029.907689
794849749.393435
794849749.393435
794849749.393435
795462839.615412
795462839.615412
795462839.615412
795440444.174822
795440444.174822
795440444.174822
795440444.174822
795464205.0834
795464205.0834
795268337.883186
795268337.883186
795268337.883186
795268337.883186
795268337.883186
795287247.177653
795287247.177653
795287247.177653
795403377.03899
794704391.778386
794704391.778386
794704391.778386
794704391.778386
794704391.778386
795090372.820978
794969294.474315
794969294.474315
795042730.930421
795042730.930421
794900394.444357
794728692.402887
795384944.400268
795344385.600211
795344385.600211
795529914.326392
795529914.326392
795431223.956774
795502266.638366
795502266.638366
795033869.256453
795033869.256453
795033869.256453
795033869.256453
795033869.256453
794963087.994927
794963087.994927
795127583.237842
795127583.237842
795127583.237842
794894166.929659
794894166.929659
795086204.936856
795503792.865987
795503792.865987
795503792.865987
795331895.822718
795331895.822718
795140953.006739
795140953.006739
795140953.006739
795140953.006739
795140953.006739
795140953.006739
795140953.006739
795222100.864728
795222100.864728
795222100.864728
795222100.864728
795222100.864728
795222100.864728
795275047.665364
794911944.392992
794926196.656629
795013575.054373
795013575.054373
795013575.054373
795013575.054373
795250510.855581
795172530.79709
795172530.79709
795464604.457273
795652764.374128
795652764.374128
795644509.614049
795644509.614049
795455769.54192
795455769.54192
795455769.54192
795455769.54192
795455769.54192
795455769.54192
795455769.54192
795024135.133805
795024135.133805
795098048.978318
795098048.978318
795294055.012588
795294055.012588
795294055.012588
795331727.910891
795210985.039433
795210985.039433
795210985.039433
795327303.303362
795441080.376727
795441080.376727
795441080.376727
795565152.550275
795565152.550275
795565152.550275
795565152.550275
795404820.992307
795810034.466799
795810034.466799
795199594.979126
795310599.419925
795310599.419925
795309170.548415
795309170.548415
795309170.548415
795309170.548415
795309170.548415
795897926.942276
795897926.942276
795897926.942276
794452742.521719
794452742.521719
794606759.449785
794712688.424768
794634334.617175
795329591.076225
795329591.076225
795329591.076225
795329591.076225
795329591.076225
795329591.076225
795329591.076225
795329591.076225
795329591.076225
795329591.076225
795546793.207489
795292178.509314
795027537.632243
795027537.632243
795027537.632243
795027537.632243
795027537.632243
795439207.431748
795439207.431748
795600795.87366
795466944.530623
795973916.355029
795973916.355029
794602406.728276
795397429.911997
795397429.911997
794735920.08332
795391595.368074
795391595.368074
795391595.368074
795498211.809557
795498211.809557
794941916.26531
795008988.371926
795008988.371926
795008988.371926
795008988.371926
795008988.371926
795343469.435997
795572456.147509
795572456.147509
795260818.080237
795195724.745184
795575854.674565
795575854.674565
795584048.771023
795342719.014159
795342719.014159
795342719.014159
795342719.014159
795342719.014159
795296595.75034
795296595.75034
795453269.176461
795453269.176461
795453269.176461
795709630.471502
795709630.471502
795709630.471502
795709630.471502
795709630.471502
796117815.454219
796117815.454219
796117815.454219
796117815.454219
795809193.100876
795626376.737995
795626376.737995
795871585.859318
795280482.415535
795280482.415535
795280482.415535
795280482.415535
795280482.415535
795280482.415535
795234423.83512
795000248.142836
795000248.142836
795441088.223543
795076528.941177
795213814.426292
795213814.426292
795213814.426292
795213814.426292
795174810.074074
795174810.074074
795297692.400186
795297692.400186
795297692.400186
795083240.664872
795114367.464306
795114367.464306
795114367.464306
795114367.464306
795114367.464306
795114367.464306
795239408.408146
795239408.408146
795239408.408146
795239408.408146
795229800.065644
795229800.065644
795229800.065644
795229800.065644
795134799.259031
795134799.259031
795134799.259031
795109199.175409
795109199.175409
795280681.606541
795280681.606541
795280681.606541
795280681.606541
795586182.181991
795440722.409838
795211951.890208
795162562.365391
795162562.365391
795053299.537763
795053299.537763
795053299.537763
795053299.537763
795053299.537763
795053299.537763
795053299.537763
795053299.537763
794883396.70001
794924427.020435
794924427.020435
794924427.020435
794988222.765388
795171523.001102
795060832.966984
795509491.283707
795267338.723398
794823736.878636
794514031.734267
794514031.734267
794319463.295442
794319463.295442
794319463.295442
795444820.152442
795481555.746021
795481555.746021
795481555.746021
795481555.746021
795481555.746021
795481555.746021
795481555.746021
795153303.719262
795153303.719262
795153303.719262
795153303.719262
795391875.149612
794794054.316388
794794054.316388
794794054.316388
795410169.761077
795276558.321762
795276558.321762
795276558.321762
795276558.321762
795276558.321762
795177551.789701
795177551.789701
795177551.789701
795177551.789701
795177551.789701
795177551.789701
795177551.789701
795272836.430328
795272836.430328
794738267.092038
794738267.092038
794738267.092038
794738267.092038
794738267.092038
794738267.092038
794743445.10881
795497959.693965
794851730.82346
794851730.82346
794851730.82346
794851730.82346
794125943.393944
794125943.393944
794125943.393944
794522887.892355
794522887.892355
794522887.892355
794522887.892355
794522887.892355
794522887.892355
794522887.892355
794848176.896741
795198535.498082
795198535.498082
795198535.498082
795198535.498082
795198535.498082
795198535.498082
795198535.498082
795198535.498082
795198535.498082
795198535.498082
795025087.42547
795025087.42547
795096435.869273
794833414.551531
795102124.194472
795102124.194472
795102124.194472
795102124.194472
795225496.2383
795422043.966764
795422043.966764
795268742.069039
795268742.069039
795268742.069039
795268742.069039
795268742.069039
795268742.069039
795268742.069039
795346913.384154
795346913.384154
795346913.384154
795346913.384154
795346913.384154
795346913.384154
795346913.384154
795346913.384154
795063421.679138
795063421.679138
795063421.679138
795063421.679138
795481034.721284
795481034.721284
795181475.144175
795181475.144175
795181475.144175
795181475.144175
795567655.492051
795170222.348949
795170222.348949
795170222.348949
794812407.551413
794812407.551413
794812407.551413
794812407.551413
794812407.551413
795120299.96059
795070641.766313
795070641.766313
795070641.766313
795393264.318142
794921376.87192
794963731.153715
794963731.153715
794963731.153715
795051668.590658
795051668.590658
795051668.590658
795051668.590658
795051668.590658
795051668.590658
795051668.590658
795051668.590658
795051668.590658
795403492.291506
795403492.291506
795403492.291506
795710310.550612
795880453.46911
795800477.870393
795975807.924968
795691218.703686
795450140.739447
795790014.104255
795790014.104255
795790014.104255
795480925.877576
795480925.877576
795589890.356244
795589890.356244
795589890.356244
795589890.356244
795698694.72003
795698694.72003
795339234.73303
795339234.73303
795663511.503207
795268525.68405
795268525.68405
795268525.68405
795268525.68405
795268525.68405
795082832.540578
795082832.540578
795082832.540578
795449640.790131
795449640.790131
795449640.790131
795449640.790131
795449640.790131
795469242.240094
795469242.240094
795305703.25881
795428301.133617
795030901.816801
795030901.816801
795030901.816801
795030901.816801
795030901.816801
795030901.816801
795030901.816801
794830348.935159
794830348.935159
794830348.935159
794830348.935159
794830348.935159
794830348.935159
794830348.935159
794830348.935159
794830348.935159
794830348.935159
795071678.314216
795071678.314216
795196427.837809
795196427.837809
795196427.837809
795053079.846198
795053079.846198
795053079.846198
795172266.472963
795172648.072053
795172648.072053
795601373.695411
795601373.695411
795601373.695411
794898325.028285
794898325.028285
794898325.028285
794898325.028285
795261372.558142
795332255.273709
795441904.125941
795514143.576662
795514143.576662
795514143.576662
795514143.576662
794874474.408295
794944191.180554
794944191.180554
794944191.180554
794619488.859273
794619488.859273
794619488.859273
794714747.548211
794695593.004269
794695593.004269
795566922.635795
795662568.477398
795662568.477398
795662568.477398
795662568.477398
795662568.477398
795582379.197189
795582379.197189
795582379.197189
795013039.567209
795013039.567209
795013039.567209
795013039.567209
795013039.567209
795013039.567209
794906561.502023
794906561.502023
794906561.502023
794906561.502023
794906561.502023
794906561.502023
794584373.116476
794584373.116476
794981375.960878
794910038.215741
794910038.215741
794910038.215741
795350319.839371
794844414.302318
794844414.302318
795070219.453679
795070219.453679
795011967.654529
795011967.654529
795011967.654529
795003280.022695
794977380.393698
794907866.241444
795137000.858144
794993669.356774
794993669.356774
795021358.450052
795021358.450052
795099823.960797
795215147.645094
794992358.057277
795050544.220636
794909139.225963
794909139.225963
794909139.225963
794876604.123824
794876604.123824
794876604.123824
795143747.480343
795143747.480343
795248618.760386
794685767.881646
794685767.881646
795458660.612499
795069799.432647
795069799.432647
795069799.432647
795069799.432647
795069799.432647
795069799.432647
795069799.432647
795538254.690728
795538254.690728
795099950.640799
795099950.640799
795099950.640799
795099950.640799
795099950.640799
795099950.640799
795404152.214117
795404152.214117
795404152.214117
795404152.214117
795204889.367385
795204889.367385
794885163.385042
794885163.385042
794885163.385042
794885163.385042
794885163.385042
794899159.666948
794899159.666948
795244220.383358
795244220.383358
795244220.383358
795244220.383358
795244220.383358
794756538.253837
794756538.253837
794776835.086983
794966084.925721
794966084.925721
794966084.925721
794966084.925721
795314299.219561
795314299.219561
795512073.510827
795512073.510827
795636657.721687
795021617.769765
794868830.515927
794868830.515927
794868830.515927
794868830.515927
794868830.515927
794868830.515927
794868830.515927
794868830.515927
794868830.515927
795100279.790554
795100279.790554
795272967.785073
795272967.785073
795027698.759894
794966194.505827
795072873.232129
795072873.232129
795072873.232129
795072873.232129
795072873.232129
795072873.232129
795072873.232129
794897317.328776
794897317.328776
794897317.328776
794897317.328776
794897317.328776
795676548.77595
795676548.77595
795574681.319606
795574681.319606
795574681.319606
795574681.319606
795243455.320587
795243455.320587
795243455.320587
795243455.320587
795243455.320587
795243455.320587
795243455.320587
795243455.320587
795243455.320587
795243455.320587
795635712.869259
795635712.869259
795635712.869259
795151253.019093
795151253.019093
795151253.019093
794952065.404593
795292152.437435
794956024.664841
794956024.664841
794956024.664841
794956024.664841
794956024.664841
795128790.821684
795128790.821684
795128790.821684
795128790.821684
795128790.821684
795378295.329182
795378295.329182
795378295.329182
795444194.967004
795444194.967004
795444194.967004
795264015.154494
795264015.154494
795264015.154494
795264015.154494
795378261.739268
795208193.637326
795208193.637326
795147907.840583
795027294.269901
794979212.943355
794979212.943355
794979212.943355
794979212.943355
795407890.602691
795407890.602691
795602271.925172
795602271.925172
795214875.821543
795317369.297478
795317369.297478
795259837.967528
795259837.967528
795086269.654943
795086269.654943
795086269.654943
795086269.654943
795086269.654943
795086269.654943
795516784.029762
795516784.029762
795622305.062917
795622305.062917
795363376.867581
795363376.867581
795363376.867581
795363376.867581
795363376.867581
795363376.867581
795433542.566087
795433542.566087
795369380.888025
794682839.761113
794682839.761113
794900816.407671
795044768.243688
795044768.243688
795044768.243688
794906074.371318
794906074.371318
794906074.371318
795588057.050843
795588057.050843
795588057.050843
796299796.197047
795205985.16074
795205985.16074
795205985.16074
795202416.717437
795202416.717437
795202416.717437
795202416.717437
795202416.717437
795037390.267612
795037390.267612
795037390.267612
795013163.4966
795013163.4966
794968890.217383
794968890.217383
794968890.217383
794968890.217383
795217699.404299
795217699.404299
794907805.962569
794907805.962569
794907805.962569
794812755.609876
794903952.436662
795111872.129274
795111872.129274
795025503.622043
795025503.622043
795025503.622043
795025503.622043
795025503.622043
795185306.452946
795185306.452946
794915436.793407
794915436.793407
794628477.750583
795079448.054738
795079448.054738
795079448.054738
794922466.552106
794948971.607149
795036165.855845
795036165.855845
795087762.272304
795087762.272304
794995022.689651
794995022.689651
795286419.5452
795286419.5452
795304345.958506
795375613.657922
795375613.657922
795375613.657922
795489380.406452
795489380.406452
795489380.406452
795256361.201702
795170640.075672
795238039.169727
795238039.169727
795290060.395234
795290060.395234
795290060.395234
795171318.059892
795073835.732297
794830241.230343
795066928.918239
795066928.918239
795066928.918239
795066928.918239
795186113.37549
795186113.37549
795186113.37549
795186113.37549
795186113.37549
795186113.37549
795186113.37549
795186113.37549
795186113.37549
795255128.947184
795190583.137691
795190583.137691
794940696.826428
795074142.730847
795552427.693208
795171404.134248
795171404.134248
795171404.134248
795170417.575231
795170417.575231
795170417.575231
795170417.575231
795170417.575231
795170417.575231
795170417.575231
795170417.575231
795170417.575231
795291798.056705
795291798.056705
795291798.056705
795291798.056705
795291798.056705
795039000.520991
795039000.520991
795102446.465071
795102446.465071
795165789.62006
795041202.666149
795041202.666149
795041202.666149
795041202.666149
795041202.666149
795116342.255014
795116342.255014
795116342.255014
795152759.958423
795152759.958423
795152759.958423
795152759.958423
795152759.958423
795006241.991755
795006241.991755
795006241.991755
795006241.991755
795394220.390676
795502021.957086
795502021.957086
795406059.32572
795518881.320832
795518881.320832
795536365.891614
795536365.891614
795036842.236703
795325108.585349
795325108.585349
795294622.744169
795294622.744169
795135487.639138
795344378.162955
795344378.162955
795076120.259729
795054112.933049
795074103.207379
795074103.207379
795074103.207379
795074103.207379
795074103.207379
795028133.55661
795028133.55661
795028133.55661
794895106.130085
794895106.130085
794895106.130085
795247349.968677
795247349.968677
795247349.968677
795247349.968677
795247349.968677
794905955.578438
794905955.578438
795570865.882477
795570865.882477
795513679.109724
795107565.191882
795107565.191882
795290678.358932
795290678.358932
795290678.358932
795290678.358932
795290678.358932
795290678.358932
795290678.358932
795290678.358932
795290678.358932
795090323.739952
795135813.184065
795135813.184065
795338911.113709
795119121.93774
795119121.93774
795032520.082799
795032520.082799
795032520.082799
795118050.905866
795056211.895258
795056211.895258
794821449.384993
795074586.337949
795074586.337949
795074586.337949
795095414.282306
795095414.282306
795095414.282306
795095414.282306
795086820.477496
795086820.477496
794898555.041942
794898555.041942
795277003.667176
795277003.667176
795277003.667176
795322825.484343
795322825.484343
795322825.484343
795578349.748452
795578349.748452
795578349.748452
795578349.748452
795264213.622686
795264213.622686
795264213.622686
795264213.622686
794996647.503906
795132443.994721
795153157.40941
794798996.817649
794798996.817649
794942563.721945
795343579.784052
795343579.784052
795343579.784052
795343579.784052
795331695.998613
795331695.998613
795332098.652134
795530653.76549
795358269.973385
795358269.973385
795358269.973385
795358269.973385
795358269.973385
795530764.665747
795530764.665747
795530764.665747
795530764.665747
795541563.213587
795541563.213587
795502075.395006
795502075.395006
795282777.263247
795221958.380373
795455623.241341
794964206.436775
794964206.436775
795417113.98187
795417113.98187
795417113.98187
795417113.98187
795417113.98187
795417113.98187
795452558.21905
795531016.81331
795107455.889707
795473709.030982
795473709.030982
795473709.030982
795473709.030982
795233013.935089
795393581.993412
795393581.993412
795393581.993412
795393581.993412
795393581.993412
795393581.993412
795219646.684055
795219646.684055
795219646.684055
795219646.684055
795307775.182459
795307775.182459
795307775.182459
795307775.182459
795038058.773756
795004372.97787
795004372.97787
795004372.97787
795004372.97787
795004372.97787
795004372.97787
794739459.262118
794468227.016776
794468227.016776
794468227.016776
795266018.365735
795266018.365735
795110552.819051
795110552.819051
795110552.819051
795110552.819051
795110552.819051
795178128.228572
795178128.228572
795178128.228572
795178128.228572
795261418.234772
795261418.234772
795261418.234772
795261418.234772
795261418.234772
795572595.922306
795572595.922306
795323070.854459
795579588.715674
795579588.715674
795579588.715674
795579588.715674
795579588.715674
795579588.715674
795354309.083539
795354309.083539
795110268.423717
795110268.423717
795110268.423717
795144577.146507
795144577.146507
795145392.228097
795177191.01712
795177191.01712
795177191.01712
795177191.01712
795132623.74381
795444720.539962
795466690.971437
795598302.176545
795028272.25038
795028272.25038
795028272.25038
795028272.25038
795205598.245847
795229006.302633
795229006.302633
795229006.302633
795243363.597571
795091890.441687
795330176.654103
795330176.654103
795330176.654103
795200558.791995
795200558.791995
795200558.791995
795200558.791995
795200558.791995
795200558.791995
795200558.791995
795200558.791995
795547386.298282
794799214.154134
794799214.154134
794799214.154134
794915150.485157
794872725.795643
794872725.795643
794784651.144524
794784651.144524
794784651.144524
794784651.144524
794584998.83297
794584998.83297
794740903.675029
795180265.228869
795180265.228869
795044542.563841
794603307.975867
794603307.975867
794603307.975867
795010770.592597
794992201.021507
795003437.684578
795003437.684578
794908598.367119
794908598.367119
794883913.009221
794765549.774087
794959120.485602
794959120.485602
794959120.485602
795054602.485401
795635416.852655
795635416.852655
795635416.852655
795635416.852655
795635416.852655
795635416.852655
795635416.852655
795635416.852655
795635416.852655
795635416.852655
795635416.852655
795635416.852655
795635416.852655
795635416.852655
795635416.852655
795635416.852655
795065536.558344
795065536.558344
795065536.558344
795065536.558344
795344381.663504
795344381.663504
795344381.663504
795200559.987964
795200559.987964
795353825.508378
795353825.508378
795353825.508378
795638913.674045
795638913.674045
795314276.714104
795314276.714104
795314276.714104
795488718.975745
795488718.975745
795488718.975745
795488718.975745
795384032.412075
795384032.412075
795384032.412075
795403598.532977
795252561.791249
795252561.791249
795252561.791249
795252561.791249
795254812.445584
795254812.445584
795254812.445584
795254812.445584
795254812.445584
795821809.938762
795507620.805054
795414308.772459
795414308.772459
795414308.772459
795414308.772459
795460672.678944
795460672.678944
795164629.597018
795131833.000226
795271637.602814
795271637.602814
794434423.445621
794471534.341081
794471534.341081
794439439.019313
794439439.019313
794439439.019313
794439439.019313
794439439.019313
794415972.89622
794415972.89622
794415972.89622
794415972.89622
794415972.89622
794415972.89622
794415972.89622
794415972.89622
794758499.968031
794984929.09412
795137711.277367
794939846.611484
795036193.893786
795036193.893786
795036193.893786
795036193.893786
795036193.893786
795036193.893786
795036193.893786
795036193.893786
795036193.893786
795036193.893786
795036193.893786
794869013.512152
795242647.838001
795242647.838001
795242647.838001
795311638.988716
795311638.988716
794986815.512281
794860581.271656
794763964.538894
794763964.538894
794763964.538894
795547598.445255
795375507.470925
795375507.470925
795375507.470925
795375507.470925
795492680.829143
795971376.224478
795739506.868834
795291333.27732
795291333.27732
795294409.089888
795294409.089888
795294409.089888
795294409.089888
795294409.089888
795422156.904812
795422156.904812
795422156.904812
795270568.853056
795270568.853056
795270568.853056
795270568.853056
795270568.853056
795270568.853056
795270568.853056
795553081.165487
795553081.165487
795553081.165487
795553081.165487
795393790.031403
795393790.031403
795324863.61913
795324863.61913
795324863.61913
795324863.61913
795324863.61913
795324863.61913
795324863.61913
795324863.61913
795324863.61913
795324863.61913
795324863.61913
795324863.61913
795318763.767304
795318763.767304
795279211.168259
795279211.168259
795167720.730931
795149806.034087
794959755.328607
794959755.328607
794959755.328607
794702826.899979
794702826.899979
794702826.899979
794702826.899979
794822919.039667
794822919.039667
795216001.101992
794897749.56765
794897749.56765
795231823.249091
795231823.249091
795231823.249091
795231823.249091
795231823.249091
795231762.668046
795134611.115777
795503694.75685
795503694.75685
795503694.75685
795503694.75685
795503694.75685
794636247.180175
794636247.180175
794636247.180175
794466224.401069
794466224.401069
794848054.76104
794848054.76104
795121635.28885
795121635.28885
794983629.468665
794983629.468665
795160852.487023
795160852.487023
795086018.629581
795065536.978177
795437743.771154
795437743.771154
794919727.539342
795408713.580273
795408713.580273
795408713.580273
795408713.580273
795408713.580273
795408713.580273
795177263.437824
795177263.437824
795403090.000975
795403090.000975
795403090.000975
795403090.000975
795403090.000975
795406504.209685
795406504.209685
795439065.321032
795495954.265476
795495954.265476
795495954.265476
795095020.269313
795095020.269313
795095020.269313
794954819.2578
795518642.149756
795518642.149756
795518642.149756
795518642.149756
795518642.149756
794706939.401955
794706939.401955
794706939.401955
794837134.355638
794837134.355638
794731550.109357
794731550.109357
794731550.109357
794731550.109357
794731550.109357
794731550.109357
795058746.022827
795058746.022827
795102336.917422
795222260.897255
795222260.897255
795222260.897255
795222260.897255
795187826.623808
795088050.306139
795372531.731806
795492952.157219
794919820.875322
794971806.116587
794971806.116587
795508050.841127
795508050.841127
795508050.841127
795468333.890171
795468333.890171
795340626.482037
795340626.482037
795340626.482037
795352789.565168
795352789.565168
795580474.400603
795535487.454484
795535487.454484
795535487.454484
795535487.454484
795535487.454484
795535487.454484
795535487.454484
795359465.607078
795463159.114956
795463159.114956
795463159.114956
795236355.868815
795182590.806923
795034887.454397
794954667.902332
794954667.902332
794954667.902332
794954667.902332
794954667.902332
794954667.902332
794954667.902332
794954667.902332
794954667.902332
794954667.902332
795445568.056841
795517620.145398
795517620.145398
795445994.757255
795335871.764354
795851425.883088
795851425.883088
795851425.883088
795903172.027916
795904532.379804
795904532.379804
795904532.379804
795904532.379804
794925402.090679
794925402.090679
794925402.090679
794925402.090679
794925402.090679
794925402.090679
795171378.415306
795008142.979022
794995811.73016
795279458.038896
795279458.038896
795443575.83178
795443575.83178
795506450.027421
795127453.210353
795035163.030729
795035163.030729
795035163.030729
795035163.030729
795035163.030729
795035163.030729
795035163.030729
795035163.030729
795035163.030729
794900013.235139
794916014.437429
794303000.146283
794545574.603252
795168434.988833
794798070.361807
794798070.361807
794798070.361807
794798070.361807
794798070.361807
795183573.053351
795183573.053351
795183573.053351
795183573.053351
795183573.053351
795183573.053351
795183573.053351
795183573.053351
795183573.053351
795183573.053351
795157446.524616
795215977.518996
795215977.518996
795215977.518996
795215977.518996
795215977.518996
795478105.516084
795711694.260013
795541882.311936
795541882.311936
795541882.311936
795541882.311936
795058919.514246
794830872.918927
795045741.558099
794697589.837493
794697589.837493
795284968.414039
795099804.246985
795099804.246985
795061600.945678
795061600.945678
795061600.945678
795512798.797593
795512798.797593
795297920.607656
795297920.607656
795297920.607656
795297920.607656
795297920.607656
795277030.708807
795004945.82014
795004945.82014
795004945.82014
795004945.82014
795344110.963789
795344110.963789
795083845.969629
795083845.969629
795083845.969629
795083845.969629
795083845.969629
795146573.427682
795200761.062344
795200761.062344
795200761.062344
795200761.062344
795200761.062344
795200761.062344
795200761.062344
795200761.062344
794959947.276209
794959947.276209
794837227.051128
794837227.051128
794837227.051128
794837227.051128
795007704.068272
795008240.533361
795008240.533361
795008240.533361
795452580.442777
795452580.442777
795155345.056831
794989203.411254
794989203.411254
794989203.411254
794621675.194041
794621675.194041
794669601.80071
794669601.80071
794971708.282781
794957589.015828
794957589.015828
794957589.015828
794957589.015828
794957589.015828
794959444.618094
794775470.484092
794775470.484092
795191731.310778
795191731.310778
795207736.568094
795207736.568094
795207736.568094
795207736.568094
795424666.703845
795424666.703845
795424666.703845
795517197.176165
795517197.176165
795151592.283375
795151592.283375
795151592.283375
794860096.048815
794860096.048815
795412252.025475
795412252.025475
795412252.025475
795412252.025475
795202323.383124
795202323.383124
795448591.380118
795428211.734714
795428211.734714
795428211.734714
795428211.734714
795428211.734714
795428211.734714
795428211.734714
795428211.734714
795452130.348074
794597508.539642
794698035.241652
794698035.241652
794698035.241652
794698035.241652
794950834.88468
795082503.956379
795082503.956379
795082503.956379
794846659.160282
794846659.160282
794879195.210722
794879195.210722
794879195.210722
794929281.34997
794929281.34997
794929281.34997
795137740.229743
795137740.229743
795137740.229743
795137740.229743
795137740.229743
795137740.229743
795137740.229743
795137740.229743
795137740.229743
794983320.631985
794983320.631985
794983320.631985
794983320.631985
794983320.631985
794983320.631985
795572125.390967
795572125.390967
795572125.390967
795713246.3793
795713246.3793
795241044.826908
795241044.826908
795241044.826908
795146327.093818
795146327.093818
794797176.275063
794797176.275063
795190666.303186
794967632.316578
794967632.316578
794614827.557956
794676654.513351
794924178.333284
795415876.609235
795293655.774576
795092855.696518
795069636.339214
795069636.339214
794788330.756165
794788330.756165
794788330.756165
794796152.056961
794796152.056961
794882003.426376
795042580.418104
795042580.418104
795042580.418104
795042580.418104
795042580.418104
795042580.418104
795042580.418104
795259696.657048
795514666.229474
795176604.750073
795176604.750073
795176604.750073
795176604.750073
795248832.030463
795451203.582333
795451203.582333
795451203.582333
795544745.54924
795544745.54924
795544745.54924
795651266.014142
795651158.797437
795651158.797437
795021560.21167
794558441.597989
794558441.597989
794634458.518066
794988172.726988
795355222.001951
795464148.572192
795449121.521647
795449121.521647
795449121.521647
795449121.521647
795449121.521647
795449121.521647
795485500.239602
795485500.239602
795485500.239602
795485500.239602
795485500.239602
795148648.764667
794939539.852817
794939539.852817
794939539.852817
794939539.852817
794939539.852817
794939539.852817
794939539.852817
794939539.852817
794939539.852817
794939539.852817
794939539.852817
794939539.852817
795332140.303561
795332140.303561
795332140.303561
795332140.303561
795481997.478135
795481997.478135
795174847.63687
795174847.63687
795045210.220939
795045210.220939
795354047.168718
795435720.345962
795435720.345962
795381705.602042
795381705.602042
795381705.602042
795501266.685029
794964333.624804
795367373.58978
795226099.800061
795550539.545661
795236622.748839
795236622.748839
795251822.729627
795103880.073142
795103880.073142
795103880.073142
795103880.073142
795598752.623337
795056073.662349
795131613.821903
795131613.821903
795128162.084416
794989375.276207
795215080.691296
795215080.691296
795215080.691296
795215080.691296
795234970.942993
795145482.179542
795441580.889145
794593331.554312
794825410.925974
794825410.925974
794825410.925974
794825410.925974
794825410.925974
794825410.925974
794825410.925974
794825410.925974
794825410.925974
794825410.925974
794824373.200388
794824373.200388
794824373.200388
794824373.200388
794824373.200388
794824373.200388
794824373.200388
795040794.803617
795149066.133765
795006124.418283
795006124.418283
795210799.120312
795421249.31562
795421249.31562
795421249.31562
795421249.31562
795156400.665336
795115985.147671
795115985.147671
795084344.363754
795084344.363754
795084344.363754
795084344.363754
795084344.363754
795084344.363754
794853626.797806
794853626.797806
794928721.2772
794984984.041855
794984984.041855
794984984.041855
794984984.041855
794984984.041855
794794867.318732
794794867.318732
795240747.004006
795456721.715344
795456721.715344
795467208.489729
795467208.489729
795291287.846939
795291287.846939
795291287.846939
795291287.846939
795291287.846939
795291287.846939
795214532.694273
795214532.694273
795214532.694273
795214532.694273
795349464.561823
795349464.561823
795349464.561823
795349464.561823
795010579.966007
795010579.966007
795010579.966007
795010579.966007
795010579.966007
795010579.966007
795114318.110467
795114318.110467
794900390.191912
794900390.191912
795324262.252847
794972185.620882
795039506.33418
795039506.33418
795039506.33418
795029773.782534
795608878.848728
795749503.005593
795749503.005593
795474244.942358
795412517.788424
795412517.788424
794933561.091022
794933561.091022
795409402.577062
795409402.577062
795409402.577062
795409402.577062
795350035.208999
795350035.208999
795350035.208999
795831593.532403
795275419.257454
795275419.257454
795223173.309646
795223173.309646
795223173.309646
795223173.309646
795195364.574189
795195364.574189
795195364.574189
795195364.574189
795195364.574189
795195364.574189
795265003.24517
795330840.102669
795359652.594416
795359652.594416
794913475.637211
795133997.526493
795024978.97954
795024978.97954
795024978.97954
795024978.97954
795024978.97954
795169719.60628
794744018.545349
794744018.545349
794744018.545349
794744018.545349
794744018.545349
795118376.373663
795207902.609238
795207902.609238
795207902.609238
795207902.609238
795207902.609238
795207902.609238
795207902.609238
795207902.609238
795207902.609238
794727668.119701
794727668.119701
794727668.119701
794727668.119701
794727668.119701
794727668.119701
794727668.119701
794727668.119701
794727668.119701
794727668.119701
794727668.119701
795616839.350016
794815503.846633
794815503.846633
794815503.846633
795178224.126771
795120451.818081
795120451.818081
795120451.818081
795120451.818081
795120451.818081
795120451.818081
795320788.639648
795320788.639648
795320788.639648
795320788.639648
795096151.000687
795096151.000687
795291106.016927
795291106.016927
795291106.016927
795379331.885507
795029996.912655
795029996.912655
795029996.912655
795029996.912655
795193798.313774
795726103.393689
795726103.393689
795726103.393689
795265217.557683
795265217.557683
794895945.485621
794967447.788109
795210362.88115
795210362.88115
795210362.88115
795035584.423651
795035584.423651
795035584.423651
795197096.501937
795197096.501937
795170938.316349
795170938.316349
795116051.121795
795116051.121795
795116051.121795
795116051.121795
795116051.121795
795116051.121795
795116051.121795
795116051.121795
795233994.212015
795233994.212015
795233994.212015
795233994.212015
794779778.37695
794878065.795719
794748924.172389
794748924.172389
794713771.839723
795092527.447586
795092527.447586
795092527.447586
795092527.447586
795350150.051431
795350150.051431
795350150.051431
795416420.568087
795416420.568087
795416420.568087
794937597.60976
794937597.60976
794937597.60976
795004828.654138
794817328.82176
794817328.82176
794213841.584551
794579458.869713
794751177.732709
795145568.212033
795145568.212033
795205458.602506
795389622.08747
795389622.08747
795222431.635044
795222431.635044
795163099.954251
795460643.275962
795197834.139605
794930586.221653
795090374.560576
795090374.560576
795166358.758658
795166358.758658
795166358.758658
795166358.758658
795166358.758658
795306793.986291
794805165.860653
795348690.59007
795348690.59007
795348690.59007
795348690.59007
795362877.337589
795584498.546558
795586971.134081
795514682.462796
795514682.462796
794867153.473859
794867153.473859
794867153.473859
794867153.473859
794968118.763815
794968118.763815
795042475.046695
795042475.046695
795233158.751366
795233158.751366
795233158.751366
795584139.900911
795391834.163871
794910109.878486
794910109.878486
794910109.878486
795251022.076239
795251022.076239
795251022.076239
795251022.076239
795251022.076239
795309868.530926
795309868.530926
795681556.535609
795681556.535609
795681556.535609
795681556.535609
795229264.207545
795229264.207545
795229264.207545
795229264.207545
795229264.207545
795229264.207545
795229264.207545
795229264.207545
795229264.207545
795229264.207545
795229264.207545
795229264.207545
795229264.207545
795229264.207545
795229264.207545
794737307.948877
794591601.069686
794591601.069686
795735687.086143
795009141.658981
795141783.448561
795491541.99816
795491541.99816
795491541.99816
795491541.99816
795491541.99816
795491541.99816
795491541.99816
795390007.912437
795390007.912437
795155663.470319
795155663.470319
795155663.470319
795155663.470319
795155663.470319
795155663.470319
795155663.470319
795152693.481851
795152693.481851
795372982.307735
795152849.085145
795152849.085145
795152849.085145
795152849.085145
795541452.521162
795442129.257252
795442129.257252
795442129.257252
795419586.598819
795473876.775798
795285955.744248
795285955.744248
794983913.217428
795273894.829442
795273894.829442
795273894.829442
795273894.829442
795273894.829442
795273894.829442
795273894.829442
795273894.829442
795273894.829442
795273894.829442
795273894.829442
795202761.064772
795202761.064772
794959828.929903
794959828.929903
795024435.923134
795024435.923134
795024435.923134
795068604.509943
795251660.894832
794782518.863057
794921248.117648
794732478.734742
794871964.495032
795633074.370738
795633074.370738
795633074.370738
795633074.370738
795633074.370738
795669526.551772
795837903.369512
795837903.369512
795548817.6516
795548817.6516
795548817.6516
795539908.623434
795793808.58615
795793808.58615
795769134.501346
795131091.822731
794932002.640554
795316001.909821
795242636.568369
795242636.568369
795242636.568369
794912731.643858
794912731.643858
795173831.349312
795173831.349312
795173831.349312
795173831.349312
795395599.395015
795395599.395015
795395599.395015
795395599.395015
795164176.55567
795164176.55567
795408798.000125
795408798.000125
795408798.000125
795348892.487602
795348892.487602
795348892.487602
795348892.487602
795348892.487602
795420564.015095
795420564.015095
795420564.015095
795420564.015095
795255569.096073
795255569.096073
795079929.590967
795079929.590967
795357088.671424
795357088.671424
795419663.785923
795419663.785923
795419663.785923
795404300.979104
795073889.71875
795420774.545853
795371079.90517
795344723.786412
795344723.786412
794708520.183022
794708520.183022
794623058.934966
794698458.611934
794957793.086501
794957793.086501
794957793.086501
794957793.086501
794704594.492211
794704594.492211
795203614.628803
795203614.628803
795203614.628803
795288149.491251
795618226.030759
795618226.030759
795460708.650481
795442208.165137
795442208.165137
795442208.165137
795442208.165137
795442208.165137
795442208.165137
795512356.814247
795512356.814247
795227288.985149
795227288.985149
795303876.201541
795303876.201541
794912319.540375
794830056.028816
794830056.028816
794809284.578595
795173352.902668
795402431.126143
795402431.126143
795402431.126143
795402431.126143
795604683.409784
794958827.585202
794958827.585202
794958827.585202
794958827.585202
794958827.585202
794958827.585202
794958827.585202
794958827.585202
794958827.585202
794958827.585202
795053257.722865
795053257.722865
795053257.722865
795053257.722865
795053257.722865
795053257.722865
795053257.722865
795053257.722865
795053257.722865
795053257.722865
795053257.722865
795726711.443417
795919056.683001
795919056.683001
795919056.683001
795919056.683001
795737181.966102
795495910.101258
795495910.101258
795412695.016511
795412695.016511
795060729.947794
795060729.947794
795060729.947794
795060729.947794
795060729.947794
795060729.947794
795060729.947794
795060729.947794
795060729.947794
795060729.947794
795188981.789683
795188981.789683
795128063.217268
795223427.145991
795223427.145991
795223427.145991
795223427.145991
795223427.145991
795223427.145991
795223427.145991
795292464.832444
795365114.376884
795365114.376884
795365114.376884
795365114.376884
795365114.376884
795365114.376884
795181955.140149
795181955.140149
795181955.140149
795181955.140149
795316663.656572
795863459.784862
795863459.784862
795877342.9345
795817332.337742
795817332.337742
795777973.99906
795777973.99906
795777973.99906
795491653.191265
795491653.191265
795397957.286468
794777846.853397
795445440.182784
795445440.182784
795445440.182784
795445440.182784
795445440.182784
795132831.975641
795132831.975641
795132831.975641
795132831.975641
795132831.975641
794899704.522905
795063213.689488
795063213.689488
795063213.689488
795063213.689488
795063213.689488
795063213.689488
795063213.689488
795063213.689488
794630488.076125
795014148.25602
795014148.25602
795078506.939406
795078506.939406
795078506.939406
795078506.939406
795078506.939406
795078506.939406
795010978.452551
795361872.580574
795361872.580574
795361872.580574
795361872.580574
795051089.261659
795051089.261659
795161992.324179
795292349.066895
795292349.066895
795292349.066895
795292349.066895
795292349.066895
795188532.436698
795325896.206078
795456029.479202
794873330.017377
794873330.017377
795097565.919293
795097565.919293
795097565.919293
795097565.919293
795097565.919293
795097565.919293
795803910.029966
795803910.029966
795037324.006426
795130181.109481
795130181.109481
795162652.782394
795162652.782394
795162652.782394
795162652.782394
795162652.782394
795162652.782394
795336677.09886
795336677.09886
795336677.09886
795336677.09886
795336677.09886
795336677.09886
795336677.09886
795336677.09886
795304960.476985
794963965.982852
794963965.982852
794879886.925011
794879886.925011
794879886.925011
794879886.925011
794879886.925011
794769850.22825
794429806.409695
794429806.409695
794429806.409695
795348107.07583
795273588.059238
794705153.802732
794705153.802732
795196725.298202
795134759.355789
795134759.355789
795134759.355789
795134759.355789
795134759.355789
795134759.355789
795691942.775535
795486514.786046
795486514.786046
795486514.786046
795486514.786046
795291617.693254
795123295.837098
795123295.837098
795176149.889269
795176149.889269
795176149.889269
795563766.985502
795563766.985502
795563766.985502
795563766.985502
795112831.603944
795216979.158292
795216979.158292
795216979.158292
795216979.158292
795216979.158292
795216979.158292
795353502.090691
795353502.090691
795167557.955261
795411469.06342
795411469.06342
795411469.06342
795411469.06342
795411469.06342
795183668.205438
795095620.657224
794772016.619823
794772016.619823
794772016.619823
795219626.283739
795219626.283739
795219626.283739
795219626.283739
795219626.283739
795446958.977528
795438386.780547
795438386.780547
795438386.780547
795438386.780547
795438386.780547
795438386.780547
795310588.836912
795430536.784693
795547642.75443
795495896.220497
795495896.220497
795495896.220497
795495896.220497
795495896.220497
795495896.220497
795495896.220497
795495896.220497
795363400.946307
795104690.987993
794844745.62997
794844745.62997
794844745.62997
794844745.62997
794844745.62997
794698380.102838
794698380.102838
795360657.922883
795360657.922883
795360657.922883
795360657.922883
795215631.129741
794960558.064508
794960558.064508
794960558.064508
794960558.064508
794716555.35397
794716555.35397
794567138.167675
794567138.167675
794567138.167675
794646515.456893
795063161.924951
795063161.924951
795063161.924951
795082421.78893
795605869.094726
795236464.608977
795148318.032441
795148318.032441
795148318.032441
795148318.032441
795132809.55833
795258678.492457
795419185.831717
795419185.831717
795419185.831717
795484044.467931
795484044.467931
795305119.626174
795364618.220241
795595389.139773
795460437.949665
795460437.949665
795460437.949665
795460437.949665
795318320.920035
795318320.920035
795318320.920035
794865243.242362
794865243.242362
794940013.677656
794940013.677656
794940013.677656
794988085.768207
795229258.62647
795229258.62647
795229258.62647
795330181.074044
795330181.074044
795330181.074044
795148158.236895
795148158.236895
795148158.236895
795148158.236895
795148158.236895
795148158.236895
795148158.236895
795146023.516761
795201451.017109
795201451.017109
795201451.017109
795596489.845032
795596489.845032
795596489.845032
795159388.589012
795224247.003509
795101367.666793
795101367.666793
795183387.684996
795183387.684996
795495856.964486
794876409.293456
795267525.924243
795267525.924243
795267525.924243
795267525.924243
795179923.964826
795710536.686189
795710536.686189
795710536.686189
795710536.686189
795710536.686189
795710536.686189
795710536.686189
795743744.54115
795368715.967719
795368715.967719
795368715.967719
795487213.242938
795276003.861313
795276003.861313
795276003.861313
795276003.861313
795296065.494705
795366214.796544
795366214.796544
795366214.796544
795596154.199894
795126761.784498
795126761.784498
795099773.566297
795099773.566297
794864767.724744
795246231.435407
795246231.435407
795246231.435407
795246231.435407
795318314.41828
794754832.073565
794754832.073565
794551246.840733
794998291.762572
794930365.077951
794930365.077951
794930365.077951
794785762.430427
794785762.430427
795165448.347381
795209792.167636
795369010.197427
795096267.280479
795096267.280479
795096267.280479
794968706.4764
794968706.4764
795117087.618584
795117087.618584
795117087.618584
795117087.618584
795152948.266789
795152948.266789
795152948.266789
795694199.801866
795694199.801866
795542787.063873
795616233.008776
795616233.008776
795616233.008776
795616233.008776
795616233.008776
795333295.841416
795509962.372121
795415971.968397
795371496.600847
795266833.899451
795539460.011336
795539460.011336
795539460.011336
795301145.166503
795598229.222818
795598229.222818
795598229.222818
795337606.685484
795337606.685484
795337606.685484
795337606.685484
795337606.685484
795337606.685484
795337606.685484
795337606.685484
795224842.166405
795189690.463558
795011457.50431
795691966.135707
795691966.135707
795665660.729922
795453874.019204
795328390.381464
794870621.624531
794870621.624531
795081802.357384
795081802.357384
795497909.726944
795605798.890051
795605798.890051
795605798.890051
795661808.873236
795661808.873236
795661808.873236
795220582.857489
795220582.857489
795220582.857489
795220582.857489
795192041.505409
795192041.505409
795192041.505409
794967242.665471
794906159.611676
794906159.611676
794906159.611676
795013298.109598
795214624.744901
794825626.451438
794825626.451438
795137763.475767
794959214.298687
795040466.654246
795327633.218593
795327633.218593
795327633.218593
795240008.034516
795240008.034516
795240008.034516
795240008.034516
795240008.034516
795240008.034516
795396490.196564
795239185.452543
795122333.249397
794627211.592098
794627211.592098
794998734.048808
794851049.687111
794851049.687111
794851049.687111
794851049.687111
795403012.282225
795403012.282225
795372171.164069
795341638.352885
795399706.647265
795444402.893795
794602443.517195
794671526.724582
794671526.724582
794671526.724582
794671526.724582
794591786.542208
794812298.993452
794670894.908832
794670894.908832
794764943.428297
794816904.061177
794815794.634227
795604326.566919
795436761.602963
795436761.602963
795436761.602963
795436761.602963
795436761.602963
795329483.624644
795889715.403655
795889715.403655
795889715.403655
795889715.403655
795889715.403655
795889715.403655
795889715.403655
795889715.403655
795889715.403655
795889715.403655
795889715.403655
795624544.206574
795624544.206574
795624544.206574
795624544.206574
795624544.206574
795624544.206574
795568001.195328
795568001.195328
795577553.64448
795000189.888185
795000189.888185
795000189.888185
795000189.888185
795310586.266174
795161660.662628
795161660.662628
795161660.662628
794976703.208518
794976703.208518
794976703.208518
794976703.208518
794976703.208518
795127803.97182
795127803.97182
794718578.906759
795554948.534422
795678032.183902
795678032.183902
795678032.183902
795678032.183902
795606453.630911
795606453.630911
795606453.630911
795504509.831032
795401124.647167
795398874.921362
795210932.234211
795210932.234211
794877481.400478
795754196.814133
795754196.814133
795823128.654694
795456218.622903
795456218.622903
795456218.622903
795464717.083115
795464717.083115
795358659.633457
795342760.538438
795145135.551917
795145135.551917
795145135.551917
794865445.073292
794865445.073292
794865445.073292
794954088.618992
794903664.350268
795058247.368865
795058247.368865
795074821.817314
795074821.817314
795251744.85024
795251744.85024
795251744.85024
795251744.85024
795365904.548033
795365904.548033
795365904.548033
795367205.698331
795367205.698331
795367205.698331
795367205.698331
795407033.541536
795407033.541536
795407033.541536
795407033.541536
795407033.541536
795407033.541536
795407033.541536
795407033.541536
795407033.541536
795498925.148011
795498925.148011
795498925.148011
794430866.308289
794430866.308289
794353485.269869
794353485.269869
794353485.269869
794653491.894958
794758251.327263
794758251.327263
794758251.327263
794902635.100644
795403567.318379
795532301.344507
795532301.344507
795234751.346095
795234751.346095
795234751.346095
795234751.346095
795234751.346095
794979336.818345
794979336.818345
795078915.518429
795078915.518429
795279648.916109
795279648.916109
795279648.916109
795049194.701701
795049194.701701
795049194.701701
795049194.701701
795272802.190181
795272802.190181
795286921.401709
795230052.936446
795230052.936446
795230052.936446
795230052.936446
795173888.219904
795236311.255069
795236311.255069
794953903.670086
794609534.343637
794609534.343637
794609534.343637
794609534.343637
794792398.499026
794792398.499026
794792398.499026
794792398.499026
794792398.499026
794339863.951659
794339863.951659
794339863.951659
795046274.008483
795046274.008483
795046274.008483
795046274.008483
795206264.539726
795206264.539726
794784314.947577
794784314.947577
794827114.524118
794785940.719317
795149368.776847
794989744.681357
795233703.835617
795233703.835617
794902193.698156
794902193.698156
794902193.698156
794902193.698156
794902193.698156
794971588.577842
795072907.987814
795072907.987814
794951535.464685
794951535.464685
794951535.464685
795103532.882725
795103532.882725
795020220.576941
794800647.673474
794648530.582163
794739389.10387
794682307.86933
794682307.86933
794747628.561668
794747628.561668
794747628.561668
795093550.735555
795093550.735555
795093550.735555
795093550.735555
795477736.444552
795221483.752892
795221483.752892
795221483.752892
794898617.500037
794898617.500037
795017525.230307
795017525.230307
795017525.230307
795017525.230307
794879704.694392
794982399.993454
794982399.993454
795116806.194768
794770033.375804
795159740.904514
795159740.904514
795011250.824184
795518093.780239
795373159.006027
795373159.006027
795373159.006027
795373159.006027
795373159.006027
795373159.006027
795373159.006027
794957945.645785
794957945.645785
794957945.645785
794957945.645785
794957945.645785
794957945.645785
795098309.47557
795056178.279506
795056178.279506
795056178.279506
795056178.279506
795056178.279506
795460036.672483
795460036.672483
795460036.672483
795460036.672483
795460036.672483
795460036.672483
795256738.814019
795256738.814019
795186730.943363
794987747.738641
794987747.738641
794891966.46841
795311795.809605
795178211.173053
795178211.173053
795178211.173053
795178211.173053
794427499.343724
794427499.343724
794735497.337648
794782672.467738
794782672.467738
794965468.973806
794965468.973806
794965468.973806
794906535.70273
795095036.638474
795095036.638474
795095036.638474
795207515.094217
795207515.094217
795166188.890395
795166188.890395
795166188.890395
795166188.890395
794827288.827566
794827288.827566
794827288.827566
794827288.827566
794881989.020898
794881989.020898
794881989.020898
794881989.020898
794834655.835363
794834655.835363
795489266.478296
794627704.497275
795264780.385933
795264780.385933
795264780.385933
795264780.385933
795007503.29235
795007503.29235
795007503.29235
794953568.840841
794953568.840841
795422905.882699
795422905.882699
795011731.468589
795116041.899952
795116041.899952
795116041.899952
795116041.899952
795116041.899952
795116041.899952
795116041.899952
795106953.528073
795106953.528073
795214210.458704
795214210.458704
795214210.458704
795214210.458704
795214210.458704
795365900.347081
795365900.347081
795365900.347081
795365900.347081
795365900.347081
795365900.347081
795365900.347081
795325218.825779
795124199.120594
795124199.120594
795333350.523904
795333350.523904
795333350.523904
795333350.523904
795333350.523904
795333350.523904
795333350.523904
795333350.523904
795579193.264787
795033937.144308
795033937.144308
795348307.571696
795193240.891961
795256980.948472
794988626.845435
795215069.206219
795215069.206219
795215069.206219
795146011.264086
795146011.264086
795146011.264086
795146011.264086
795146011.264086
795239092.279614
795239092.279614
795239092.279614
795239092.279614
795313743.313452
795313743.313452
795313743.313452
795037031.869198
795344255.293742
794923806.554612
794923806.554612
795021667.567307
795021667.567307
795021667.567307
795021667.567307
795142800.124032
795142800.124032
795142800.124032
795142800.124032
795142800.124032
795142800.124032
794856276.656021
794856276.656021
794764356.205301
794764356.205301
795024842.744532
795024842.744532
795024842.744532
795024842.744532
795058284.737219
795165326.895356
795153036.016145
795219189.105991
795219189.105991
794964154.028113
794964154.028113
794964154.028113
794964154.028113
794964154.028113
794964154.028113
794964154.028113
794964154.028113
794964154.028113
794964154.028113
794955823.174906
795242021.037581
794854826.154238
795286747.575734
795286747.575734
795040189.057465
795040189.057465
795040189.057465
795417310.601893
795417310.601893
795417310.601893
795417310.601893
795417310.601893
795438587.011
795438587.011
795502437.522834
795181712.391311
795205954.32593
795205954.32593
794974085.163915
794974085.163915
794974085.163915
794974085.163915
794974085.163915
794974085.163915
794974085.163915
794974085.163915
795277406.965955
795277406.965955
795277406.965955
795277406.965955
795277406.965955
795277406.965955
795054562.124482
795050129.523564
795050129.523564
795050129.523564
795028546.770513
794631146.1341
794631146.1341
794731354.858631
795351456.664447
795392836.05386
795155002.942746
795155002.942746
795752869.747356
795074520.118075
795074520.118075
795074520.118075
795074520.118075
795074520.118075
795074520.118075
795074520.118075
795164722.296784
795164722.296784
795164722.296784
795164722.296784
794779506.722701
794779506.722701
794779506.722701
794779506.722701
794863879.695137
795141899.55654
795278440.496913
795278440.496913
795278440.496913
794950941.093147
795001729.996337
795001729.996337
794956630.88119
794956630.88119
795515760.374456
794716221.72977
794492999.239879
794492999.239879
794492999.239879
794632354.50489
794632354.50489
794398598.324085
794398598.324085
794398598.324085
794398598.324085
794398598.324085
794398598.324085
794398598.324085
794733918.353939
795397061.118877
795397061.118877
795082621.592653
795082621.592653
795082621.592653
795082621.592653
795082621.592653
795242286.835335
795207571.622008
795207571.622008
795207571.622008
795207571.622008
795207571.622008
795003281.474053
795003281.474053
795003281.474053
794532528.688571
794532528.688571
794817638.962321
794817638.962321
794817638.962321
795076948.372051
795076948.372051
795082135.474137
795082135.474137
795588629.286288
795168485.85406
795198080.213104
795198080.213104
795483816.916495
795483816.916495
795396252.993316
795396252.993316
795396252.993316
795396252.993316
795396252.993316
795391804.456859
795408851.97931
794989183.019389
794989183.019389
795405112.59664
795380408.709476
795508941.959468
795508941.959468
795283915.931463
795405371.82335
795405371.82335
795421905.090709
795421905.090709
795421905.090709
795444068.279712
795444068.279712
795543644.071949
795543644.071949
795543644.071949
795543644.071949
795543644.071949
795543644.071949
795543644.071949
795543644.071949
795552839.313134
795552839.313134
795552839.313134
795552839.313134
795475787.581127
795475787.581127
795270696.120728
795270696.120728
795270696.120728
795256205.461624
795432800.824277
795432800.824277
795432800.824277
795411753.82512
795411753.82512
795178918.072437
794702868.769556
794702868.769556
794702868.769556
794702868.769556
795093556.427489
794977742.958547
794977742.958547
795141688.634593
794939318.497164
794243162.430513
794476805.580626
794476805.580626
794476805.580626
794476805.580626
794476805.580626
794556950.55171
794751678.552555
795304168.806091
794822072.673851
794899482.37814
794697466.279042
794697466.279042
794697466.279042
794697466.279042
794697466.279042
794940391.600534
795272475.111545
795208148.598315
795208148.598315
795208148.598315
795208148.598315
795208148.598315
795039932.500854
795039932.500854
795039932.500854
795039932.500854
795039932.500854
795039932.500854
795377732.804708
795377732.804708
795377732.804708
795329998.008467
795549364.316956
795549364.316956
795429566.170174
795332976.840203
795132582.114935
795132582.114935
795290702.20302
795290702.20302
794798532.664302
794759764.866848
795307373.704372
795307373.704372
795185419.273853
795185419.273853
795185419.273853
795185419.273853
795302970.674913
795302970.674913
795302970.674913
795333890.423315
795333890.423315
795333890.423315
795333890.423315
795333890.423315
795333890.423315
795333890.423315
795154922.517114
795154922.517114
795154922.517114
795154922.517114
795501261.892096
795501261.892096
795704081.818444
795704081.818444
795704081.818444
795213868.012246
795213868.012246
795368736.852773
795320390.183833
795327569.687656
795389101.827729
795389101.827729
795225749.965507
795225749.965507
795155602.873538
795558356.194228
795724853.592957
795724853.592957
795724853.592957
795585471.563406
795585471.563406
795585471.563406
795002498.672194
795002498.672194
795002498.672194
795002498.672194
795002498.672194
795002498.672194
795002498.672194
795002498.672194
795319701.453365
795319701.453365
795389173.496858
795389173.496858
795389173.496858
795570172.863381
795570172.863381
795204157.873305
795204157.873305
795204157.873305
795204157.873305
795204157.873305
795505709.378473
795505709.378473
795311166.646733
795311166.646733
795316823.787899
795470608.291108
795470608.291108
795470608.291108
795454417.183708
795454417.183708
795470027.198601
795237117.146515
795237117.146515
795237117.146515
795237117.146515
795349597.333293
795349597.333293
795349597.333293
795325866.439845
795407982.869181
795407982.869181
795188548.066803
795188548.066803
795188548.066803
795188548.066803
795389255.072075
795389255.072075
795389255.072075
795389255.072075
795389255.072075
795123149.167023
795180530.947436
795180530.947436
795180530.947436
795374367.319703
795430655.843042
795621748.375372
795621748.375372
795495636.655643
795495636.655643
795439831.918405
795439831.918405
795691651.067528
795520829.947845
795744650.661337
795405464.061212
795405464.061212
795405464.061212
795405464.061212
795626119.632022
795572043.218736
795572043.218736
795572043.218736
795572043.218736
795638221.615596
795652033.116672
795652033.116672
795652033.116672
795771549.656857
795630668.697477
795537267.543052
795537267.543052
795537267.543052
795537267.543052
795537267.543052
795101973.597804
795101973.597804
795101973.597804
795101973.597804
795276318.355938
795104871.972122
795104871.972122
795012780.498998
795326075.610491
795326075.610491
795209272.345487
795126859.595251
795564197.881264
795564197.881264
795564197.881264
795381551.480228
795215578.397727
795331367.213714
795078143.069544
795078143.069544
794790409.123698
794790409.123698
794890533.62218
795112703.165687
795112703.165687
795112703.165687
795112703.165687
795112703.165687
795112703.165687
795112703.165687
795112703.165687
795112703.165687
795112703.165687
795014384.172404
795014384.172404
795014384.172404
795014384.172404
795014384.172404
795159244.924417
794926808.977011
795035758.642573
795035758.642573
795035758.642573
795385954.190019
795132695.929717
795132695.929717
795004109.398374
794857735.248888
794857735.248888
794857735.248888
794857735.248888
795130548.29175
795130548.29175
795130548.29175
795188907.550092
795378191.772794
794876150.149315
794876150.149315
795335879.601097
795335879.601097
795335879.601097
794752475.150076
794752475.150076
794752475.150076
794752475.150076
794752475.150076
795081142.816142
795022198.883595
795027003.26116
795027003.26116
795223121.478169
795287084.986577
794907612.442867
794907612.442867
794907612.442867
794907612.442867
794907612.442867
794907612.442867
794907612.442867
794907612.442867
795062245.87388
795062245.87388
795062245.87388
795062245.87388
795062245.87388
795062245.87388
795062245.87388
795062245.87388
795062245.87388
795180885.001881
795155748.220133
795155748.220133
795155748.220133
795155748.220133
794922553.842186
794987762.358167
794987762.358167
795270664.623598
795270664.623598
795087082.561959
794978495.480616
794978495.480616
794978495.480616
794978495.480616
795431250.795085
794836313.002441
794778766.078173
795050644.103492
795050644.103492
795050644.103492
795050644.103492
795050644.103492
794817622.251373
794817622.251373
794817622.251373
794275466.307786
794337452.598099
794337452.598099
795327202.260173
795327202.260173
795327202.260173
795327202.260173
795327202.260173
795327202.260173
795327202.260173
795082402.593135
795082402.593135
795082402.593135
795593848.135939
795593848.135939
795209998.728744
795209998.728744
795209998.728744
795209998.728744
795209998.728744
795209998.728744
795209998.728744
794885538.238703
794885538.238703
794885538.238703
794885538.238703
794747781.916432
794747781.916432
794747781.916432
794747781.916432
795303490.375899
795075489.588859
795075489.588859
795076935.660964
795076935.660964
795076935.660964
795076935.660964
795076935.660964
795261335.022048
795261335.022048
795412007.860134
795779882.324163
795314763.22973
795495456.873211
795495456.873211
795495456.873211
795238121.722212
795872888.202436
795749858.806133
795749858.806133
795749858.806133
795330071.527629
795330071.527629
795330071.527629
795365234.15406
794881075.619704
794881075.619704
794761892.938407
794761892.938407
794761892.938407
794288488.929477
794854775.020173
795309196.213022
795309196.213022
794834183.763551
794834183.763551
794834183.763551
794834183.763551
795340988.125939
795761371.46927
795761371.46927
795761371.46927
795251913.07462
795251913.07462
795326380.211945
795565945.817192
795565945.817192
795565945.817192
795555410.143085
795244761.497555
795215198.800276
795178238.685758
794962348.039294
794962348.039294
794647476.191686
794647476.191686
794647476.191686
794729049.61722
794729049.61722
794729049.61722
794729049.61722
794729049.61722
794729049.61722
794729049.61722
794729049.61722
795429994.636939
795429994.636939
795429994.636939
795429994.636939
795205876.558303
795205876.558303
795543712.301116
795290072.189432
795290072.189432
795290072.189432
795290072.189432
795290072.189432
795290072.189432
794816544.877215
795054522.776146
795054522.776146
795054522.776146
795054522.776146
795290677.169981
795290677.169981
795290677.169981
795319360.245709
795319360.245709
795546797.232961
795546797.232961
795546797.232961
795332582.122309
795066901.116929
795066901.116929
795066901.116929
795115273.845793
795115273.845793
795115273.845793
795115273.845793
795115273.845793
795115273.845793
795144362.142444
794636058.500955
794722443.144271
794722443.144271
794722443.144271
794722443.144271
795079497.082939
795079497.082939
795135065.660058
795135065.660058
795135065.660058
794917941.289833
794917941.289833
794639583.700413
795098389.337566
795098389.337566
794891365.207147
794891365.207147
794891365.207147
794891365.207147
794653868.87143
794653868.87143
794653868.87143
794653868.87143
794653868.87143
794653868.87143
794896340.083285
795145802.139156
795145802.139156
795145802.139156
795145802.139156
795145802.139156
795066501.467452
795066501.467452
795066501.467452
795160581.283502
794845630.970558
794845630.970558
794845630.970558
794845630.970558
794845630.970558
794845630.970558
794845630.970558
794845630.970558
794845630.970558
795352297.859771
795352297.859771
795352297.859771
795352297.859771
795352297.859771
795499714.563232
795417406.069376
795067501.737481
795067501.737481
795067501.737481
795024630.114612
795024630.114612
795024630.114612
795024630.114612
795024630.114612
795024630.114612
795024630.114612
795024630.114612
795612970.272522
795612970.272522
795612970.272522
795612970.272522
795612970.272522
795612970.272522
795612970.272522
795612970.272522
795612970.272522
795276771.436499
795276771.436499
795463874.912994
795276713.975771
794856677.54314
794743748.786546
794864641.647596
794864641.647596
794864641.647596
794796932.74784
795054062.049635
795054062.049635
794515631.41873
794515631.41873
794772033.385192
795096911.718231
795096911.718231
795096911.718231
795096911.718231
795356326.359169
795356326.359169
795356326.359169
795356326.359169
795250396.070954
795236872.768818
795236872.768818
795236872.768818
795236872.768818
795127959.288738
795127959.288738
795127959.288738
795127959.288738
795127959.288738
795127959.288738
795334250.00933
795409815.4252
795529980.312904
795461982.584013
795461982.584013
795547649.620745
795690854.551585
795896105.461436
795896105.461436
795896105.461436
795896105.461436
795896105.461436
795712881.413487
795712881.413487
795108562.873656
795108562.873656
795424251.760101
795424251.760101
795282683.472309
795155705.194058
795155705.194058
794795086.237959
794795086.237959
795429783.133488
795429783.133488
794906989.446051
794694443.737255
794854377.8609
794625297.45799
794625297.45799
794625297.45799
794625297.45799
795356086.654481
795356086.654481
795356086.654481
795356086.654481
795356086.654481
795356086.654481
795356086.654481
795243160.970354
795243160.970354
795393790.525579
795393790.525579
794941514.061249
794941514.061249
795049331.463225
795049331.463225
795049331.463225
795069233.924492
795069233.924492
795069233.924492
794949506.473844
795032238.0667
794986591.012874
794986591.012874
795455207.282777
795492706.409811
795492706.409811
795367376.316268
794726070.248086
794726070.248086
794726070.248086
795068718.085354
795063382.183028
795063382.183028
794885600.627164
794885600.627164
794885600.627164
794707448.466581
794707448.466581
794707448.466581
794940640.777126
795037667.157073
795037667.157073
795037667.157073
795037667.157073
794998046.119676
794998046.119676
795010991.348234
795010991.348234
795010991.348234
795010991.348234
795242853.532341
795548935.226678
795111292.891197
795111292.891197
795111292.891197
795111292.891197
795059736.496064
795059736.496064
795014167.004368
794748138.397374
795801860.157574
795801860.157574
795495990.782869
795495990.782869
795495990.782869
795495990.782869
795495990.782869
794730719.753494
794730719.753494
794730719.753494
794730719.753494
794777985.724549
795321014.481706
795081845.818778
795081845.818778
795081845.818778
795081845.818778
795419351.561624
795419351.561624
795503413.597898
795503413.597898
795503413.597898
795503413.597898
795294231.376084
795294231.376084
795294231.376084
795294231.376084
795102628.787857
795102628.787857
795102628.787857
795102628.787857
795102628.787857
795102628.787857
794990302.521746
794990302.521746
795134600.958102
795068507.360149
795068507.360149
795068507.360149
795171215.540743
795171215.540743
794903997.668343
794730374.97836
794730374.97836
794730374.97836
794730374.97836
794730374.97836
794730374.97836
794730374.97836
794730374.97836
794730374.97836
794730374.97836
794406567.819724
794873297.192352
795186500.200653
795246784.622734
795246784.622734
795246784.622734
795246784.622734
795246784.622734
795246784.622734
794885824.106538
795162261.814148
795819768.930713
795819768.930713
795819768.930713
795752935.923448
795752935.923448
795752935.923448
795752935.923448
795752935.923448
795752935.923448
795752935.923448
795879244.549449
795879244.549449
795171904.389533
795171904.389533
795171904.389533
795171904.389533
795171904.389533
795171904.389533
795171904.389533
795171904.389533
795171904.389533
795171904.389533
795171904.389533
795171904.389533
795171904.389533
795171904.389533
795171904.389533
794903658.497135
795348092.372976
795348092.372976
795348092.372976
795348092.372976
795348092.372976
795348092.372976
795375612.690718
794996429.396149
795218787.97883
795218787.97883
795416055.075146
795416055.075146
795147277.031597
795172373.027897
795172373.027897
795172373.027897
795172373.027897
795172373.027897
795514167.648576
795343967.760582
795343967.760582
795343967.760582
795343967.760582
795343967.760582
795343967.760582
795343967.760582
795343967.760582
795380827.445656
795380827.445656
795569472.313387
795299401.206014
795299401.206014
795299401.206014
795299401.206014
795299401.206014
795243557.517733
794829358.122327
794829358.122327
794829358.122327
794829358.122327
794829358.122327
794969643.275926
795139333.032323
795139333.032323
794773137.678534
794664238.634019
795380667.097631
795384479.78305
795384479.78305
795451392.895932
795451392.895932
795815534.520066
795815534.520066
795815534.520066
795815534.520066
795452406.462004
795452406.462004
795452406.462004
795452406.462004
795452406.462004
795452406.462004
795452406.462004
795452406.462004
795452406.462004
795388103.392436
794936926.753752
794760793.168629
794760793.168629
794760793.168629
795027872.641441
795154668.139828
795154668.139828
795154668.139828
795154668.139828
795154668.139828
795154668.139828
795154668.139828
795154668.139828
795154668.139828
795154668.139828
795154668.139828
795154668.139828
795154668.139828
794730017.138236
795279971.268676
794994975.166347
794994975.166347
794994975.166347
794994975.166347
794994975.166347
795112836.947894
795112836.947894
795616441.747934
795163586.937273
794886737.125637
794886737.125637
795311181.944314
794732766.247823
794870276.785178
795021030.638508
795021030.638508
795379420.044357
795379420.044357
795379420.044357
795285536.316849
795475101.986963
795475101.986963
795475101.986963
795475101.986963
795311311.182564
795311311.182564
795311311.182564
795286736.212685
795327785.944398
795327785.944398
795093121.263651
795093121.263651
795093121.263651
794870855.905943
794870855.905943
795919210.924448
795919210.924448
795919210.924448
795919210.924448
795919210.924448
795919210.924448
795119588.597856
794818976.772506
794818976.772506
795034944.245452
795034944.245452
794717610.965001
794717610.965001
794717610.965001
794554874.638742
795048482.835564
795048482.835564
795048482.835564
795048482.835564
795048482.835564
795048482.835564
795048482.835564
795618169.521335
795195243.318773
795120310.850085
795120310.850085
795120310.850085
795120310.850085
795060440.321561
794822925.854003
794822925.854003
794822925.854003
795477850.82784
795074097.23982
795403961.421105
795092819.654115
795124504.636729
795124504.636729
795258441.042397
795258441.042397
795258441.042397
795258441.042397
795258441.042397
795258441.042397
795258441.042397
794889952.518534
795278572.536943
795790179.793491
795790179.793491
795790179.793491
795790179.793491
795790179.793491
795790179.793491
795790179.793491
795359932.455176
795359932.455176
795359932.455176
795551798.332771
795551798.332771
795551798.332771
795205168.879633
795205168.879633
795079229.02948
795079229.02948
795079229.02948
795079229.02948
795079229.02948
795079229.02948
795079229.02948
795079229.02948
795138023.965006
795138023.965006
795138023.965006
795138023.965006
795266271.914851
795266271.914851
795398593.754197
795398593.754197
795254321.983394
795254321.983394
795254321.983394
795254321.983394
795254321.983394
795262639.81582
795255686.124242
795255686.124242
794860340.379814
794860340.379814
794889423.212494
795613603.46462
795540319.533339
795540319.533339
795540319.533339
795540319.533339
795037062.244688
795037062.244688
795037062.244688
795037062.244688
795037062.244688
795037062.244688
795012719.412675
795012719.412675
795411873.722489
795411873.722489
795465857.362467
795465857.362467
795465857.362467
795465857.362467
795465857.362467
795513361.208514
795271841.662753
795271841.662753
794841098.327152
794841098.327152
794841098.327152
794841098.327152
794841098.327152
794841098.327152
794841098.327152
795215390.449977
795215390.449977
795127282.156003
794762016.25458
794961779.991989
794961779.991989
794961779.991989
794961779.991989
795297700.849037
795297700.849037
795297700.849037
795297700.849037
795297700.849037
795297700.849037
795297700.849037
795297700.849037
795297700.849037
795163670.694481
795163670.694481
795163670.694481
795100127.771559
795100127.771559
795100127.771559
795233782.530806
794956485.254234
794956485.254234
794956485.254234
794956485.254234
794978106.581189
794978106.581189
795028873.880586
795028873.880586
795028873.880586
795028873.880586
795028873.880586
795028873.880586
795283600.485039
795283600.485039
795283600.485039
795283600.485039
795167419.51627
795167419.51627
795380336.231796
795380336.231796
795380336.231796
795380336.231796
795380336.231796
795380336.231796
795293442.917508
795293442.917508
795293442.917508
794607641.602221
794607641.602221
794607641.602221
794607641.602221
794635732.94375
794635732.94375
794635732.94375
795169067.616071
795202759.089835
795202759.089835
795202759.089835
794789003.489498
795160977.544641
795160977.544641
795160977.544641
795123687.59257
795123687.59257
795123687.59257
795211302.434659
795258862.750881
795258862.750881
795258862.750881
795258862.750881
795258862.750881
795373680.746136
795299208.450523
795358033.683765
795299720.667352
795299720.667352
795132651.56963
794919270.093773
794919270.093773
794919270.093773
794889973.385839
794889973.385839
794788851.789962
794788851.789962
794788851.789962
794697720.147951
794697720.147951
794697720.147951
794727785.936687
794727785.936687
794727785.936687
794756746.138689
794756746.138689
795154176.961169
795336357.732242
795336357.732242
795478407.536386
795478407.536386
795313996.72101
795313996.72101
795313996.72101
795313996.72101
795313996.72101
795313996.72101
795313996.72101
795531194.02874
794854843.971049
794854843.971049
794941355.794927
794941355.794927
795430303.81119
795430303.81119
795430303.81119
795430303.81119
795430303.81119
795430303.81119
795430303.81119
795154432.424078
795154432.424078
795154432.424078
795154432.424078
795154432.424078
795154432.424078
795154432.424078
795154432.424078
795154432.424078
795154432.424078
795741851.616402
795741851.616402
795227923.152323
795227923.152323
795227923.152323
795227923.152323
795227923.152323
795227923.152323
795227923.152323
795227923.152323
795227923.152323
795227923.152323
795227923.152323
795227923.152323
795227923.152323
795301503.09095
795301503.09095
795301503.09095
795172564.663602
795172564.663602
795172564.663602
795136055.712446
794412826.094724
794412826.094724
794412826.094724
794412826.094724
794390474.890609
794390474.890609
794780650.419823
794780650.419823
794742838.612299
794914745.049079
794914745.049079
795018938.553297
795480119.93146
795066696.025159
794862083.315969
794862083.315969
795338194.98042
795510138.31443
795224758.415036
795481241.541491
795481241.541491
795481241.541491
795481241.541491
795481241.541491
795127473.943392
795511126.716203
795511126.716203
795935707.957245
795344916.198738
795344916.198738
795344916.198738
795668195.701284
795668195.701284
795523227.442248
795523227.442248
795552746.464697
795391178.111653
795391178.111653
794881701.589455
794881701.589455
795256060.394717
795256060.394717
795181118.539985
795181118.539985
795181118.539985
795181118.539985
795354354.287699
795402091.880562
795681047.493557
795681047.493557
795681047.493557
795318204.578582
795670535.525905
795670535.525905
795666878.774059
795666878.774059
795645172.823971
795443762.558069
795621278.880766
795621278.880766
795384785.072035
795384785.072035
795345434.565218
795566649.119835
795150714.670495
794880350.34159
794976496.203583
795014712.498826
794942521.770968
794942521.770968
794942521.770968
794942521.770968
794782309.984926
794782309.984926
794825566.38645
794825566.38645
794682783.240586
794682783.240586
795210884.052573
795210884.052573
794896491.361319
794896491.361319
794896491.361319
794896491.361319
794702581.833413
795030767.982699
794626981.988035
795209200.32813
795243342.775669
795243342.775669
795243342.775669
795304586.813154
795304586.813154
795304586.813154
795477069.168902
795477069.168902
795477069.168902
794963604.17636
794963604.17636
795198695.522857
795198695.522857
794693564.676779
794812993.594095
794812993.594095
794812993.594095
794812993.594095
795349212.556091
795349212.556091
795349212.556091
795150260.208555
794988458.503639
794988458.503639
794988458.503639
794988458.503639
794766842.548518
794766842.548518
794893555.552479
794893555.552479
794893555.552479
794972539.548487
795461158.874857
795838329.805633
795838329.805633
794722791.207097
794711836.561645
794711836.561645
795075186.835809
795075186.835809
795188759.433369
795306847.892845
795221524.33918
795221524.33918
795221524.33918
795167074.19769
795167074.19769
795287085.494792
795287085.494792
795254651.526265
795254651.526265
795009329.121664
795009329.121664
795009329.121664
795009329.121664
795009329.121664
795009329.121664
794654073.518904
795622006.269839
795453709.664681
795453709.664681
795453709.664681
795216058.097778
795216058.097778
795216058.097778
795216058.097778
795251139.530055
795251139.530055
794826722.037129
794826722.037129
794826722.037129
794826722.037129
795090236.687145
795210269.172288
795210269.172288
795210269.172288
795403494.534161
795403494.534161
795522991.21029
795678897.477667
795678897.477667
795800223.552306
795461091.529935
795904122.163755
795904122.163755
795974513.184788
795935058.603846
795935058.603846
795935058.603846
795935058.603846
795935058.603846
795935058.603846
794646972.58803
794661188.949533
794657735.808424
795098355.396312
795181502.567056
795181502.567056
795181502.567056
795181502.567056
795181502.567056
795466804.658935
795466804.658935
795392188.043307
795392188.043307
795570713.626574
795617587.388032
795617587.388032
795617587.388032
794955928.076375
794955928.076375
795366917.242874
795366917.242874
794745866.175478
794745866.175478
794745866.175478
794745866.175478
794745866.175478
794745866.175478
794745866.175478
794745866.175478
794745866.175478
794800463.163983
794800463.163983
794800463.163983
794800463.163983
794800463.163983
794628152.244186
795062140.08412
795062140.08412
795062140.08412
795031361.973863
795222482.069871
795222482.069871
795222482.069871
795218065.277019
795218065.277019
795218065.277019
795218065.277019
795061625.244127
795061625.244127
795077854.746791
795077854.746791
795068017.901006
794850188.487378
794850188.487378
794850188.487378
794850188.487378
794682403.284299
794682403.284299
794666580.023556
794666580.023556
794647807.869515
795465096.375042
795887535.8567
795887535.8567
795502241.631576
795502241.631576
795502241.631576
795518797.379077
795150421.858342
795712184.7517
795128544.751655
795128544.751655
795128544.751655
795128544.751655
795223360.727383
795223360.727383
795223360.727383
795518616.726272
795518616.726272
795661080.251448
795661080.251448
795661080.251448
794537918.368868
795427152.530265
795160634.609104
794711106.68313
794929938.058775
794929938.058775
795461312.129537
794975075.579129
795225692.279459
795225692.279459
795225692.279459
795225692.279459
795086705.499234
795086705.499234
795086705.499234
795086705.499234
795218007.55321
795118435.079877
795118435.079877
795118435.079877
795552912.858544
795552912.858544
795552912.858544
795552912.858544
795552912.858544
795552912.858544
795552912.858544
795493934.399074
795448404.736453
795203375.010237
795091590.115825
795091590.115825
795201034.152907
795201034.152907
795201034.152907
795201034.152907
795099971.929243
795099971.929243
795099971.929243
795099971.929243
795067376.556721
795067376.556721
795418858.806133
795180065.55018
795180065.55018
795180065.55018
795363789.817694
795363789.817694
795363789.817694
795363789.817694
795363789.817694
795363789.817694
795363789.817694
795363789.817694
795884004.374349
795884004.374349
795884004.374349
795409790.974599
795092265.911413
795092265.911413
795092265.911413
795092265.911413
794529872.312754
794529872.312754
795342835.431012
795342835.431012
795330787.601884
795330787.601884
795330787.601884
795244076.164812
795244076.164812
795244076.164812
795244076.164812
795244076.164812
795244076.164812
795244076.164812
795244076.164812
795244076.164812
795244076.164812
795244076.164812
795244076.164812
795014040.870431
794769080.685119
794894502.323259
794781077.616845
794781077.616845
794823516.362899
794823516.362899
794823516.362899
794823516.362899
794823516.362899
795267461.969559
795267461.969559
795267461.969559
795342717.297571
795240926.494934
795240926.494934
795277741.63267
795277741.63267
795277741.63267
794974508.238562
794974508.238562
794974508.238562
795269670.109061
795395301.108888
795395301.108888
795395301.108888
795395301.108888
795395301.108888
795395301.108888
795206594.610927
795206594.610927
795206594.610927
795206594.610927
795206594.610927
795366392.387747
795366392.387747
795323511.451499
795203961.629474
795217239.234649
795080368.533784
795080368.533784
795080368.533784
795080368.533784
795080368.533784
794717772.943239
794576147.90083
794614190.81876
794614190.81876
794919177.632972
795116211.96445
795116211.96445
795116211.96445
794729538.696998
794887450.221125
794887450.221125
794887450.221125
794887450.221125
794973613.316066
794973613.316066
794973613.316066
794973613.316066
794973613.316066
794973613.316066
795161972.143201
795263298.812765
795362794.392954
795362794.392954
795315569.257612
795237776.089486
795373496.709051
795373496.709051
795373496.709051
795373496.709051
795373496.709051
795310356.361967
795310356.361967
795310356.361967
794988994.8931
794988994.8931
794988994.8931
794988994.8931
795414641.690154
795486858.795243
795304972.413568
795673935.501463
795673935.501463
795673935.501463
795673935.501463
795296913.077058
795296913.077058
795296913.077058
795559570.805364
794817735.059121
794817735.059121
794817735.059121
794872639.919003
794656752.234906
794656752.234906
794656752.234906
794656752.234906
794656752.234906
794656752.234906
794656752.234906
794574348.36927
795358735.693042
795358735.693042
795358735.693042
795192809.571143
795192809.571143
795192809.571143
795205041.67055
795244675.175553
795086554.557209
795107692.869638
794851995.942765
794961968.281595
794809506.730126
794809506.730126
795095001.015612
795095001.015612
795095001.015612
795784021.249414
795115140.728021
795115140.728021
795077332.94212
794823499.837493
794823499.837493
795110791.523769
795110791.523769
795110791.523769
795238871.745311
795075659.777871
795075659.777871
795075659.777871
795075659.777871
795075659.777871
795282795.492181
795282795.492181
795282795.492181
795148840.368255
795148840.368255
795167251.503865
795389569.019437
795389569.019437
795467211.862329
795467211.862329
794941730.761564
795256041.673129
795256041.673129
795256041.673129
795256041.673129
795256041.673129
795256041.673129
795256041.673129
795256041.673129
795256041.673129
795256041.673129
795256041.673129
795256041.673129
795079028.239894
795079028.239894
795204360.71862
795204360.71862
795097907.516016
795097907.516016
794874250.634178
794876161.278385
795443820.155933
795443820.155933
795443820.155933
795314642.840682
795314642.840682
795314642.840682
795314642.840682
795418994.437307
795418994.437307
795418994.437307
795418994.437307
795088892.754798
795088892.754798
795088892.754798
795088892.754798
795088892.754798
795088892.754798
795088892.754798
795088892.754798
795060897.496859
795060897.496859
795060897.496859
794955023.396844
794955023.396844
794955023.396844
795111364.470775
795111364.470775
795111364.470775
795111364.470775
795111364.470775
795111364.470775
795018712.28351
795018712.28351
795018712.28351
795018712.28351
795018712.28351
794797789.881057
794797789.881057
794797789.881057
794731290.192406
794903331.817123
794903331.817123
794903331.817123
794903331.817123
795591318.722048
795352509.079432
795310927.264274
795310927.264274
795310927.264274
795461332.345324
795461332.345324
795461332.345324
795213907.710598
795213907.710598
795259441.725451
795259441.725451
794889207.578909
794889207.578909
794889207.578909
794889207.578909
795317890.926171
795317890.926171
795317890.926171
795317890.926171
795317890.926171
795385319.554943
795385319.554943
795060399.16585
795060399.16585
794955508.367481
794955508.367481
795200724.122845
795200724.122845
795200724.122845
795200724.122845
795320130.50572
795320130.50572
795320130.50572
795486616.399039
795486616.399039
795103715.767746
794996607.144673
794996607.144673
794996607.144673
794996607.144673
794996607.144673
795112864.656964
795112864.656964
795112864.656964
795112864.656964
795112864.656964
794888427.849956
795787437.771488
795787437.771488
795357726.259447
795357726.259447
795357726.259447
795357726.259447
795218446.05475
795218446.05475
795218446.05475
795201871.955446
795043951.014657
794806731.803237
795297529.129723
795393405.401873
795393405.401873
794892615.480211
794892615.480211
794727484.459413
794727484.459413
794727484.459413
794727484.459413
794924573.312988
794924573.312988
794902616.262779
794902616.262779
794902616.262779
794828860.199044
794828860.199044
794828860.199044
794608508.64937
794608508.64937
795106635.985579
795212575.350115
795176789.121727
795176789.121727
795176789.121727
795312164.381296
795312164.381296
795312164.381296
795312164.381296
795113661.331731
795009047.017218
795197387.722113
795197387.722113
795303783.431163
795303783.431163
795303783.431163
795303783.431163
794955399.913207
795474650.709512
795474650.709512
795651879.843714
795839571.907714
795380446.297351
795380446.297351
795119230.46509
795119230.46509
795119230.46509
795119230.46509
795181888.73404
795244464.50289
795199289.007509
795351554.176555
795351554.176555
795351554.176555
795062517.310447
795062517.310447
795062517.310447
795062517.310447
795062517.310447
794748397.791189
795264495.488541
795264495.488541
795264495.488541
794879064.284674
794879064.284674
794954112.607685
794811911.011447
794736134.821894
794736134.821894
794736134.821894
795490080.753819
795121777.145222
795058157.957901
794874147.890633
795494604.361397
795494604.361397
795444366.899309
795382222.849618
795382222.849618
795427110.536582
795427110.536582
794634637.798425
795582034.705176
795582034.705176
795582034.705176
795582034.705176
795582034.705176
795582034.705176
795582034.705176
795582034.705176
795421361.326056
795421361.326056
795421361.326056
795421361.326056
795195266.299775
795195266.299775
795159507.684065
795069014.282466
795069014.282466
795175429.556903
795278338.087452
795278338.087452
795453352.637364
795453352.637364
795453352.637364
795453352.637364
795149188.470797
795161158.611116
794982343.960048
794813147.605575
795773993.139894
795773993.139894
795035628.737455
794775339.792577
794775339.792577
794726120.159513
794726120.159513
794472098.309852
794472098.309852
794419360.603287
794911897.518446
794911897.518446
794911897.518446
794911897.518446
794911897.518446
794911897.518446
795248603.976653
795248603.976653
795248603.976653
795248603.976653
794761879.960495
794761879.960495
794899784.106879
794606437.217378
794606437.217378
794606437.217378
794606437.217378
794606437.217378
794606437.217378
794606437.217378
794606437.217378
794606437.217378
794606437.217378
795005183.224316
795005183.224316
795005183.224316
795132096.472445
795273084.744301
795833511.964495
795833511.964495
795833511.964495
795636603.725001
795636603.725001
795724687.780371
795724687.780371
795724687.780371
795239960.396328
795239960.396328
795239960.396328
795396195.691526
795396195.691526
795396195.691526
795396195.691526
795396195.691526
795139816.238994
795139816.238994
795139816.238994
795164567.418995
795164567.418995
794961186.800609
794961186.800609
795047171.347532
795047171.347532
795047171.347532
795194228.04316
795053875.619476
794749583.419253
794749583.419253
794749583.419253
795055803.962818
795055803.962818
795055803.962818
795198370.499055
795198370.499055
795053671.444489
795053671.444489
795890951.151689
795378446.404263
795133469.429119
795133469.429119
795059361.206344
795422149.480973
795478505.15275
795478505.15275
795478505.15275
795690117.414444
795690117.414444
795690117.414444
795690117.414444
795066096.373566
795066096.373566
795066096.373566
795066096.373566
794696231.210747
794696231.210747
794993081.814651
794993081.814651
794993081.814651
795266864.284288
795266864.284288
795266864.284288
795266864.284288
795266864.284288
795452302.733733
795204455.898433
795204455.898433
795204455.898433
795204455.898433
795204455.898433
795204455.898433
795204455.898433
795204455.898433
795204455.898433
795204455.898433
795204455.898433
795204455.898433
795132533.194438
795411786.321032
795411786.321032
795411786.321032
795476296.154892
795476296.154892
795476296.154892
795476296.154892
795476296.154892
795476296.154892
795476296.154892
795476296.154892
795476296.154892
795238134.238289
795238134.238289
795629919.340402
795629919.340402
795629919.340402
795629919.340402
795629919.340402
795629919.340402
795315470.624383
795404435.476331
795366908.41699
795343940.520554
795182671.373794
795314868.547957
795314868.547957
795930617.360587
795930617.360587
795070396.940174
794918194.812984
794918194.812984
794918194.812984
794873070.79896
794749835.490463
794749835.490463
794749835.490463
794731893.004095
794811116.758243
795048346.208963
795048346.208963
795048346.208963
795048346.208963
794842560.583377
794842560.583377
794842560.583377
794842560.583377
794842560.583377
795720547.107737
795726147.512783
795726147.512783
794888865.84683
795244601.713922
795244601.713922
795244601.713922
795244601.713922
795244601.713922
795130763.600659
794720065.291497
794657806.517276
794764845.043831
794764845.043831
794909051.385961
794909051.385961
794909051.385961
794909051.385961
794909051.385961
794909051.385961
794909051.385961
795065306.753479
795065306.753479
795065306.753479
795383198.36234
795201133.811249
795201133.811249
795201133.811249
795201133.811249
795201133.811249
794962320.181976
794962320.181976
794962320.181976
795104048.584727
795128459.117821
795128459.117821
795128459.117821
795128459.117821
795188118.746312
795188118.746312
795188118.746312
795188118.746312
795188118.746312
795188118.746312
795188118.746312
795386380.730895
795386380.730895
795386380.730895
795386380.730895
795386380.730895
795386380.730895
795386380.730895
795386380.730895
795386380.730895
795386380.730895
795386380.730895
794583811.27493
794180403.358071
794180403.358071
794180403.358071
795097581.2966
795097581.2966
795509885.74335
795305905.972286
795305905.972286
795305905.972286
795305905.972286
795305905.972286
795305905.972286
795305905.972286
795721801.09283
795721801.09283
795721801.09283
795721801.09283
795721801.09283
795721801.09283
795151548.139956
795151548.139956
794902527.625946
794902527.625946
794902527.625946
794902527.625946
794902527.625946
795049834.29796
795292300.466503
795076308.676414
795076308.676414
795076308.676414
795263422.650273
795263422.650273
795263422.650273
795263422.650273
795263422.650273
795263422.650273
795130812.171262
795130812.171262
795273053.927254
795336225.900573
795336225.900573
795333388.020658
795333388.020658
795333388.020658
795560702.206706
795560702.206706
795560702.206706
795560702.206706
795094934.940814
795534532.536004
795315167.801592
795336477.315182
794879431.295393
794879431.295393
794879431.295393
794879431.295393
794879431.295393
795388908.247714
795388908.247714
795094471.544882
795094471.544882
795094471.544882
795501472.850174
795501472.850174
795694013.755581
795320486.147101
795320486.147101
795320486.147101
795320486.147101
795324619.538119
795411892.04263
795411892.04263
795411892.04263
795173946.205708
795098765.178469
795032609.560055
795136802.553255
795136802.553255
795136802.553255
795217214.195979
795217214.195979
795217214.195979
795217214.195979
795217214.195979
795217214.195979
795217214.195979
795217214.195979
795135962.820538
794896279.954559
794896279.954559
794789694.284791
794789694.284791
794789694.284791
794789694.284791
794789694.284791
794789694.284791
794952891.516995
795029995.659944
795029995.659944
795029995.659944
795029995.659944
795029995.659944
795029995.659944
795029995.659944
795029995.659944
795029995.659944
795029995.659944
795029995.659944
794788294.230871
794788294.230871
794788294.230871
794899763.349908
794899763.349908
794886697.943921
794886697.943921
794884092.725039
794884092.725039
794884092.725039
794884092.725039
795211619.819923
795211619.819923
795211619.819923
795211619.819923
795211619.819923
795435631.092348
795435631.092348
795156304.889943
795019936.106156
795019936.106156
795019936.106156
795019936.106156
795019936.106156
795019936.106156
795024824.257646
795024824.257646
795024824.257646
795171759.749846
795171759.749846
795171759.749846
795171759.749846
795171759.749846
795171759.749846
795587584.890194
795428327.841723
795079729.541548
795079729.541548
795242768.028036
795242768.028036
795242768.028036
795591590.503492
795591590.503492
795591590.503492
795591590.503492
795591590.503492
795591590.503492
795527062.809802
795527062.809802
795527062.809802
795527062.809802
795527062.809802
795527062.809802
795527062.809802
795527062.809802
795203846.826093
795913391.858823
795913391.858823
795913391.858823
795015161.690566
795152557.375802
795152557.375802
795152557.375802
795152557.375802
795387871.971769
795129309.43963
795129309.43963
795129309.43963
795129309.43963
795129309.43963
795129309.43963
794700862.501849
794854488.5563
795131515.007373
795267061.692267
795267061.692267
795267061.692267
795267061.692267
795267061.692267
795267061.692267
795267061.692267
795267061.692267
795495355.869692
795148336.657579
795148336.657579
795148336.657579
795011550.172688
795314832.761768
795255581.15071
795255581.15071
795336894.158824
795336894.158824
794887679.789809
795094838.054516
794801059.104462
794896012.600844
794541070.054257
794541070.054257
795339827.163409
795253619.173187
795253619.173187
795204083.477894
794832033.849824
794923736.96553
795486578.364228
795406203.025241
795406203.025241
795384222.246515
795384222.246515
795384222.246515
795008109.862051
795008109.862051
795008109.862051
795211091.55564
795127618.899327
795127618.899327
795096053.359675
795096053.359675
795096053.359675
795300454.972427
795300454.972427
795300454.972427
795300454.972427
795300454.972427
795139654.234663
795139654.234663
795162221.457854
795162221.457854
795162221.457854
794943876.009592
794935267.707757
794935267.707757
794935267.707757
795000711.134129
795000711.134129
795000711.134129
795000711.134129
795000711.134129
795011435.522391
795011435.522391
795011435.522391
794725416.324737
795146222.205844
795146222.205844
795143786.38326
794929739.527036
795148954.986199
795340552.05613
795340552.05613
795303355.776878
795270159.572632
795270159.572632
795270159.572632
795585719.717089
795585719.717089
795585719.717089
795585719.717089
795585719.717089
795585719.717089
795585719.717089
795585719.717089
795585719.717089
795585719.717089
795585719.717089
795535494.851526
794648468.681114
794648468.681114
794648468.681114
794648468.681114
794648468.681114
794648468.681114
794648468.681114
794746431.468811
794746431.468811
795456267.418045
795230751.010531
795112759.468154
795111401.55101
795111401.55101
795111401.55101
795111401.55101
795111401.55101
795461111.632936
795461111.632936
795017075.379373
795017075.379373
795174190.150888
795174190.150888
794726223.154397
795130864.036714
795578800.656874
795578800.656874
795691225.57013
795691225.57013
795691225.57013
795691225.57013
795745422.600581
795745422.600581
795434512.319722
795295750.551597
795295750.551597
795295750.551597
794971845.189596
795078081.08883
795078081.08883
795078081.08883
795505686.138419
795684030.137528
795422351.331631
795422351.331631
795422351.331631
795422351.331631
795386631.561211
795324479.123714
795204493.782292
795204493.782292
795061721.061948
795061721.061948
795061721.061948
795061721.061948
795061721.061948
795173399.384199
795094412.545367
795094412.545367
795094412.545367
795415730.28061
795415730.28061
795247124.138648
795298158.907361
795298158.907361
795057319.644185
794994517.947035
794994517.947035
795734939.573077
795734939.573077
795734939.573077
795734939.573077
795045586.664612
795488328.659015
794914626.389161
795023778.354361
795675331.366536
795675331.366536
795675331.366536
795542469.140109
795542469.140109
795542469.140109
795455974.776507
795455974.776507
795455974.776507
795705799.90333
795404985.104446
795129196.498081
795176523.127345
795049068.74049
795568181.995652
795568181.995652
795568181.995652
795635978.38891
795635978.38891
795635978.38891
795438170.811695
795540647.941168
795540647.941168
795540647.941168
795540647.941168
795540647.941168
795540647.941168
795589686.498218
795589686.498218
794946932.540627
794841595.589717
794841595.589717
794841595.589717
795270307.494046
795270307.494046
795270307.494046
795270307.494046
795442476.449409
795591671.212054
795591671.212054
795591671.212054
795565341.009936
795565341.009936
794653703.082563
795023098.448416
795153672.663251
794895514.158686
794979384.098505
794979384.098505
794979384.098505
794979384.098505
794979384.098505
795343941.474399
795343941.474399
795343941.474399
795343941.474399
795887143.864088
795887143.864088
795088615.972011
795088615.972011
795088615.972011
795034676.275454
795034676.275454
795034676.275454
795034676.275454
795214563.279722
795214563.279722
795214563.279722
795214563.279722
795214563.279722
795214563.279722
795214563.279722
795214563.279722
794751974.563263
794751974.563263
794751974.563263
794751974.563263
795489149.530014
795489149.530014
795489149.530014
795489149.530014
795489149.530014
795160289.165346
795199569.330334
795199569.330334
795199569.330334
795199569.330334
795138406.315043
795613516.122164
795613516.122164
795331871.501393
795331871.501393
795195532.353056
795272947.834178
795272947.834178
795440527.316097
795586799.916846
795610198.370446
795610198.370446
795610198.370446
795610198.370446
795610198.370446
795610198.370446
795610198.370446
795610198.370446
795236182.199913
794917221.793159
794418201.222406
794418201.222406
794897392.015337
794897392.015337
794935299.966685
795034333.958977
794997016.990197
795452634.291037
795452634.291037
795452634.291037
795452634.291037
795452634.291037
794913242.865915
794913242.865915
794913242.865915
794913242.865915
794913242.865915
795003927.158827
795003927.158827
795372741.960069
795372741.960069
795363416.714199
795262636.763597
795262636.763597
795051490.123771
795051490.123771
795051490.123771
795332828.643836
795332828.643836
795031436.156741
795031436.156741
795031436.156741
795031436.156741
795031436.156741
795031436.156741
795086513.278001
795086513.278001
795086513.278001
795086513.278001
794892796.914847
794892796.914847
794964569.582433
794964569.582433
795100495.763387
795100495.763387
795100495.763387
795056327.019319
795056327.019319
795056327.019319
795034075.416381
795034075.416381
795034075.416381
795034075.416381
795034075.416381
795034075.416381
795034075.416381
795650728.96936
795650728.96936
795650728.96936
795650728.96936
795650728.96936
795650728.96936
795650728.96936
795650728.96936
795650728.96936
795650728.96936
795566402.412811
795566402.412811
795419287.891736
795122275.980662
795122275.980662
795337806.605008
795337806.605008
795337806.605008
795390232.039045
795390232.039045
795390232.039045
795240231.665064
795240231.665064
795240231.665064
795240231.665064
795240231.665064
795240231.665064
795020553.144564
795321081.264659
795113561.527369
795113561.527369
795113561.527369
795113561.527369
795130253.148856
795130253.148856
795130253.148856
795130253.148856
795130253.148856
795324440.568732
795324440.568732
795417498.381207
795070489.207047
795070489.207047
794690230.408631
794690230.408631
794690230.408631
794690230.408631
795576321.165972
795811068.521838
795110691.621092
795110691.621092
795110691.621092
795389189.441589
795389189.441589
795389189.441589
795304719.485245
795304719.485245
795459722.363001
795919186.872286
795289900.086814
794960229.908533
795115363.512726
795212965.976283
795212965.976283
795212965.976283
795110889.019964
795110889.019964
795110889.019964
795110889.019964
795110889.019964
795110889.019964
795150509.938576
794851058.155609
794851058.155609
794851058.155609
795258737.961908
795258737.961908
795258737.961908
795400367.356074
795400367.356074
795400367.356074
795363491.403182
794696519.447616
794743548.563298
794743548.563298
794578212.818381
794578212.818381
794988806.546407
794988806.546407
794988806.546407
794988806.546407
794815516.30232
794981677.195542
794981677.195542
794981677.195542
794981677.195542
794948180.339164
794948180.339164
794948180.339164
795043754.859916
795043754.859916
795310817.892432
795313841.987557
795209372.60202
795209372.60202
795405419.169286
795405419.169286
795093983.9407
795323101.53006
795329467.662842
795329467.662842
795240621.819745
795240621.819745
795302247.375209
795302247.375209
794988568.992519
794988568.992519
794988568.992519
794988568.992519
794988568.992519
794988568.992519
795487977.955576
795487977.955576
795487977.955576
795487977.955576
794738243.737678
794738243.737678
794738243.737678
794738243.737678
794906514.71714
794906514.71714
794906514.71714
795038600.877684
795061186.205544
795453098.541723
795453098.541723
795453098.541723
795453098.541723
795453098.541723
795050229.952262
795494506.781327
794903139.092351
795058163.323697
795252835.408873
795233858.802357
795233858.802357
795468939.556059
795459902.37506
795459902.37506
795469298.252864
795469298.252864
795469298.252864
795469298.252864
795171909.00427
795171909.00427
795171909.00427
794674754.173416
794674754.173416
794674754.173416
794959276.073951
794959276.073951
795339066.847927
795339066.847927
795339066.847927
795339066.847927
795339066.847927
795337434.22749
795337434.22749
795060124.759566
795060124.759566
795060124.759566
795060124.759566
795408743.70052
795408743.70052
795408743.70052
795452590.470529
795045385.728689
795045385.728689
795045385.728689
795045385.728689
794520114.051488
794520114.051488
794520114.051488
795209628.997744
795209628.997744
795209628.997744
795474963.553274
794910542.378469
794910542.378469
795332699.510244
795332699.510244
795332699.510244
794718166.680361
795275366.332839
795175340.61489
795170503.804233
795170503.804233
795170503.804233
795034996.297515
794881875.731407
794881875.731407
794881875.731407
794652999.066822
794652999.066822
795289584.405305
795289584.405305
795140930.647574
795140930.647574
795140930.647574
795140930.647574
795059404.888384
795059404.888384
795059404.888384
795059404.888384
795059404.888384
795059404.888384
794986585.06383
794986585.06383
794986585.06383
794708022.378662
794806544.607334
794806544.607334
794800647.243473
794814134.365938
794804818.164937
794804818.164937
794804818.164937
794804818.164937
794804818.164937
794804818.164937
794804818.164937
794804818.164937
794804818.164937
795830206.436516
795830206.436516
795838001.630094
795727679.72738
795727679.72738
795427940.472207
795305055.115031
795305055.115031
795305055.115031
795073860.140335
795073860.140335
795073860.140335
795297931.921515
795642486.64061
795642486.64061
795642486.64061
795642486.64061
794894586.149549
794894586.149549
794894586.149549
794950254.951614
795092994.672194
795092994.672194
795092994.672194
795161818.280236
795161818.280236
795189889.119799
795364063.880567
795327184.753273
795327184.753273
795327184.753273
795327184.753273
795327184.753273
795312694.57282
795316720.93495
795316720.93495
795316720.93495
795316720.93495
795316720.93495
795316720.93495
794965959.758907
795216150.798857
795216150.798857
795216150.798857
795216150.798857
795538960.111963
795915398.255174
795507610.317547
795507610.317547
795069690.380283
795069690.380283
795069690.380283
794785892.486471
794785892.486471
794785892.486471
795143669.452508
795200147.494039
795200147.494039
795366763.425822
795366763.425822
794970475.486582
794970475.486582
796007015.748357
796146306.912475
796146306.912475
795780637.187561
795780637.187561
795780637.187561
795780637.187561
795780637.187561
795091838.870803
795379147.225606
795379147.225606
795379147.225606
795379147.225606
795154720.358565
795218259.522449
794723125.750892
794723125.750892
794900785.645576
795320409.654952
795320409.654952
795320409.654952
795320409.654952
795320409.654952
795273514.117065
795273514.117065
795631667.51321
795573984.533845
795573984.533845
795573984.533845
795573984.533845
795158499.795204
795158499.795204
795158499.795204
795158499.795204
795158499.795204
795808449.887789
795808449.887789
795808449.887789
795808449.887789
795808449.887789
795819484.204866
795643941.183436
795496111.764416
795213650.976125
795213650.976125
795213650.976125
795213650.976125
795511702.652887
795352123.568508
795352123.568508
795319253.043715
795319253.043715
795319253.043715
795319253.043715
794910987.797769
795249669.734927
795249669.734927
794898623.120954
794898623.120954
794898623.120954
794898623.120954
794898623.120954
794965728.656806
795626143.211826
795553738.477715
795553738.477715
795169821.082019
795169821.082019
795438298.161052
795438298.161052
795299343.988546
795299343.988546
795299343.988546
795299343.988546
794448442.65692
794448442.65692
794448442.65692
794448442.65692
794553555.46288
794636175.635298
794940488.678576
795177636.473972
795177636.473972
795177636.473972
795177636.473972
795223879.768026
795223879.768026
795223879.768026
795258296.273538
795253651.833148
795253651.833148
794942501.114808
794942501.114808
794942501.114808
794753346.498316
794753346.498316
794924404.868243
794924404.868243
794596312.565838
795279593.267812
795279593.267812
795279593.267812
794851682.331287
795102575.897012
795199883.95526
795199883.95526
795137658.474825
795070707.629674
794854635.61348
794854635.61348
794854635.61348
794854635.61348
794854635.61348
794854635.61348
794854635.61348
795530387.58891
795522092.634908
795522092.634908
795549695.354586
795549695.354586
795549695.354586
795417111.338247
795417111.338247
795858616.622415
795858616.622415
795537453.02948
795537453.02948
795480212.392482
795480212.392482
795549432.472719
795441849.390829
794952325.582804
794952325.582804
795114313.088717
795114313.088717
795335770.376383
795710382.8842
795710382.8842
795710382.8842
794752613.494291
794752613.494291
794752613.494291
794821405.846296
794821405.846296
794821405.846296
794821405.846296
794821405.846296
794821405.846296
794821405.846296
794818099.193923
795045975.671063
794818644.896766
794818644.896766
794818644.896766
795110954.610682
795110954.610682
795110954.610682
795464294.419302
795306786.087569
795279159.512363
795588658.162274
795588658.162274
795215282.932344
795215282.932344
794719068.202099
795055653.446887
795055653.446887
795055653.446887
795064988.346941
795064988.346941
795064988.346941
795420500.591156
795484190.515956
795484190.515956
795484190.515956
795484190.515956
795484190.515956
795484190.515956
795496485.603039
795496485.603039
795496485.603039
795496485.603039
795496485.603039
795496485.603039
795496485.603039
795496485.603039
795254246.453228
795254246.453228
795254246.453228
795254246.453228
795254246.453228
795254246.453228
795231111.152806
795231111.152806
795231111.152806
795014167.529121
795014167.529121
795014167.529121
794868931.344617
794868931.344617
795020048.116813
795553488.410986
794907258.487328
794907258.487328
794971561.613726
794994811.988973
794994811.988973
795244787.417398
795520604.428467
795275490.74313
795175223.032613
795175223.032613
795178869.458499
795100248.469175
795100248.469175
795100248.469175
795100248.469175
795064701.93578
794805520.10462
794981810.668001
794981810.668001
794821445.852002
794821445.852002
794821445.852002
794876091.315224
795141154.015905
795141154.015905
795141154.015905
795141154.015905
795141154.015905
794985135.844759
794985135.844759
794904163.631035
794904163.631035
794904163.631035
794904163.631035
794904163.631035
794656985.20899
794656985.20899
795290362.369551
795290362.369551
795290362.369551
795229826.633613
795229826.633613
795229826.633613
795229826.633613
795229826.633613
795504623.074802
795497363.606637
795497363.606637
795497363.606637
795497363.606637
795497363.606637
795497363.606637
795497363.606637
795497363.606637
795771330.100742
795771330.100742
795531363.338951
794944168.456854
794944168.456854
794944168.456854
794737616.8226
795249148.434802
795249148.434802
795249148.434802
795249148.434802
795249148.434802
795249148.434802
795218892.51125
795218892.51125
795335463.100175
795335463.100175
795424192.428743
795678504.799797
795678504.799797
795463175.201815
794899403.109648
794899403.109648
794899403.109648
794789501.628222
794855431.693356
795138419.855207
795138419.855207
794908666.031045
794465935.722248
794465935.722248
794249878.505274
794230493.100457
794852357.960174
794852357.960174
795050252.899633
795050252.899633
795050252.899633
794446308.381334
794446308.381334
795121253.539214
795121253.539214
795121253.539214
795121253.539214
795121253.539214
795121253.539214
795121253.539214
795121253.539214
795162374.344939
795162374.344939
795162374.344939
795582469.844915
795639952.496575
795639952.496575
795639952.496575
795639952.496575
795639952.496575
794566705.406921
794566705.406921
794566705.406921
794572804.721982
794899591.059626
794899591.059626
794894454.068285
795133011.005772
795133011.005772
795133011.005772
795133011.005772
795442395.230936
795442395.230936
795442395.230936
795296354.822592
795296354.822592
795366828.954571
795366828.954571
795366828.954571
795187037.937363
795252232.67727
795252232.67727
795252232.67727
795252232.67727
795252232.67727
795252232.67727
795252232.67727
795252232.67727
795252232.67727
795252232.67727
795153066.504413
795399383.812611
795399383.812611
795520698.276253
795520698.276253
795259314.114593
795259314.114593
795259314.114593
795259314.114593
795259314.114593
795259314.114593
795259314.114593
795259314.114593
795259314.114593
795259314.114593
795201784.484288
795201784.484288
795201784.484288
795201784.484288
795201784.484288
795201784.484288
795201784.484288
795201784.484288
795201784.484288
795193832.959675
795193832.959675
795193832.959675
795193832.959675
795291721.426158
795616548.720213
795588636.366357
795740883.564281
795462355.291044
795340530.258284
795690669.871825
795690669.871825
795690669.871825
795570631.377584
795570631.377584
795672580.138269
795436014.956251
795252255.883988
794654342.768648
794654342.768648
794735387.392881
795117058.985207
795117058.985207
794713778.443602
794713778.443602
795279502.633778
795279502.633778
795279502.633778
795331425.144305
795202895.829507
795202895.829507
795202895.829507
795052896.365613
794816169.991132
794816169.991132
794816169.991132
795298670.702047
795298670.702047
794969663.966799
794969663.966799
795090764.646061
795090764.646061
795090764.646061
795269116.896148
795032207.637956
795032207.637956
795273128.750374
795273128.750374
795459180.783774
795459180.783774
794974176.401013
794974176.401013
794974176.401013
794974176.401013
795045084.028535
795146124.679073
795146124.679073
795146124.679073
794744398.914051
794744398.914051
794744398.914051
794932771.299592
794932771.299592
794932771.299592
794932771.299592
794932771.299592
794932771.299592
794932771.299592
794870770.45356
794972926.164311
795368503.071726
795500656.676305
795500656.676305
795493083.184743
795493083.184743
795341042.18114
795341042.18114
795341042.18114
795341042.18114
795088150.962877
795189870.708398
795189870.708398
795189870.708398
795189870.708398
795189870.708398
795189870.708398
795193959.406482
795193959.406482
795193959.406482
795193959.406482
795193959.406482
795193959.406482
795341238.297481
794860514.389724
794860514.389724
795345661.037225
795302693.938409
794942305.224473
794942305.224473
794942305.224473
795389046.745412
795389046.745412
795389046.745412
795389046.745412
795389046.745412
795389046.745412
795389046.745412
795389046.745412
795389046.745412
794760824.290185
794423797.016849
795041664.627166
795041664.627166
794864459.761392
794864459.761392
794864459.761392
795091454.139471
795091454.139471
794854162.523867
794854162.523867
795074541.680518
795074541.680518
795074541.680518
794980989.38758
794980989.38758
794980989.38758
794980989.38758
794980989.38758
794980989.38758
794980989.38758
794980989.38758
794980989.38758
794980989.38758
794980989.38758
795300357.360487
795210829.586268
795367529.911692
795422659.210091
795422659.210091
795422659.210091
795197430.436501
795197430.436501
795197430.436501
795197430.436501
795197430.436501
795332572.781518
795332572.781518
795346013.562844
795361066.045992
795361066.045992
795368357.807133
795368357.807133
795130993.330017
795130993.330017
795244946.08967
795244946.08967
795244946.08967
795564023.017149
795030688.493722
794713503.864324
794713503.864324
794799059.926402
794882626.149255
794882626.149255
795585054.972005
795585054.972005
795585054.972005
795585054.972005
795598220.319612
795598220.319612
795034577.850774
795034577.850774
794813448.038182
795026728.110914
795077937.923636
795077937.923636
794992960.20527
794971019.681296
795009604.401041
795009604.401041
795403999.412108
795403999.412108
795315642.736041
795315642.736041
795315642.736041
795315642.736041
795492384.308632
795171900.442445
795180922.786307
794655042.516617
795424950.807678
795424950.807678
795424950.807678
795424950.807678
795424950.807678
795248114.593367
795170957.019872
795258890.699869
795258890.699869
795707060.56468
795650750.037816
795420036.163669
795226923.385225
795226923.385225
795226923.385225
795226923.385225
795494453.749699
795494453.749699
795543639.469296
795543639.469296
795543639.469296
795546122.323218
795546122.323218
795672879.639102
795672879.639102
795672879.639102
795672879.639102
795672879.639102
795672879.639102
795202114.548151
795202114.548151
795172598.518133
795172598.518133
795172598.518133
795172598.518133
795210988.842028
795210988.842028
795210988.842028
794795533.216708
794795533.216708
794795533.216708
794795533.216708
794795533.216708
794795533.216708
794795533.216708
794795533.216708
794799818.684005
794799818.684005
794799818.684005
794799818.684005
794970556.221906
795179080.702895
795179080.702895
795460394.825715
795460394.825715
795460394.825715
795460394.825715
795312307.342372
795713736.5285
795749993.941585
795749993.941585
795749993.941585
795749993.941585
795749993.941585
795749993.941585
795332198.197395
795332198.197395
795332198.197395
795332198.197395
795332198.197395
795428757.847987
795428757.847987
795428757.847987
795666284.798468
795666284.798468
795420690.420563
795420690.420563
795420690.420563
795420690.420563
795420690.420563
795511499.326984
795511499.326984
795511499.326984
795511499.326984
795511499.326984
795454527.527228
795454527.527228
795454527.527228
795313580.6203
795313580.6203
795313580.6203
795408027.942803
795408027.942803
795408027.942803
795408027.942803
795408027.942803
795408027.942803
795308399.058151
795015506.173588
795015506.173588
795015506.173588
795015506.173588
795166052.498562
795166052.498562
795166052.498562
795156488.800408
794897309.302801
794897309.302801
794410940.567075
794819341.499732
794641158.047402
794641158.047402
794641158.047402
794641158.047402
794641158.047402
794641158.047402
795111797.795042
795077254.525604
795077254.525604
794925063.625221
794925063.625221
794925063.625221
794925063.625221
794768133.016634
794768133.016634
795102535.053548
795150951.894277
795150951.894277
795150951.894277
795150951.894277
795765226.804755
795404311.094471
795515132.481254
795515132.481254
795587288.442501
795587288.442501
795587288.442501
795293484.842791
795293484.842791
795293484.842791
795293484.842791
795293484.842791
795293484.842791
794932505.271033
795075058.068931
795075058.068931
795075058.068931
795790026.260874
795790026.260874
795025946.919068
795025946.919068
795025946.919068
795025946.919068
794898212.634166
795085998.7233
795245375.625672
795120262.348763
795120262.348763
795120262.348763
795420741.784337
795386484.972482
795386484.972482
795063553.246876
795063553.246876
795522619.504464
795522619.504464
795522619.504464
795522619.504464
795522619.504464
795531312.243112
795531312.243112
795531312.243112
794669893.464678
794669893.464678
794669893.464678
794928503.570036
794928503.570036
794928503.570036
794928503.570036
794928503.570036
794928503.570036
795411203.305927
795411203.305927
794806065.499846
794806065.499846
794806065.499846
794972519.922515
794972519.922515
795019040.499292
795019040.499292
794942499.555609
794942499.555609
794942499.555609
794942499.555609
794717755.944389
794717755.944389
794737042.85399
794834190.277718
794834190.277718
795500379.429278
795500379.429278
795227350.313854
795292571.461408
795292571.461408
794963738.419677
794963738.419677
794963738.419677
794963738.419677
795092540.038064
795469534.518381
795134137.809136
795134137.809136
795134137.809136
795322544.784374
794680410.028157
794680410.028157
794680410.028157
794725218.823824
794725218.823824
794725218.823824
795093346.514022
795093346.514022
795093346.514022
794913537.726661
794913537.726661
794913537.726661
794913537.726661
794913537.726661
794913537.726661
795571929.080165
794969023.266158
794969023.266158
794969023.266158
795076530.496596
795076530.496596
795076530.496596
795076530.496596
795299410.961873
795299410.961873
795299410.961873
795299410.961873
795299410.961873
795299410.961873
795299410.961873
795299410.961873
795299410.961873
795071946.319458
795071946.319458
795071946.319458
795376359.455029
794980920.095984
794980920.095984
794980920.095984
795512790.746391
795512790.746391
795512790.746391
795512790.746391
795512790.746391
795512790.746391
795107471.71476
795107471.71476
795092219.615557
795188467.339208
795188467.339208
795188467.339208
795084917.328624
795084917.328624
795195647.658991
795057412.340789
795057412.340789
795155442.1537
795155442.1537
795155442.1537
795155442.1537
795155442.1537
795155442.1537
795155442.1537
795400139.137946
795400139.137946
795369367.928687
795369367.928687
795528690.641652
795528690.641652
795528690.641652
795528655.64838
795343646.072959
795343646.072959
795343646.072959
795018128.144268
795018128.144268
795180756.832979
795274658.973218
795274658.973218
795274658.973218
795274658.973218
795274658.973218
795274658.973218
795274658.973218
795274658.973218
795437568.361194
796127077.006601
796127077.006601
796127077.006601
795408485.720181
795408485.720181
795408485.720181
795408485.720181
795408485.720181
795408485.720181
795239398.258931
795239398.258931
795239398.258931
795239398.258931
795239398.258931
795239398.258931
795239398.258931
795239398.258931
795239398.258931
795239398.258931
795239398.258931
795279436.784725
795516180.938195
795541989.328568
795541989.328568
794982713.110067
795476820.706152
795476820.706152
795476820.706152
795369440.167606
795369440.167606
795137500.762335
795137500.762335
795137500.762335
795563135.287877
795449427.218587
795449427.218587
795449427.218587
795449427.218587
795589509.800397
795589509.800397
795589509.800397
795589509.800397
795589509.800397
795589509.800397
795726825.776175
795726825.776175
795726825.776175
795004214.092674
794937430.97372
795199898.422464
795199898.422464
795259855.183221
795259855.183221
795483311.018817
795358767.629869
795358767.629869
795358767.629869
795280531.947973
795142094.595343
795142094.595343
795075775.399262
795075775.399262
795075775.399262
795075775.399262
795075775.399262
795075775.399262
795075775.399262
795075775.399262
795075775.399262
795075775.399262
795075775.399262
795075775.399262
795075775.399262
795075775.399262
795200292.465824
795200292.465824
795200292.465824
795200292.465824
795197102.878117
795380007.571466
795380007.571466
795380007.571466
795380007.571466
794887056.49886
794958562.181458
794958562.181458
794940455.361415
794940455.361415
794940455.361415
794940455.361415
794940455.361415
794818935.66631
794786789.42661
794679197.020764
794679197.020764
794679197.020764
794753559.717966
794753559.717966
794753559.717966
794753559.717966
794753559.717966
794753559.717966
795227019.264838
795227019.264838
795322332.815682
795315663.518871
795315663.518871
795169278.852784
795169278.852784
795169278.852784
795137934.649424
795137934.649424
795137934.649424
795137934.649424
795137934.649424
795137934.649424
794692235.845486
794692235.845486
794692235.845486
794692235.845486
794685999.277426
794734744.152402
795021427.549893
795021427.549893
795021427.549893
795021427.549893
795378767.713816
795378767.713816
795924511.420151
795924511.420151
795924511.420151
795924511.420151
795924511.420151
795682936.979626
795682936.979626
795667864.257722
795417235.669511
795417235.669511
795417235.669511
794899064.451406
794899064.451406
794981336.552106
794981336.552106
794981336.552106
794981336.552106
794981336.552106
794981336.552106
794981336.552106
794981336.552106
794981336.552106
795382547.18699
795382547.18699
795382547.18699
795376792.12175
795376792.12175
795172031.620131
795172031.620131
795172031.620131
794743409.001775
794743409.001775
794743409.001775
794743409.001775
794993115.425593
794993115.425593
795380983.66353
795380983.66353
795142050.516809
795142050.516809
794776552.365855
794776552.365855
794743415.779894
794904823.209412
795647460.863135
795445825.280355
795445825.280355
795445825.280355
795445825.280355
795445825.280355
795372444.794099
795646013.944181
795646013.944181
795921680.620446
795087757.293819
795087757.293819
795534336.339896
795534336.339896
795534336.339896
795534336.339896
795534336.339896
795534336.339896
794908493.621056
795135316.456964
795264896.67397
795345814.353651
795149453.143633
795149453.143633
795149453.143633
795165880.689639
795165880.689639
795125059.24642
795125059.24642
795125059.24642
795125059.24642
795321479.849063
795321479.849063
795246055.826601
795246055.826601
795246055.826601
794753887.166959
795114973.973807
794850281.405686
794634463.284714
794944460.07164
794944460.07164
794809179.082532
795287875.615015
795289638.80858
795170147.742254
795170147.742254
795170147.742254
795091280.623057
795828350.338964
795828350.338964
795398031.025375
795398031.025375
795398031.025375
795398031.025375
795470044.737932
795113063.585396
794975008.644527
794975008.644527
794975008.644527
795028560.061232
795028560.061232
795028560.061232
795028560.061232
795028560.061232
795028560.061232
795028560.061232
795028560.061232
795028560.061232
795411434.279151
795411434.279151
795213704.583445
795213704.583445
795160608.171369
795160608.171369
794917244.551416
794917244.551416
794917244.551416
794917244.551416
795126055.530953
795126055.530953
795126055.530953
795181473.691963
794977992.315897
794977992.315897
795115695.9243
795102241.031112
795102241.031112
795102241.031112
795361994.156183
795525632.235455
795525632.235455
795572199.432806
795388035.148557
795388035.148557
795388035.148557
795388035.148557
795388035.148557
795443529.218341
795443529.218341
795443529.218341
795307418.138313
794751010.636615
795136923.237197
795136923.237197
795136923.237197
795136923.237197
795159231.817779
795159231.817779
795174233.216183
794948820.787041
795082962.797507
795525310.189641
795525310.189641
795525310.189641
795609390.408422
795609390.408422
795249280.822436
795249280.822436
795249280.822436
795177657.312544
795177657.312544
795177657.312544
795177657.312544
794815452.252824
794705807.886127
795304311.369162
795304311.369162
795304311.369162
795304311.369162
795304311.369162
795304311.369162
795304311.369162
795304311.369162
794969349.061143
794840989.674694
794840989.674694
794840989.674694
794840989.674694
794808560.903598
794583223.718297
794583223.718297
794890510.6757
794890510.6757
794890510.6757
794890510.6757
794516099.386503
794516099.386503
794885617.905166
794885617.905166
795046087.10607
794695467.366443
794695467.366443
794695467.366443
794695467.366443
794695467.366443
794695467.366443
794695467.366443
795242333.094504
795265493.417197
795265493.417197
795265493.417197
795265493.417197
795824469.351892
795366211.392959
795316710.604854
795316710.604854
795316710.604854
795316710.604854
795316710.604854
795316710.604854
795316710.604854
795316710.604854
795316710.604854
795316710.604854
794814913.564779
794935551.799952
794935551.799952
795281179.76444
795281179.76444
794943317.959176
794943317.959176
795203323.785585
795203323.785585
795203323.785585
795203323.785585
795056633.145083
795056633.145083
795470530.611272
794962972.263615
795163513.408672
795163513.408672
795163513.408672
795163513.408672
795291636.166057
795209586.837454
795209586.837454
795379528.473882
795749934.624227
795749934.624227
795207017.519577
795207017.519577
794978643.660955
794978643.660955
795491725.38523
795658930.177804
795658930.177804
795658930.177804
795169675.509857
795679224.773337
795679224.773337
795679224.773337
795679224.773337
795679224.773337
795281324.48207
795281324.48207
795281324.48207
795082377.251995
795121921.765019
795121921.765019
795121921.765019
795121921.765019
795733622.12093
795733622.12093
795733622.12093
795227278.631661
795227278.631661
795025195.947487
795172984.194644
795172984.194644
795319867.029631
795318157.127823
795318157.127823
795318157.127823
795318157.127823
795318157.127823
795318157.127823
795318157.127823
795318157.127823
795520510.579695
795015805.311013
794524369.027028
794896794.949598
795147594.395493
795147594.395493
795140609.20249
795140609.20249
795140609.20249
795140609.20249
795681933.288053
795316793.45027
795316793.45027
795316793.45027
795316793.45027
795316793.45027
795316793.45027
795471448.59636
795658550.725637
795658550.725637
795257235.185109
795257235.185109
795257235.185109
795257235.185109
795279300.651107
795279300.651107
795279300.651107
795279300.651107
794976702.853293
794976702.853293
795047990.405747
795047990.405747
795309442.244873
795309442.244873
795605802.634163
795605802.634163
794882745.85179
794882745.85179
794902487.400328
794902487.400328
794860941.390069
794860941.390069
794860941.390069
794860941.390069
794860941.390069
794860941.390069
794769565.743997
794880480.734654
795569383.849621
795569383.849621
795569383.849621
795754987.704054
795221598.107775
795187214.312284
795205664.130619
795301189.365461
795301189.365461
795301189.365461
795299177.98394
795299177.98394
795299177.98394
795437437.972823
795437437.972823
795437437.972823
795437437.972823
795437437.972823
795437437.972823
795181347.094999
795181347.094999
795181347.094999
795373311.16339
795492781.292171
795492781.292171
795492781.292171
795492781.292171
795149916.094882
795741182.992222
795741182.992222
795546632.411971
795546632.411971
795423106.402119
795157575.064816
795157575.064816
795157575.064816
795449007.687757
795449007.687757
795449007.687757
795449007.687757
795449007.687757
795449007.687757
795449007.687757
795449007.687757
795449007.687757
795449007.687757
795449007.687757
795449007.687757
795176308.547864
795176308.547864
795176308.547864
795481781.566864
795318738.231449
795318738.231449
795318738.231449
795318738.231449
795318738.231449
795318738.231449
795318738.231449
795204525.083629
795204525.083629
795112194.956037
795112194.956037
795112194.956037
794924989.811959
794924989.811959
794924989.811959
794951947.018843
794951947.018843
795251399.091494
795251399.091494
795251399.091494
795251399.091494
795251399.091494
795251399.091494
794609605.908347
794823667.907651
794990645.337531
795337984.764348
795301953.661339
795810195.18213
795894839.467705
795552062.184966
795216492.654498
795216492.654498
795216492.654498
795216492.654498
795216492.654498
795216492.654498
795185929.588099
795165911.441927
795165911.441927
795165911.441927
794520178.60527
794520178.60527
794520178.60527
794548701.66683
794548701.66683
794548701.66683
794965388.927605
795096259.692898
795067962.377167
795067962.377167
794893212.687379
795119464.439591
795119464.439591
795119464.439591
795119464.439591
795480203.312197
795089939.919535
795089939.919535
795089939.919535
795489670.389205
795772879.85511
795772879.85511
795772879.85511
795772879.85511
794833031.955586
794833031.955586
794833031.955586
794833031.955586
794833031.955586
794833031.955586
794968451.674504
794968451.674504
794968451.674504
794909939.459907
794909939.459907
794742152.342101
794775180.594224
795111657.178557
795111657.178557
795025962.237036
795025962.237036
795025962.237036
794960298.498315
794960298.498315
794960298.498315
794960298.498315
794960298.498315
794960298.498315
794597714.87811
794597714.87811
794682393.345832
794682393.345832
794682393.345832
794682393.345832
794682393.345832
794682393.345832
794682393.345832
794682393.345832
795004706.918828
795004706.918828
795087386.662045
795087386.662045
795087386.662045
795087386.662045
794594656.494372
794679923.453861
794679923.453861
794679923.453861
794679923.453861
795235248.259475
795235248.259475
795235248.259475
795235248.259475
795096665.065097
795096665.065097
795096665.065097
795096665.065097
795124008.62525
795124008.62525
795124008.62525
795124008.62525
795124008.62525
795124008.62525
795124008.62525
795124008.62525
795124008.62525
795124008.62525
795124008.62525
795124008.62525
795399007.254607
795271564.738205
795501048.563086
795110807.674401
795498526.472799
795642584.954353
795642584.954353
795653575.551051
795653575.551051
795653575.551051
795653575.551051
795508599.569293
795508599.569293
794777303.750517
794777303.750517
794777303.750517
794777303.750517
795590930.889774
795865616.382969
795772283.377586
795044993.800011
795044993.800011
795044993.800011
795552595.579982
795552595.579982
795552595.579982
795552595.579982
795524455.184678
795524455.184678
795524455.184678
795524455.184678
795524455.184678
795524455.184678
795524455.184678
795526250.833521
795607234.203388
795607234.203388
795148577.588312
795148577.588312
795148577.588312
795148577.588312
795148577.588312
795148577.588312
794458439.464982
794990067.449395
794963889.711777
795139531.105147
795139531.105147
795139531.105147
795139531.105147
795139531.105147
795122998.727062
795122998.727062
795122998.727062
795122998.727062
795122998.727062
795122998.727062
795122998.727062
794821602.093879
794667793.475491
795233854.197893
795233854.197893
795233854.197893
795293486.871034
795293486.871034
795257653.928254
795257653.928254
795257653.928254
795019961.128579
795019961.128579
795957985.35604
795957985.35604
795957985.35604
795957985.35604
795664055.436259
795664055.436259
795664055.436259
795664055.436259
795664055.436259
795664055.436259
795664055.436259
795393250.201879
794963924.74038
794963924.74038
795068595.369694
795068595.369694
795166691.808305
795166691.808305
795365199.795212
795365199.795212
795035991.921924
795035991.921924
795035991.921924
795035991.921924
795035991.921924
795035991.921924
795035991.921924
795035991.921924
795181431.493833
795341903.769024
795341903.769024
795341903.769024
795341903.769024
795341903.769024
795341903.769024
795341903.769024
795069811.373605
795069811.373605
795069811.373605
795193559.886854
794468054.212326
794523774.861091
794523774.861091
794797413.252221
794779630.575801
795062327.347965
795069319.73985
795069319.73985
795123940.18452
795638808.335962
795638808.335962
795638808.335962
795638808.335962
794937094.289818
795068242.046672
794833923.298354
794833923.298354
794833923.298354
794833923.298354
795337889.885503
795337889.885503
795139056.520827
795139056.520827
794727854.477711
795018493.036767
795018493.036767
795018493.036767
795018493.036767
795018493.036767
795018493.036767
795018493.036767
795047519.61689
795047519.61689
795047519.61689
794895055.060146
794895055.060146
794942932.257277
794942932.257277
795181682.297934
795485740.026377
795485740.026377
795485740.026377
795485740.026377
795485740.026377
795485740.026377
795385848.233065
795314208.977573
795314208.977573
795140432.382754
795140432.382754
795140432.382754
795140432.382754
795042914.211969
795034251.267308
795304319.305213
795796251.826817
795471004.950144
795521726.99181
795521726.99181
795521007.546615
795521007.546615
795521007.546615
795282497.283887
795282497.283887
795282497.283887
795282497.283887
795375821.426282
795376019.079654
795376019.079654
795376019.079654
795052669.081023
795052669.081023
795052669.081023
795102733.019937
795102733.019937
795102733.019937
795069315.493744
795508494.049614
795508494.049614
795508494.049614
795508494.049614
795508494.049614
795445079.404583
795445079.404583
795445079.404583
795460891.595841
795061100.402253
795061100.402253
795061100.402253
795403892.386564
794750918.597508
794750918.597508
794750918.597508
795188398.400006
795093973.801132
795093973.801132
795093973.801132
795093973.801132
795093973.801132
795270504.853652
795342968.407813
795342968.407813
795342968.407813
795342968.407813
795342968.407813
795342968.407813
795235505.865599
795235505.865599
795235505.865599
795235505.865599
795235505.865599
794889296.087199
794889296.087199
795294138.444041
795368785.728486
795355326.477179
795355326.477179
795355326.477179
795355326.477179
794987771.53538
795487645.697805
795487645.697805
795487645.697805
795128435.149538
795128435.149538
795322850.200823
795322850.200823
795322850.200823
795322850.200823
794688866.223033
794688866.223033
794688866.223033
794688866.223033
794688866.223033
794688866.223033
795290024.261184
795290024.261184
795290024.261184
795290024.261184
795290024.261184
795290024.261184
795290024.261184
795290024.261184
795000104.220008
795000104.220008
795000104.220008
795846282.488789
795760613.946125
795959648.092625
795959648.092625
795743044.98079
795743044.98079
795743044.98079
795754465.190479
795757793.738389
795452067.291943
795452067.291943
795452067.291943
795452067.291943
795452067.291943
794793308.033783
794793308.033783
794793308.033783
794793308.033783
794793308.033783
794793308.033783
795219834.16474
795211527.053643
795358385.162935
795531015.247504
795396312.273096
795396312.273096
795529861.556299
795529861.556299
795748004.245201
795161163.2118
794830032.917173
794921673.784663
794921673.784663
794921673.784663
794921673.784663
794921673.784663
794921673.784663
794921673.784663
794921673.784663
794921673.784663
795157582.981972
795157582.981972
795157582.981972
794729049.221595
795115428.809891
795004601.608033
795004601.608033
795234434.764746
795234434.764746
795144188.332483
795144188.332483
795144188.332483
795440022.629209
795611624.580391
795611624.580391
795611624.580391
795278010.518138
795278010.518138
795278010.518138
795278010.518138
795278010.518138
795278010.518138
795278010.518138
794828641.757703
794795959.395965
794795959.395965
794795959.395965
794698628.216593
794698628.216593
794698628.216593
794738426.659295
794738426.659295
794677179.159605
794940631.451215
794940631.451215
794940631.451215
794940631.451215
794851911.174893
794783283.685765
795066798.750864
794947330.438976
795112627.407686
795112627.407686
795112627.407686
795112627.407686
795112627.407686
795112627.407686
795112627.407686
795112627.407686
795308678.679634
795308678.679634
795308678.679634
795308678.679634
795479166.792023
795070923.713019
795123355.105803
795123355.105803
795123355.105803
795123355.105803
795123355.105803
794994231.95875
795240066.947911
795240066.947911
795240066.947911
795240066.947911
795240066.947911
795240066.947911
795240066.947911
795240066.947911
795240066.947911
795240066.947911
795240066.947911
795240066.947911
795579627.905225
795579627.905225
795848726.42851
795489166.182942
795563803.351481
795563803.351481
795563803.351481
795563803.351481
795531759.764449
795531759.764449
795531759.764449
794910994.441042
794910994.441042
794910994.441042
794910994.441042
794627125.050962
794617688.154536
794617688.154536
794831357.131765
794972065.578482
794972065.578482
794972065.578482
795107410.178566
795013710.141083
795013710.141083
795013710.141083
795013710.141083
795475187.22701
795475187.22701
795475187.22701
795018727.1726
795018727.1726
794746922.082396
794746922.082396
794776323.836813
794595359.056794
794595359.056794
795111758.320697
794772991.856217
794772991.856217
794809915.149075
794809915.149075
794809915.149075
794809915.149075
794809915.149075
794737127.559382
794791411.041827
795025339.652773
795025339.652773
795025339.652773
795332972.021996
795332972.021996
795332972.021996
794905983.154877
795408768.88851
795408768.88851
795193337.100362
795193337.100362
795157878.225434
795157878.225434
795157878.225434
795369549.124154
795345965.301762
795345965.301762
795345965.301762
795345965.301762
795345965.301762
795420424.016026
795236910.309158
795317316.619904
795216370.170499
795308573.296208
795352344.633797
795352344.633797
795658026.512807
795658026.512807
795600428.952924
795312104.946189
795312104.946189
794788659.772273
794788659.772273
794788659.772273
795066049.247374
795066049.247374
795050755.198041
795050755.198041
795050755.198041
795366316.641106
795366316.641106
795082735.082722
795082735.082722
794789617.892236
794789617.892236
794789617.892236
794789617.892236
794997074.606232
794997074.606232
794997074.606232
794997074.606232
794987152.606736
795493005.584727
795493005.584727
795208558.71419
795208558.71419
795208558.71419
795208558.71419
795208558.71419
795208558.71419
795169380.128527
794824853.158624
794824853.158624
794824853.158624
795127222.911588
795477212.278619
795477212.278619
795450371.310317
795450371.310317
795450371.310317
795450371.310317
795450371.310317
795450371.310317
795357781.173341
795357781.173341
795357781.173341
795357781.173341
795357781.173341
795357781.173341
795389772.853525
795389772.853525
795194920.767384
794940715.890807
794611626.450998
794611626.450998
794611626.450998
794754707.265249
794754707.265249
794972350.06688
794972350.06688
794783882.308852
795191378.933008
795191378.933008
795191378.933008
795269884.691269
795269884.691269
794341849.588853
794341849.588853
794341849.588853
795265601.778492
795153187.403791
795283742.628891
795513159.622694
795513159.622694
795232103.868165
795434802.738855
795416687.292423
795187287.127478
795187287.127478
795187287.127478
795187287.127478
795187287.127478
795295923.74622
795295923.74622
795295923.74622
795116485.015316
795116485.015316
795116485.015316
795116485.015316
795116485.015316
795208010.250838
795208010.250838
795208010.250838
795022914.95908
795138949.611866
795138949.611866
795172499.656148
795171609.093576
795171609.093576
795093287.984603
795093287.984603
795093287.984603
794693301.233128
795432165.285445
795432165.285445
795452703.529197
795452703.529197
795452703.529197
795181026.27354
795248723.985628
795248723.985628
795248723.985628
795248723.985628
795248723.985628
795248723.985628
794522297.291913
794647757.923321
794647757.923321
794647757.923321
794647757.923321
795357024.493625
795357024.493625
795450652.417571
795450652.417571
795595004.246024
795595004.246024
795595004.246024
795595004.246024
795595004.246024
795407604.093217
795407604.093217
795407604.093217
795407604.093217
795506111.597365
795099910.116958
795168116.417602
795168116.417602
795168116.417602
795168116.417602
795320547.191406
795320547.191406
794759233.494191
795442379.701312
795442379.701312
795242783.359661
794981594.749646
794981594.749646
794981594.749646
794981594.749646
794941405.116358
794899494.915103
794899494.915103
794899494.915103
794899494.915103
794899494.915103
794899494.915103
795120719.576871
795322121.739471
795322121.739471
795322121.739471
795138376.040841
795138376.040841
795138376.040841
795138376.040841
795309457.706612
795286405.689822
795286405.689822
795478414.626599
795478414.626599
795724258.531772
795724258.531772
795385121.510574
795222810.865985
795222810.865985
795222810.865985
795222810.865985
795278402.594932
795278402.594932
795351720.366861
795176890.460003
794905607.211942
794905607.211942
794905607.211942
794898718.993833
795125895.907689
795197441.215898
795197441.215898
795197441.215898
795197441.215898
795197441.215898
795220439.889836
795220439.889836
795220439.889836
795220439.889836
795285717.663823
795835386.321262
795835386.321262
795134428.26907
795134428.26907
795134428.26907
795134428.26907
795409465.643361
795409465.643361
795304705.501144
795112553.458207
795105170.096381
795105170.096381
795105170.096381
795105170.096381
794590555.997435
794706386.803507
794706386.803507
794706386.803507
794706386.803507
794706386.803507
794857877.15974
795197923.688496
795197923.688496
795197923.688496
795197923.688496
795603799.813773
795603799.813773
795420120.463029
795265064.070845
795265064.070845
795265064.070845
795265064.070845
794974338.944109
794974338.944109
794974338.944109
795393433.80981
795393433.80981
795663002.902064
795613196.33661
795613196.33661
795613196.33661
795771469.897202
795471737.716843
795328254.918288
794462551.939867
794861252.981394
794861252.981394
794799910.169008
794799910.169008
794799910.169008
794799910.169008
794799910.169008
794799910.169008
795150116.685188
795150116.685188
795150116.685188
795150116.685188
795150116.685188
795150116.685188
795150116.685188
795328588.640902
795328588.640902
795328588.640902
795328588.640902
795328588.640902
795328588.640902
795328588.640902
795328588.640902
795336171.042628
795362016.337513
795362016.337513
795362016.337513
795362016.337513
795362016.337513
795796985.859779
795641270.646555
795641270.646555
795306241.751174
795306241.751174
795171503.050996
795171503.050996
794744421.891406
794744421.891406
794849126.969111
794849126.969111
794795928.083552
794795928.083552
794997579.733831
795087336.7844
795087336.7844
794663807.649698
794935493.829736
794935493.829736
794935493.829736
794935493.829736
794935493.829736
795415582.056972
795415582.056972
795415582.056972
795573630.279854
794505214.979082
795117482.356264
795117482.356264
795117482.356264
795117482.356264
795117482.356264
795117482.356264
795117482.356264
795117482.356264
795117482.356264
795117482.356264
795117482.356264
795117482.356264
795265965.102229
795265965.102229
795265965.102229
795265965.102229
795265965.102229
795265965.102229
795265965.102229
795265965.102229
795265965.102229
795212524.942284
795305474.107812
795305474.107812
795305474.107812
795401854.279127
795135247.905109
795135247.905109
795228550.736808
795728967.932457
795728967.932457
795436557.169242
795373359.251662
795373359.251662
795373359.251662
795373359.251662
795373359.251662
795373359.251662
795373359.251662
795123049.420544
795123049.420544
795123049.420544
795123049.420544
795123049.420544
795604813.273719
795604813.273719
795604813.273719
795604813.273719
795604813.273719
795213657.409544
795213657.409544
795213657.409544
795128955.78957
795319924.695274
795319924.695274
795319924.695274
795319924.695274
795329524.255144
795066502.770435
794940034.971043
794940034.971043
794940034.971043
794940034.971043
794940034.971043
794940034.971043
794940034.971043
794940034.971043
794849802.135291
794480531.833553
794855997.214162
795128512.593523
795137737.238125
795137737.238125
795388116.359116
795388116.359116
795388116.359116
795388116.359116
795628725.424068
794893294.112174
794893294.112174
794893294.112174
794893294.112174
794893294.112174
794893294.112174
794721731.046443
794831614.608044
794820397.837518
794820397.837518
794830208.7816
795099611.484872
795099611.484872
795099611.484872
795193820.916851
795193820.916851
795193820.916851
795193820.916851
795193820.916851
795193820.916851
795193820.916851
795193820.916851
795418210.039579
795418210.039579
795025309.17946
795025309.17946
795326382.788372
795326382.788372
795326382.788372
795326382.788372
795360095.130906
795360095.130906
795360095.130906
795360095.130906
795360095.130906
795305817.796663
795305817.796663
794791980.467303
794791980.467303
794791980.467303
794741841.206857
794796981.749868
794796981.749868
794796981.749868
794796981.749868
794796981.749868
795010720.436917
795255857.095769
795255857.095769
795485880.899806
795201977.194669
795123694.062364
795123694.062364
795143357.682134
795143357.682134
795143357.682134
795143357.682134
795143357.682134
795143357.682134
795143357.682134
795143357.682134
795124473.255758
795397028.778347
795397028.778347
795397028.778347
795397028.778347
795040995.470817
795040995.470817
795040995.470817
795040995.470817
795181474.649673
795181474.649673
795181474.649673
795181474.649673
795181474.649673
795181474.649673
794741895.507622
795341178.560992
795341178.560992
795179865.175422
795179865.175422
795179865.175422
795132843.467838
795132843.467838
795132843.467838
795132843.467838
795102921.984602
795312743.334819
795312743.334819
795312743.334819
795312743.334819
795312743.334819
795312743.334819
795312743.334819
795811833.70899
795688102.165726
795688102.165726
795639173.45129
795639173.45129
795639173.45129
795639173.45129
795639173.45129
794819625.946628
794819625.946628
794819625.946628
795233405.269968
795172994.381372
795172994.381372
794584395.70903
794584395.70903
794584395.70903
794891573.566634
794958409.647588
794958409.647588
794958409.647588
794958409.647588
794958409.647588
794811455.147813
795118305.934578
795118305.934578
795118305.934578
795055509.165928
795055509.165928
795069794.892027
794819153.26067
795212771.714574
795321067.465422
795360200.395589
795541385.685956
795541385.685956
795541385.685956
795541385.685956
795451564.336886
795451564.336886
795481330.013234
795481330.013234
795323195.429476
795323195.429476
795323195.429476
795323195.429476
795323195.429476
795323195.429476
795323195.429476
795323195.429476
795691769.313766
795691769.313766
795159401.509522
795159401.509522
795538241.461062
795538241.461062
795576586.521024
795576586.521024
795335508.084484
795335508.084484
795335508.084484
795270616.821371
795208213.914659
795208213.914659
794995743.822178
794995743.822178
794995743.822178
794995743.822178
794995743.822178
794995743.822178
794995743.822178
794995743.822178
795382611.735873
795393840.797702
795097700.817219
795097700.817219
795447371.339402
795447371.339402
795447371.339402
795337641.473003
795363959.398553
795475394.277866
795475394.277866
795475394.277866
795615059.143492
795615059.143492
795615059.143492
795571620.6932
795727712.302464
795727712.302464
795802871.555443
795424458.200416
795424458.200416
795424458.200416
795613398.474688
795613398.474688
795613398.474688
795538785.3319
794898376.242418
795149966.878076
795051326.321606
795051326.321606
794673920.141264
794673920.141264
794673920.141264
794673920.141264
795100006.707829
794659009.21896
794843320.938915
794843320.938915
795384208.195704
795364529.185376
795364529.185376
795364529.185376
795255623.062705
795255623.062705
794859638.738843
794859638.738843
795295850.243008
795295850.243008
795295850.243008
795513433.436165
795513433.436165
795213438.919529
795213438.919529
795376395.45548
795376395.45548
795376395.45548
795376395.45548
795305498.029492
795305498.029492
795186205.317662
795186205.317662
795186205.317662
794931930.643141
794931930.643141
794931930.643141
794931930.643141
794931930.643141
794939943.801858
794939943.801858
795161786.728976
795161786.728976
795161786.728976
795161786.728976
795472706.889091
795472706.889091
795472706.889091
795276067.283109
795276067.283109
795276067.283109
795276067.283109
795276067.283109
795276067.283109
794956925.312113
795390820.290532
795390820.290532
795390820.290532
795128909.974455
795128909.974455
794962261.534585
794962261.534585
794962261.534585
794962261.534585
794962261.534585
795084206.436409
795084206.436409
795084206.436409
794742112.479398
794742112.479398
794742112.479398
795157231.475393
795157231.475393
795268836.564886
794961811.581325
794747591.260465
794772111.162117
794772111.162117
794754253.524878
794754253.524878
794754253.524878
794754253.524878
795313243.172605
795313243.172605
794992955.708484
794992955.708484
795081651.088914
795617426.973675
795617426.973675
795537627.14672
795537627.14672
796088917.415804
796088917.415804
796088917.415804
796088917.415804
796088917.415804
796088917.415804
795442126.982562
795442126.982562
795442126.982562
795733842.738952
795733842.738952
795812613.415902
795812613.415902
795874470.2621
795874470.2621
795889646.513671
795889646.513671
795943580.324483
795943580.324483
795943580.324483
795943580.324483
795943580.324483
795533764.393912
795365047.908972
795365047.908972
795365047.908972
795365047.908972
795365047.908972
795365047.908972
795365047.908972
795423998.169919
795423998.169919
795478129.466075
795478129.466075
795478129.466075
795440520.438814
795130388.208874
795130388.208874
795130388.208874
795130388.208874
795130388.208874
795130388.208874
795130388.208874
795130388.208874
795130388.208874
795130388.208874
795199494.661122
795199494.661122
795224853.111813
795224853.111813
795224853.111813
795224853.111813
795387630.536786
794620884.459967
794620884.459967
794620884.459967
794620884.459967
794950899.14531
794680925.210954
794680925.210954
795087635.061014
795087635.061014
795202116.789784
795037788.97762
795037788.97762
795037788.97762
794888236.342689
794873851.646903
794873851.646903
794893929.237504
794442883.865765
794442883.865765
795156499.283343
794985886.677027
795042980.851657
795370970.74817
794477891.986636
795109641.192901
795199231.754074
795199231.754074
794930439.233858
795093430.944578
795397303.302075
795397303.302075
795397303.302075
795512685.885189
795512685.885189
795512685.885189
795567758.020409
795567758.020409
795360918.076854
795599833.545043
795599833.545043
795599833.545043
795599833.545043
795599833.545043
795671724.238391
795671724.238391
795543276.970569
795543276.970569
795675122.944873
795675122.944873
795629173.889209
795629173.889209
795629173.889209
795655937.803942
795363877.089786
795363877.089786
794831161.288348
794831161.288348
795150026.786473
794855479.024182
794855479.024182
794954064.593939
795057984.673643
795057984.673643
794981204.837477
794981204.837477
794981204.837477
794981204.837477
795031678.804143
795031678.804143
795031678.804143
794630306.931092
795277447.671511
795277447.671511
795277447.671511
795277447.671511
795277447.671511
795277447.671511
795277447.671511
795334302.165555
795334302.165555
795005404.912639
794961099.125969
794961099.125969
794959639.43357
794959639.43357
794959639.43357
794959639.43357
794938739.953958
795395455.748137
795395455.748137
795395455.748137
796027686.264566
796027686.264566
795945379.106436
794680330.811445
794680330.811445
795060977.629454
795060977.629454
795060977.629454
795060977.629454
795485886.797289
795485886.797289
795397611.976608
795397611.976608
795209077.558605
795209077.558605
795209077.558605
795209077.558605
795209077.558605
795209077.558605
795146186.672766
795731276.910324
794682095.27596
794682095.27596
795267719.348795
795267719.348795
795412749.027862
795656284.158993
795298606.319863
795298606.319863
794742899.38571
794742899.38571
794742899.38571
794742899.38571
795161519.349892
795161519.349892
795161519.349892
795161519.349892
795161519.349892
795161519.349892
795279292.030447
795122612.943434
795122612.943434
795122612.943434
795122612.943434
795122612.943434
795122612.943434
795122612.943434
795122612.943434
795122612.943434
795122612.943434
794958735.802518
794958735.802518
794958735.802518
794958735.802518
794958735.802518
794820535.018407
795505530.112535
794945385.999808
795291591.375359
795158680.600764
795158680.600764
795536060.273084
795386768.871803
795386768.871803
795386768.871803
795412427.688678
795412427.688678
795291117.198295
795291117.198295
795380972.02018
795115214.335441
795115214.335441
795339224.985872
795339224.985872
795339224.985872
795339224.985872
795123390.859644
794900745.337168
794900745.337168
795014592.844327
794754748.322703
794725094.208131
794725094.208131
795461259.002845
795461259.002845
795593320.053835
795444330.48621
795444330.48621
795444330.48621
795293272.940555
795859369.074278
795910494.913533
795910494.913533
796129584.050429
795115608.563633
795115608.563633
795115608.563633
795115608.563633
795115608.563633
795115608.563633
795115608.563633
795274974.515559
795091679.945446
795091679.945446
795281095.789729
795281095.789729
795281095.789729
794885728.031543
795394113.486138
795394113.486138
794987679.762428
794987679.762428
794955568.961974
794374364.880537
794594190.537188
794998436.066385
794998436.066385
794892599.344016
794892599.344016
794892599.344016
794980457.945435
794771813.162838
795150780.368288
795150780.368288
795150780.368288
795150780.368288
794870699.599717
794870699.599717
794870699.599717
794870699.599717
794870699.599717
794870699.599717
794870699.599717
794870699.599717
794870699.599717
794870699.599717
794870699.599717
794829490.130687
794774559.177014
794774559.177014
794774559.177014
794774559.177014
794774559.177014
794968935.90726
794374362.824797
794374362.824797
794374362.824797
794374362.824797
794657339.62217
794657339.62217
794657339.62217
794876390.397325
794876390.397325
795131331.417906
795498507.383612
795497953.840904
795497953.840904
795538662.907624
795538662.907624
795397237.45986
795397237.45986
795628155.715032
795628155.715032
795555583.068971
795555583.068971
795555583.068971
794970835.139127
794991279.016183
794991279.016183
794735780.90338
795234566.479506
795242335.70012
795052418.716014
795052418.716014
795052418.716014
795052418.716014
795052418.716014
795052418.716014
795052418.716014
795306412.543124
795289819.826086
795289819.826086
795118907.965988
795118907.965988
795118907.965988
795118907.965988
795105773.119403
795105773.119403
795105773.119403
795105773.119403
795202818.333099
795202818.333099
795146875.479304
795146875.479304
795146875.479304
795479410.554138
795479410.554138
794927168.081317
794993875.290385
795312133.337251
795572703.681504
795572703.681504
795572703.681504
795572703.681504
795441687.374504
795770973.699046
795125266.226435
795125266.226435
795339528.894588
795339528.894588
795339528.894588
795238860.515634
795684099.927346
795246934.961562
795246934.961562
795246934.961562
795246934.961562
795246934.961562
795246934.961562
795246934.961562
795111252.318078
795111252.318078
795111252.318078
795111252.318078
795111252.318078
795111252.318078
795111252.318078
795111252.318078
795150627.866895
795150627.866895
795150627.866895
795150627.866895
795150627.866895
795150627.866895
795350742.915167
795350742.915167
794838798.963672
794838487.58303
794690259.204378
794690259.204378
794825608.171326
795320939.673729
795320939.673729
795320939.673729
795677211.395762
795514978.271403
794940442.317616
794940442.317616
794940442.317616
794940442.317616
794919130.092215
795518699.180549
795518699.180549
795593139.203326
795757751.885511
795757751.885511
795915334.567249
795915334.567249
795915334.567249
795598268.139087
795581191.097559
795581191.097559
795313963.876506
795313963.876506
795313963.876506
795313963.876506
795408920.448423
795408920.448423
795408920.448423
795408920.448423
794948620.036852
794948620.036852
794948620.036852
794948620.036852
795303347.579792
795303347.579792
795303347.579792
795303347.579792
795303347.579792
795303347.579792
794787617.298643
794442239.198381
795278110.51974
795278110.51974
795278110.51974
795278110.51974
795278110.51974
795190596.94461
795190596.94461
795190596.94461
795190596.94461
795173377.928585
795136996.161201
795136996.161201
795136996.161201
795136996.161201
795116007.508196
795116007.508196
795116007.508196
795138617.321281
795138617.321281
795261462.776263
795248312.766751
795248312.766751
795248312.766751
795248312.766751
795248312.766751
795315225.524697
795315225.524697
795331640.119042
795331640.119042
795331640.119042
795331640.119042
795331640.119042
795331640.119042
795331640.119042
795331640.119042
794947733.942902
795111398.489943
794958978.177473
794958978.177473
795002351.039857
795002351.039857
795002351.039857
795002351.039857
795142123.25261
794847523.530765
794847523.530765
794847523.530765
794847523.530765
794847523.530765
795616715.322028
795616715.322028
795919209.921456
795806292.511931
795806292.511931
795891078.556249
795855387.851985
795657782.737676
795641052.552207
795641052.552207
795012110.780952
795012110.780952
795012110.780952
795291165.783592
795181508.930048
795181508.930048
795181508.930048
795181508.930048
795181508.930048
795181508.930048
795323647.307864
795139066.474744
795139066.474744
795366059.931476
794906847.144854
794625545.60346
794735894.576447
795134184.299382
795210249.331411
795210249.331411
795210249.331411
795254846.61427
795254846.61427
795388823.493332
795388823.493332
795388823.493332
795388823.493332
795388823.493332
795351153.573588
795351153.573588
795443954.514451
795443954.514451
795443954.514451
795443954.514451
795303405.168832
795303405.168832
795174306.31611
795174306.31611
795174306.31611
795174306.31611
795174306.31611
795174306.31611
795339952.913011
795339952.913011
795339952.913011
795162350.342128
795162350.342128
795162350.342128
795162350.342128
795128106.102232
795128106.102232
795128106.102232
795128106.102232
795128106.102232
795128106.102232
795179434.428856
795179434.428856
795179434.428856
795179434.428856
795179434.428856
795179434.428856
795179434.428856
795179434.428856
795179434.428856
795179434.428856
795179434.428856
795179434.428856
795179434.428856
795179434.428856
795145567.398795
795145567.398795
795145567.398795
795145567.398795
795145567.398795
795145567.398795
794921212.283221
794783530.839819
795869331.964452
795099275.552581
795099275.552581
795099275.552581
795099275.552581
795099275.552581
795099275.552581
795099275.552581
795099275.552581
795099275.552581
795099275.552581
795099275.552581
795099275.552581
795488566.392351
795488566.392351
795161428.843031
795161428.843031
794896905.745953
794896905.745953
794896905.745953
795099533.186997
794707051.711333
794707051.711333
794707051.711333
794707051.711333
794707051.711333
794707051.711333
794803838.508212
795405572.910173
795405572.910173
795405572.910173
795484789.145946
795300233.787879
795300233.787879
795397087.772725
795787470.162987
795699536.603371
795690842.286418
795690842.286418
795076743.578241
795076743.578241
795076743.578241
795517731.234891
795517731.234891
795517731.234891
795341017.414671
795113413.414437
795113413.414437
795369723.979579
795369723.979579
795369723.979579
795369723.979579
795559240.249294
795559261.47556
795559261.47556
795559261.47556
795675036.002235
795675036.002235
795675036.002235
795675036.002235
794949749.315134
794949749.315134
794949749.315134
794949749.315134
794949749.315134
795138715.238512
795237064.31175
795205193.666503
795176765.720437
795176765.720437
795176765.720437
795288942.503081
795187424.578285
795185137.632287
794942734.213377
794942734.213377
795200888.640049
795200888.640049
795200888.640049
795200888.640049
795200888.640049
795200888.640049
795200888.640049
795292297.639612
795024765.972562
794981462.473247
795199282.51311
795199282.51311
795199282.51311
795001913.031124
795001913.031124
795001913.031124
795386108.766046
795386108.766046
795027747.431202
795027747.431202
795027747.431202
794623317.511875
794623317.511875
794623317.511875
794623317.511875
795207032.14396
795207032.14396
794923928.902153
794923928.902153
795485357.21493
795452230.320018
795452230.320018
795452230.320018
795452230.320018
795452230.320018
795452230.320018
795452230.320018
795381933.913284
794996583.142655
794996583.142655
794996583.142655
794996583.142655
794996583.142655
794996583.142655
794861984.143845
794861984.143845
794765460.56868
794765460.56868
794765460.56868
794765460.56868
794765460.56868
795473968.723847
795502770.429694
795550794.319986
795550794.319986
795550794.319986
795026521.346025
795026521.346025
795026521.346025
795026521.346025
795026521.346025
794773414.168825
794802606.215799
794802606.215799
794879265.880776
794879265.880776
794895266.864958
794895266.864958
795510542.806302
795510542.806302
795510542.806302
795510542.806302
795587998.518802
795661137.410054
795661137.410054
795661137.410054
795661137.410054
795661137.410054
795373279.056677
795373279.056677
794918864.622724
794918864.622724
794758244.728942
794758244.728942
795309286.566159
794822521.23705
794822521.23705
795184798.666114
795184798.666114
795184798.666114
795279075.380419
795279075.380419
794918079.412125
794829622.506502
794829622.506502
794415499.069414
795680711.092448
795680711.092448
795680711.092448
795680711.092448
795110294.376754
795035338.797524
795198590.239137
795198590.239137
795283290.174103
794345589.690274
794345589.690274
794345589.690274
794345589.690274
794764091.299423
794764091.299423
794906555.104922
795167961.343171
795167961.343171
795167961.343171
794897371.584335
794897371.584335
794948835.294087
795436247.545748
795217832.904291
795217832.904291
795332594.993279
795476792.326229
795092674.752084
795092674.752084
795092674.752084
795205817.840099
795205817.840099
795361694.374758
795361694.374758
795413065.244072
795413065.244072
795199924.875907
795913451.488063
795913451.488063
795913451.488063
795913451.488063
795913451.488063
795735658.489514
795477306.305308
795068100.579518
795068100.579518
795068100.579518
795068100.579518
795068100.579518
795068100.579518
795068100.579518
795374334.138247
795374334.138247
794892112.006951
794892112.006951
794892112.006951
794892112.006951
795034233.435844
795034233.435844
795034233.435844
795034233.435844
795122352.129409
795215782.094386
794756605.943279
795036604.352113
795036604.352113
795147143.303243
795147143.303243
795245485.538587
795245485.538587
795245485.538587
795245485.538587
795362449.979246
795233819.883376
795233819.883376
795368229.555205
795368229.555205
795368229.555205
795545532.716003
795294053.0415
795125614.574146
795358065.40381
795358065.40381
795358065.40381
795358065.40381
795213299.265405
795614161.061791
795104535.643648
795188706.282055
795188706.282055
794936026.63158
795538831.879978
795116243.791903
795013588.150256
795188356.044936
795326805.206956
795326805.206956
795326805.206956
795326805.206956
794881779.06451
795092132.973066
795092132.973066
795870001.092791
795870001.092791
794670198.459524
795275236.372915
795275236.372915
795275236.372915
795275236.372915
795275236.372915
795142929.273617
795142929.273617
795142929.273617
795142929.273617
794761324.459949
794761324.459949
795514861.88792
795514861.88792
795514861.88792
795514861.88792
795514861.88792
795200583.695014
795200583.695014
795193330.473657
795193330.473657
795193330.473657
795193330.473657
795193330.473657
795747864.092588
795747864.092588
795921869.259445
795921869.259445
795921869.259445
795921869.259445
795921869.259445
795921869.259445
795921869.259445
795889634.527906
795806909.091235
795454616.469239
795615104.252982
795336539.839568
795336539.839568
795336539.839568
795336539.839568
795270316.348244
795270316.348244
795270316.348244
795270316.348244
795270316.348244
795278701.423169
795062060.606933
795062060.606933
795062060.606933
795062060.606933
795303809.421175
795525402.045907
795525402.045907
795525402.045907
795525402.045907
795525402.045907
795412985.898637
795420815.169093
795420815.169093
795420815.169093
795307119.22326
795307119.22326
795307119.22326
795307119.22326
795340524.100256
795340524.100256
795340524.100256
795004967.449463
795395833.634074
795395833.634074
795880580.75258
795880580.75258
795880580.75258
795874255.659847
795874255.659847
795874255.659847
796046460.182366
796046460.182366
796046460.182366
796046460.182366
796046460.182366
796046460.182366
795878466.707476
795878466.707476
795878466.707476
795285856.708415
795285856.708415
795683115.004931
795683115.004931
794657931.012001
795302970.168882
795302970.168882
795302970.168882
795302970.168882
795302970.168882
795302970.168882
795289098.807927
795289098.807927
794633741.750144
794971042.633123
794971042.633123
794971042.633123
794807891.700588
794807891.700588
794807891.700588
794807891.700588
794807891.700588
794831965.053652
794831965.053652
794831965.053652
795055957.862104
795055957.862104
795055957.862104
795040949.363127
795040949.363127
795200973.231559
795573655.614483
795190466.994069
795190466.994069
795190466.994069
794752399.899119
794766805.115523
795331896.166475
795331896.166475
795577525.097465
795577525.097465
795577525.097465
795577525.097465
795577525.097465
795577525.097465
795577525.097465
795577525.097465
795577525.097465
795577525.097465
795577525.097465
795577525.097465
795577525.097465
795577525.097465
795495680.35516
795070529.218808
795070529.218808
795070529.218808
795070529.218808
794670442.140868
794670442.140868
794913716.931208
794913716.931208
794913716.931208
794913716.931208
794913716.931208
794936629.469481
794936629.469481
794936629.469481
794936629.469481
795107050.381773
795072548.238905
795020589.108732
795020589.108732
795514827.887262
795514827.887262
795514827.887262
795514827.887262
795514827.887262
795514827.887262
795514827.887262
795514827.887262
795514827.887262
795514827.887262
794989040.952055
794989040.952055
794989040.952055
794989040.952055
794938513.728347
794938513.728347
794938513.728347
794938513.728347
794938513.728347
794816719.500553
794816719.500553
794816719.500553
794816719.500553
794833332.418159
794901115.831124
794901115.831124
794901115.831124
794901115.831124
794901115.831124
794901115.831124
795359210.053056
795359210.053056
795359210.053056
795359210.053056
795359210.053056
795359210.053056
795359210.053056
795359210.053056
795469390.771538
794866297.048513
795024197.909914
795024197.909914
795024197.909914
795024197.909914
795653465.714499
795477637.181828
795477637.181828
795236719.238199
795061190.721118
795061190.721118
795003352.416125
795003352.416125
794983577.260722
794983577.260722
794983577.260722
794983577.260722
794983577.260722
795004747.33982
795004747.33982
795004747.33982
795004747.33982
795004747.33982
795004747.33982
795078824.048891
795407195.872383
795023348.836969
795023348.836969
795191893.008815
795191893.008815
795191893.008815
795191893.008815
795191893.008815
795191893.008815
795259256.942489
795259256.942489
795259256.942489
795259256.942489
794815305.354884
794758670.525688
794758670.525688
794758670.525688
794758670.525688
794758670.525688
794758670.525688
794758670.525688
794758670.525688
794830120.933894
795375387.208048
795375387.208048
795011521.803944
794849802.860924
794849802.860924
795165853.498982
795165853.498982
795001643.432925
795001643.432925
795354632.422568
794953143.422737
794750153.803689
794750153.803689
794750153.803689
794596815.136258
794596815.136258
794624648.913909
795204494.086226
795150061.273157
794515225.985212
794515225.985212
794515225.985212
794630629.545354
794582836.23002
794582836.23002
795380925.896849
795380925.896849
795740113.005174
795787470.830971
795787470.830971
795334956.22072
795334956.22072
795219250.469344
795106279.147883
795058911.847894
795058911.847894
795058911.847894
795058911.847894
794682717.154774
794682717.154774
794592686.999173
795315006.447514
794967168.809713
795423297.141622
795393936.764967
795391845.453943
795391845.453943
795391845.453943
795391845.453943
795149748.286936
795009327.146354
795581476.235841
795581476.235841
795581476.235841
795581476.235841
795581476.235841
795078444.961013
795125742.111258
795216753.100584
795216753.100584
795216753.100584
795216753.100584
795216753.100584
795216753.100584
795216753.100584
795744860.897201
795744860.897201
795744860.897201
795556103.000662
795143143.239439
795143143.239439
795143143.239439
795143143.239439
795143143.239439
795280719.192637
794993499.94974
795325645.913219
795022184.752273
795022184.752273
795022184.752273
795449313.125896
795192567.527938
795192567.527938
795192567.527938
795192567.527938
795192567.527938
795192567.527938
795192567.527938
795192567.527938
795192567.527938
795059354.134226
795059354.134226
795059354.134226
795059354.134226
795059354.134226
795059354.134226
795159210.4224
795159210.4224
795066546.421997
795229924.94624
794957076.860742
794957076.860742
794957076.860742
794957076.860742
794957076.860742
794957076.860742
794957076.860742
794957076.860742
794957076.860742
794957076.860742
794945463.290978
794945463.290978
794945463.290978
794945463.290978
794945463.290978
794945463.290978
794945463.290978
794759492.443336
794759492.443336
794759492.443336
794759492.443336
794759492.443336
795394001.597221
795394001.597221
794983743.247134
794983743.247134
794983743.247134
794983743.247134
794883596.987057
794883596.987057
794626976.113874
794626976.113874
794592219.728654
794592219.728654
794592219.728654
794592219.728654
794592219.728654
794600519.288909
795312216.714306
795312216.714306
795312216.714306
795293242.215384
795320312.804999
795200671.123952
795200671.123952
795454461.702516
795169296.822191
795169296.822191
795169296.822191
795260967.910259
795366070.124104
795472982.509249
795472982.509249
795312698.251575
795312698.251575
795312698.251575
795101667.274899
794915693.990453
794804863.559966
794804863.559966
794804863.559966
795117715.41241
795438967.66584
795438967.66584
795477111.308782
795628285.890818
795352975.089676
795221183.794643
795221183.794643
795221183.794643
795616829.123846
795282782.258111
795282782.258111
795282782.258111
795282782.258111
795282782.258111
795282782.258111
795282782.258111
795282782.258111
795282782.258111
795345655.047543
795345655.047543
795345655.047543
795345655.047543
795345655.047543
795345655.047543
795345655.047543
795345655.047543
795282696.380408
795097982.109472
795091218.352324
795091218.352324
795091218.352324
795091218.352324
795091218.352324
795091218.352324
795091218.352324
794829031.638839
794829031.638839
794829031.638839
794623173.137557
794623173.137557
795273012.718078
795273012.718078
795273012.718078
795273012.718078
795273012.718078
795211532.230029
795095260.562602
795095260.562602
794966345.617341
794934156.618507
794934156.618507
794934156.618507
794934156.618507
794934156.618507
794934156.618507
794934156.618507
795083034.516609
795083034.516609
795628803.05366
795628803.05366
795628803.05366
795300329.403626
795189084.422465
795189084.422465
795376843.80691
795376843.80691
795124431.55684
795124431.55684
795124431.55684
795124431.55684
795124431.55684
795124431.55684
795124431.55684
795330449.546713
795364942.200911
795364942.200911
795016904.421147
795016904.421147
794944185.369889
794944185.369889
794841540.551532
794775046.398107
794775046.398107
794939822.758121
794787368.689518
794787368.689518
794709535.193272
794738494.007392
794596132.737707
794640677.829911
794640677.829911
794640677.829911
794640677.829911
794640677.829911
794433209.658075
794569276.678233
795092516.492266
795284046.902645
795439968.597019
795439968.597019
795439968.597019
795439968.597019
795439968.597019
795491719.031539
795491719.031539
795200357.604735
795200357.604735
795574841.360671
795332879.06798
795332879.06798
795039807.534713
795050039.790097
795050039.790097
795050039.790097
795269256.884879
795269256.884879
795269256.884879
795269256.884879
795269256.884879
795269256.884879
795269256.884879
795269256.884879
795269256.884879
795567754.519203
794861660.21599
794861660.21599
794861660.21599
794861660.21599
794611714.248414
794611714.248414
794601103.332554
795236843.426468
795236843.426468
795047334.394034
795047334.394034
795047334.394034
795047334.394034
795047334.394034
795047334.394034
795047334.394034
795298020.137789
795298020.137789
795492088.38811
794994948.636958
795015407.18456
795083292.595236
795137456.199865
795137456.199865
795137456.199865
795137456.199865
795137456.199865
795137456.199865
795137456.199865
795137456.199865
795093994.513269
795093994.513269
795093994.513269
795093994.513269
795093994.513269
795255529.042901
795246760.285804
795246760.285804
795246760.285804
795398146.395316
795398146.395316
795148567.553883
795148567.553883
795397112.018617
794765914.902891
794765879.994595
794822136.979453
794508268.524841
795289393.690312
795558588.252946
795460169.188433
795460169.188433
795460169.188433
795342288.860244
795168318.756941
795168318.756941
795168318.756941
795198355.934344
794915428.074514
795211503.684189
795256111.426369
795236802.319726
795705310.783366
795705310.783366
795335080.891585
795335080.891585
795335080.891585
795335080.891585
795143106.335226
795143106.335226
794710142.839454
794862890.252562
794862890.252562
794862890.252562
794862890.252562
794918972.070516
794918972.070516
794918972.070516
794918972.070516
794918972.070516
794918972.070516
794918972.070516
794918972.070516
794918972.070516
794918972.070516
795100039.13837
795100039.13837
795100039.13837
795100039.13837
795100039.13837
795100039.13837
795100039.13837
795100039.13837
795100039.13837
795580479.68011
795565137.232921
795565137.232921
795228124.781542
794995805.289608
795031953.445527
795135482.169631
795135482.169631
794993570.027085
794993570.027085
794993570.027085
794993570.027085
794993570.027085
794993570.027085
795137092.497164
795540324.226822
795430723.629112
795430723.629112
795430723.629112
795430723.629112
795430723.629112
795430723.629112
795298869.402898
795108075.35962
795108075.35962
795108075.35962
795108075.35962
795079512.507833
795303037.353044
795272507.431841
795122233.61188
795122233.61188
795122233.61188
795214193.43813
795214193.43813
795214193.43813
795214193.43813
795243596.62029
795058262.910134
795058262.910134
795058262.910134
795383394.8036
795383394.8036
795272630.426726
795272630.426726
795255146.073043
795072528.819692
795465235.473652
795465235.473652
795465235.473652
795465235.473652
795358351.503375
795063881.405316
795063881.405316
795286792.37472
795286792.37472
795286792.37472
795286792.37472
795859215.810296
795439010.271951
795699530.106863
795699530.106863
795699530.106863
794606292.689726
794846736.333906
795270624.55111
795270624.55111
795391507.164387
795636545.032681
794732625.38664
794732625.38664
795457667.861397
795457667.861397
795661083.475061
795661083.475061
795661083.475061
795661083.475061
795661083.475061
795585228.441752
795585228.441752
795585228.441752
795100895.550217
795100895.550217
795100895.550217
795067628.766993
795501802.621034
795501802.621034
795584084.721569
795128375.078057
795128375.078057
795313785.13196
794986807.698332
794986807.698332
794986807.698332
794986807.698332
795052396.880867
795052396.880867
795052396.880867
795052396.880867
795052396.880867
795139644.262251
795139644.262251
795139644.262251
795139644.262251
795139644.262251
795009217.377661
795009217.377661
795009217.377661
795009217.377661
795009217.377661
795481091.562153
795481091.562153
795497288.854246
795497288.854246
795200142.651913
795200142.651913
794736205.208183
794736205.208183
794510706.549617
794510706.549617
794510706.549617
794879285.259321
794879285.259321
794835053.643585
794835053.643585
794835053.643585
794835053.643585
794835053.643585
795250264.049026
795250264.049026
795431993.144132
795204291.486564
795204291.486564
795204291.486564
795204291.486564
795204291.486564
795475974.925259
795475974.925259
795089526.818301
795089526.818301
795382985.144278
795394206.217212
795394206.217212
794677644.445348
794767800.961516
795284552.91067
795284552.91067
795463150.732537
795463150.732537
795463150.732537
795463150.732537
795463150.732537
795463150.732537
795463150.732537
795463150.732537
795401201.624137
795401201.624137
795540030.70038
795483980.267493
795021889.058773
795021889.058773
794940762.23554
794940762.23554
794940762.23554
794940762.23554
794940762.23554
794940762.23554
794802914.433546
795075412.044319
795565765.792621
795565765.792621
795565765.792621
795565765.792621
795271448.052164
795390021.907545
795390021.907545
795353230.801942
795353230.801942
795056330.618436
795303297.17238
795303297.17238
795303297.17238
795303297.17238
795303297.17238
794520370.861463
794520370.861463
794520370.861463
794520370.861463
794520370.861463
794622814.320994
794622814.320994
794622814.320994
794622814.320994
794708629.418937
794708629.418937
794897337.257
794897337.257
794897337.257
794897337.257
794897337.257
795112036.530361
795112036.530361
794956642.506797
794956642.506797
794956642.506797
794956642.506797
794956642.506797
794956642.506797
795190461.459297
795404452.333864
795404452.333864
795404452.333864
795404452.333864
794886087.201927
794886087.201927
794695906.767799
794695906.767799
794695906.767799
794695906.767799
794659089.146272
794659089.146272
794659089.146272
794659089.146272
794659089.146272
794659089.146272
794711171.881223
794711171.881223
794711171.881223
794711171.881223
794426307.654408
794426307.654408
794426307.654408
794426307.654408
794426307.654408
794717557.275616
794717557.275616
794900976.072796
794835444.787875
795107063.009103
795107063.009103
795107063.009103
795493174.151627
795055793.129781
795055793.129781
794971051.407598
794971051.407598
794971051.407598
794971051.407598
795108258.416255
795108258.416255
795446022.52501
795446022.52501
795301212.861166
795347989.223782
795330375.617728
795330375.617728
795562806.479601
795562806.479601
795110922.618303
795159972.496769
795159972.496769
795159972.496769
795159972.496769
795074082.057851
795074082.057851
795074082.057851
795314396.589689
795314396.589689
794864108.45109
795138848.091812
795289351.803636
795289351.803636
795226425.600425
795239408.774942
795239408.774942
795521578.770056
795521578.770056
795521578.770056
795521578.770056
795325717.186756
795728525.894512
795728525.894512
795728525.894512
795506509.594226
795506509.594226
794923181.187731
795562736.938693
795562736.938693
795562736.938693
795238880.269058
795238880.269058
795499313.820631
795499313.820631
794947133.364786
794723584.4804
795538568.277971
795538568.277971
795333552.480415
795156947.728463
795457178.815509
795457178.815509
795172184.119476
794682405.589699
794682405.589699
795541651.197274
795541651.197274
795541651.197274
795541651.197274
795392927.654083
795109868.715896
795109868.715896
795019385.394942
795019385.394942
795019385.394942
795019385.394942
795081426.188844
795081426.188844
795081426.188844
795158518.91292
795158518.91292
795158518.91292
795158518.91292
795083777.056607
795083777.056607
794575908.4237
794686270.782353
795143768.735042
795143768.735042
795196789.081663
795196789.081663
795196789.081663
795196789.081663
795248410.403466
795221280.526554
794919299.122581
794919299.122581
794919299.122581
795082122.061779
795082122.061779
795082122.061779
795082122.061779
795082122.061779
795082122.061779
795082122.061779
795552837.926813
795177532.377803
795177532.377803
795020639.603012
795131007.574376
795131007.574376
795131007.574376
795131007.574376
795231448.466813
795231448.466813
795231448.466813
795548448.881327
795650267.848663
795079387.243998
795133294.686707
795133294.686707
795133294.686707
795133294.686707
795586685.133974
795873579.227503
795508352.479367
795508352.479367
795508352.479367
795508352.479367
795461132.619998
795461132.619998
795461132.619998
795608427.071765
795608427.071765
795608427.071765
795608427.071765
795192734.901825
795192734.901825
795192734.901825
795192734.901825
795192734.901825
795182683.60318
795182683.60318
795182683.60318
795182683.60318
795182683.60318
795091856.713629
795091856.713629
795091856.713629
794668016.25956
794668016.25956
794493027.466397
794493027.466397
794493027.466397
794699914.790092
794699914.790092
795179379.621801
795637765.672449
795501019.960462
795490234.444679
795490234.444679
795794605.256992
795318571.708885
795335452.771328
795335452.771328
794373767.726038
794373767.726038
794790394.911058
794790394.911058
794790394.911058
794790394.911058
794750321.852099
794750321.852099
794750321.852099
794750321.852099
794546961.980412
794546961.980412
795101666.973729
795371053.998712
795371053.998712
795346792.54253
795025594.663825
795177376.85758
795177376.85758
795170257.46548
795128177.89055
795128177.89055
794630319.006913
794630319.006913
794630319.006913
794630319.006913
794634355.988615
795319379.74135
795319379.74135
795360840.323476
795360840.323476
795360840.323476
795360840.323476
795454267.759716
795046035.649282
795046035.649282
795372026.451845
795187645.005685
795245789.604716
795245789.604716
794829356.700316
794829356.700316
794829356.700316
794829356.700316
794829356.700316
794829356.700316
794829356.700316
794829356.700316
795004589.201159
795004589.201159
795258619.858986
795258619.858986
795155225.247015
795307412.162211
795307412.162211
795161548.41327
795404622.747315
795445778.377463
795445778.377463
795445778.377463
795445778.377463
795286307.215779
795078700.283105
795078700.283105
795161930.117464
795161930.117464
795161930.117464
795161930.117464
794787631.163956
794787631.163956
794787631.163956
794911771.193521
794911771.193521
795297802.108087
795121168.813771
795429628.744263
795429628.744263
795429628.744263
795429628.744263
795429628.744263
795429628.744263
795429628.744263
795303156.731938
795303156.731938
795155547.521011
795155547.521011
795155547.521011
795206396.048135
795206396.048135
795206396.048135
794874029.353631
794945619.498556
794842078.119985
794842078.119985
794947076.281134
795547875.047891
795568838.32025
795568838.32025
795245998.451193
795194773.632578
795194773.632578
795191662.322605
795371973.744293
795008149.673241
795128265.31239
795159937.543416
795159937.543416
795453814.857499
795453814.857499
795406328.212464
795096824.459259
794969290.932707
794969290.932707
794969290.932707
794969290.932707
795653925.53519
795144846.401549
795285604.237043
795305975.708374
795305975.708374
795056521.940547
795056521.940547
794942051.236794
794942051.236794
795359859.326843
795359859.326843
795359859.326843
795359859.326843
795359859.326843
795359859.326843
795359859.326843
795359859.326843
795358293.797134
795197386.993921
795197386.993921
795197386.993921
795197386.993921
795195630.845615
795195630.845615
795195630.845615
795393443.258476
795393443.258476
795024668.164507
795024668.164507
795024668.164507
794798260.017639
794798260.017639
795070793.41846
795070793.41846
795256669.362489
795199105.421644
795249161.367705
795249161.367705
795638220.921484
795638220.921484
795638220.921484
795638220.921484
795638220.921484
795403598.887744
795403598.887744
795068405.989289
795068405.989289
795068405.989289
795068405.989289
795068405.989289
795068405.989289
795068405.989289
795068405.989289
795068405.989289
795015826.745955
795015826.745955
795029605.347053
795029605.347053
794728821.511495
794932786.183178
794932786.183178
795287321.59922
795287321.59922
795287321.59922
794798445.271573
795318360.223718
795318360.223718
795213841.77563
795213841.77563
795213841.77563
795213841.77563
795213841.77563
795213841.77563
795213841.77563
795213841.77563
795213841.77563
795213841.77563
795213841.77563
795213841.77563
795213841.77563
795213841.77563
795440991.771837
795440991.771837
795440991.771837
795581565.703451
795400557.827942
795412949.123576
795412949.123576
795075028.724143
794927946.351193
795100459.818354
795100459.818354
795221771.359044
795224037.24898
795224037.24898
795224037.24898
795224037.24898
795363519.92522
795363519.92522
795363519.92522
795363519.92522
795363519.92522
795363519.92522
795363519.92522
795525255.545592
795525255.545592
795130055.941547
795130055.941547
795130055.941547
795189460.356058
795189460.356058
795363352.724784
795363352.724784
795249240.524594
795581118.723709
795581118.723709
795581118.723709
795502409.537442
795502409.537442
795502409.537442
795253765.337296
795253765.337296
795253765.337296
795436580.854138
795436580.854138
795436580.854138
795354870.929346
795354870.929346
795354870.929346
795354870.929346
795354870.929346
795354870.929346
795354870.929346
795354870.929346
795354870.929346
795207006.59527
795207006.59527
795207006.59527
795429566.422244
795772958.272534
795772958.272534
795772958.272534
795340771.438551
795419325.807013
795419325.807013
795419325.807013
795419325.807013
795581460.188584
795581460.188584
794806592.242233
794806592.242233
794750636.142049
794750636.142049
794844751.521378
795267226.468875
795821198.920056
795682100.528136
794932256.334357
794932256.334357
794801292.985992
794801292.985992
794801292.985992
794713075.293337
794980813.619447
794980813.619447
794980813.619447
794980813.619447
794980813.619447
795527626.24232
795527626.24232
795487442.60792
795487442.60792
795487442.60792
795433353.252794
795356488.270342
795498993.076854
795498993.076854
795498993.076854
795498993.076854
795642636.846197
795642636.846197
795642636.846197
795642636.846197
795275430.163394
795275430.163394
795258939.516695
795258939.516695
795258939.516695
795258939.516695
795078561.500341
795078561.500341
795078561.500341
795669268.430171
795669268.430171
795483198.377753
795483198.377753
795434418.055976
795137254.070507
794989833.778827
795268475.627483
795268475.627483
795258968.051581
795652411.784254
795652411.784254
795652411.784254
795652411.784254
795445168.188734
795445168.188734
795445168.188734
795430222.106329
795430222.106329
795430222.106329
795774841.009737
795774841.009737
795519296.554067
795616473.51492
795616473.51492
795616473.51492
795560107.488713
795502775.947895
795502775.947895
795540343.022848
795540343.022848
795540343.022848
795540343.022848
795540343.022848
795540343.022848
795540343.022848
795540343.022848
795540343.022848
794907619.995116
794907619.995116
794907619.995116
794907619.995116
795053104.945325
794971288.529878
794971288.529878
794971288.529878
794971288.529878
794788180.115257
794788180.115257
794738452.668017
794738452.668017
794729535.749499
794604198.301041
794797887.47536
794797887.47536
794557321.989535
794841535.05553
794841535.05553
795183460.038278
795183460.038278
795393784.871332
795522583.622387
795258490.096018
795258490.096018
795258490.096018
795258490.096018
795258490.096018
795258490.096018
795258490.096018
795204312.931908
795057118.36656
795057118.36656
795057118.36656
795057118.36656
795503684.538373
795503684.538373
795155215.793669
795155215.793669
795155215.793669
795155215.793669
795155215.793669
795195170.732396
794764448.624024
795002170.664563
795002170.664563
795368105.325485
795368105.325485
795357619.409972
795581447.32698
795581447.32698
795581447.32698
795581447.32698
795581447.32698
795581447.32698
795581447.32698
795581447.32698
795581447.32698
795586485.334134
795617378.455045
795617378.455045
795617378.455045
795617378.455045
795617378.455045
794940126.170078
794940126.170078
794940126.170078
794940126.170078
794940126.170078
794940126.170078
794952933.536588
794952933.536588
794952933.536588
794952933.536588
794952933.536588
795081122.157955
795360878.832019
794954717.150322
795042529.676578
795042529.676578
795042529.676578
795424260.182148
795424260.182148
795424260.182148
795424260.182148
795424260.182148
795439772.706022
795439772.706022
795114815.923211
795114815.923211
795114815.923211
795114815.923211
795323986.136412
795323986.136412
795323986.136412
795323986.136412
795323986.136412
795323986.136412
795323986.136412
795323986.136412
795323986.136412
795306753.345551
794995909.069363
794995909.069363
794995909.069363
794995909.069363
794938935.780192
794938935.780192
794938935.780192
794938935.780192
794938935.780192
794586108.869002
794586108.869002
794586108.869002
795362411.45191
795395266.326554
794836242.74496
794836242.74496
795193999.790699
795142544.135316
795142544.135316
795142544.135316
795142544.135316
795142544.135316
795142544.135316
795142544.135316
794801518.768087
794801518.768087
794801518.768087
795074112.72009
795074112.72009
795200812.941022
795200812.941022
795533282.727348
795712640.653674
795656537.37397
795656537.37397
795167482.481978
795167482.481978
795245727.648704
794810646.264145
794810646.264145
794810646.264145
795556440.566188
795556440.566188
795556440.566188
795536138.090696
796011883.464954
795794739.599162
795696129.19005
795696129.19005
795696129.19005
795577912.087046
795577912.087046
795577912.087046
795577912.087046
794805723.66752
794805723.66752
794679168.444912
794716461.313871
794716461.313871
794716461.313871
794716461.313871
795031290.168743
795031290.168743
795031290.168743
795031290.168743
795280915.130949
795584619.276257
795584619.276257
795584619.276257
795803124.019327
795416528.583977
795416528.583977
795281458.325767
795431540.993519
795431540.993519
795431540.993519
795209317.101194
795209317.101194
795209317.101194
795209317.101194
795209317.101194
795209317.101194
795209317.101194
795209317.101194
795686770.412554
795375989.412206
795093117.420684
795093117.420684
795280505.585811
795280505.585811
795280505.585811
795498073.425732
795498073.425732
795498073.425732
795498073.425732
795498073.425732
795498073.425732
795565159.933424
795565159.933424
795642479.774845
795068377.514105
795068377.514105
795068377.514105
795068377.514105
795487895.640531
795487895.640531
795261396.071276
795261396.071276
795261396.071276
795261396.071276
795261396.071276
795261396.071276
795261396.071276
795261396.071276
795261396.071276
795261396.071276
795261396.071276
795482102.957559
795955255.834365
795656864.461177
795656864.461177
795656864.461177
795656864.461177
795656864.461177
795656864.461177
795656864.461177
795575372.861242
795575372.861242
795575372.861242
795610444.785779
795186375.621306
794718190.210654
794718190.210654
794718190.210654
794869550.391745
794515865.829247
795270637.729719
794895178.384898
794895178.384898
794895178.384898
794895178.384898
794895178.384898
794894866.736445
795047064.556972
795047064.556972
795047064.556972
795136213.180462
795136213.180462
795136213.180462
795000362.981014
794837121.714926
794837121.714926
795113394.320282
795207223.595167
795207223.595167
795267456.26559
795267456.26559
795267456.26559
795267456.26559
795267456.26559
795267456.26559
795267456.26559
794859552.063314
794859552.063314
794859552.063314
794859552.063314
794859552.063314
795409093.675373
795409093.675373
795364595.048141
795295714.753955
795295714.753955
794915342.120336
794915342.120336
794915342.120336
795018038.044972
795018038.044972
795018038.044972
795242682.012528
795242682.012528
795242682.012528
795242682.012528
794994398.718939
794794943.689724
794794943.689724
794794943.689724
794714886.366144
794714886.366144
794714886.366144
794714886.366144
794714886.366144
794968131.648968
794968131.648968
794968131.648968
794968131.648968
795849067.830146
795849067.830146
795054832.451476
795327684.213092
795327684.213092
795061586.053238
795272092.626088
795061817.670311
795061817.670311
794772323.626688
794772323.626688
794772323.626688
794997005.411863
794997005.411863
794997005.411863
795020911.800925
794836027.539867
795101158.930665
795101158.930665
795101158.930665
795317443.35169
795317443.35169
795317443.35169
795317443.35169
795317443.35169
795317443.35169
795317443.35169
795317443.35169
795269118.996213
795269118.996213
795477912.162407
795207713.262964
795207713.262964
795207713.262964
795038042.11668
795038042.11668
795038042.11668
795038042.11668
795038042.11668
795038042.11668
794785079.607611
794736704.828229
795011013.964543
795011013.964543
795011013.964543
795011013.964543
795011013.964543
795011013.964543
795011013.964543
794670014.457581
795003974.826129
795174909.642951
795174909.642951
795255839.36747
795255839.36747
794892645.968916
794892645.968916
795344821.32808
795111755.411649
795111755.411649
795249386.373804
795249386.373804
795211095.161971
795211095.161971
795211095.161971
795211095.161971
795211095.161971
794972906.61268
794972906.61268
794972906.61268
794972906.61268
794972906.61268
794972906.61268
795093807.856809
795495823.794199
795495823.794199
795700746.887627
795700746.887627
795312612.349036
795312612.349036
795465664.841614
795465664.841614
795465664.841614
795465664.841614
795465664.841614
795465664.841614
795465664.841614
795465664.841614
795181221.575107
795181221.575107
795036170.434992
795036170.434992
795036170.434992
794646857.118632
794816910.031401
794816910.031401
795126681.331228
795126681.331228
794979992.672911
794979992.672911
795536164.679153
795691312.135203
795844903.392981
795336361.144252
795286826.852375
795286826.852375
795286826.852375
795117661.701248
795244793.874203
795244793.874203
795244793.874203
794955119.220469
795060272.734542
795060272.734542
795060272.734542
795060272.734542
794991478.886446
794991478.886446
794991478.886446
794799434.486289
794799434.486289
794798975.074678
795377663.439927
795377663.439927
795377663.439927
795377663.439927
795377663.439927
795377663.439927
795377663.439927
795542296.109315
795245146.087581
795245146.087581
795404123.91997
795404123.91997
795416515.235463
795416515.235463
795416515.235463
795416515.235463
795416515.235463
795550271.732759
795550271.732759
795550271.732759
795550271.732759
795550271.732759
795550271.732759
795550271.732759
795550271.732759
795550271.732759
795245085.384978
795208211.546377
795208211.546377
795208211.546377
794933419.248935
794933419.248935
794933419.248935
794933419.248935
794933419.248935
794568391.720375
794568391.720375
794568391.720375
794956131.598225
794956131.598225
795046568.200004
795046568.200004
795072559.074441
795072559.074441
795145452.564243
795145452.564243
795127413.393499
795127413.393499
795127413.393499
795226263.342179
795374310.933838
795374310.933838
794993246.766346
794993246.766346
794993246.766346
794993246.766346
794993246.766346
795176629.449081
795176629.449081
795176629.449081
795176629.449081
795176629.449081
795176629.449081
795176629.449081
795033911.842687
795033911.842687
795033911.842687
795141828.757667
795141828.757667
795141828.757667
795141828.757667
795141828.757667
795141828.757667
795141828.757667
796015237.641905
795414937.939109
795320861.73826
795569744.668309
795569744.668309
795467227.638828
795546203.510642
795221876.411024
795221876.411024
795221876.411024
795221876.411024
795209593.246996
795209593.246996
795209593.246996
795209593.246996
795534236.509653
795608077.997759
795608077.997759
795608077.997759
795376636.300629
795266223.915205
795266223.915205
795101607.150887
795101607.150887
795101607.150887
795636147.201963
795404785.197149
795404785.197149
795404785.197149
795404785.197149
795404785.197149
795404785.197149
795404785.197149
795404785.197149
795404785.197149
795404785.197149
795404785.197149
795404785.197149
795610182.219011
795610182.219011
795610182.219011
795536500.607679
795001009.087395
795001009.087395
795017789.833188
795017789.833188
795017789.833188
795017789.833188
795323540.721434
795323540.721434
795323540.721434
795323540.721434
795234719.179173
795234719.179173
795234719.179173
794872188.231471
795599472.534194
795599472.534194
795151804.026365
795151804.026365
795151804.026365
795151804.026365
795151804.026365
795151804.026365
794926990.043897
794926990.043897
794926990.043897
794926990.043897
794964231.828565
794964231.828565
794964231.828565
794964231.828565
794964231.828565
794964231.828565
795527370.170742
795527370.170742
795300728.602382
795300728.602382
795300728.602382
795300728.602382
795300728.602382
795300728.602382
795300728.602382
795300728.602382
795300728.602382
795316677.983317
795316677.983317
795549495.489864
795549495.489864
795734096.850197
795734096.850197
795574245.25446
795574245.25446
795255431.068032
795255431.068032
795255431.068032
795215096.831702
795215096.831702
794916542.902312
794916542.902312
794916542.902312
794916542.902312
794935911.37555
794935911.37555
794935911.37555
794935911.37555
795062755.648905
795156936.651087
795156936.651087
795156936.651087
795156936.651087
795156936.651087
794929281.714042
795209085.648333
795209085.648333
795209085.648333
795209085.648333
795209085.648333
794895206.208519
794895206.208519
794895206.208519
794895206.208519
794895206.208519
794895206.208519
794895206.208519
794817744.381669
794948345.227571
794948345.227571
795476119.138591
795476119.138591
795476119.138591
795476119.138591
795476119.138591
795804939.297176
795804939.297176
795804939.297176
795925886.019179
795925886.019179
795925886.019179
795925886.019179
795925886.019179
795925886.019179
795866586.080586
795866586.080586
795546508.957689
795546508.957689
795546508.957689
795546508.957689
795546508.957689
795546508.957689
795546508.957689
795223893.565355
795223893.565355
795223893.565355
795223893.565355
795544623.051488
795544623.051488
794757754.199206
795192840.291855
794781800.516241
794781800.516241
794855368.692482
794855368.692482
795498686.75917
794838164.163367
794838164.163367
795054932.661299
795054932.661299
795057960.58599
795057960.58599
795057960.58599
795084354.682917
794888591.282628
794888591.282628
795373329.082074
795373329.082074
794877947.251161
794877947.251161
794877947.251161
794877947.251161
794877947.251161
794877947.251161
794877947.251161
794877947.251161
794877947.251161
795214434.271688
795214434.271688
794686880.517903
794686880.517903
794877623.271943
794877623.271943
794998878.665911
794998878.665911
794554249.937491
794554249.937491
795071424.969278
795199763.301936
795199763.301936
795199763.301936
794352208.384043
794945932.204866
794945932.204866
795017644.836253
795017644.836253
794861563.732222
794861563.732222
794861563.732222
794725671.504364
794896642.587562
794896642.587562
795528781.469824
795336353.554068
795547660.090557
795547660.090557
794942563.843914
794942563.843914
794942563.843914
794661514.498051
794661514.498051
794688121.398509
794688121.398509
794688121.398509
795419830.780213
795575966.144994
795575966.144994
795575966.144994
795376881.543825
795120574.371088
795301081.381121
795301081.381121
795557546.937355
795077655.335175
795077655.335175
795077655.335175
794942179.824433
795039479.533639
794951927.006296
794951927.006296
794951927.006296
794976021.762306
795031296.046653
795031296.046653
795031296.046653
795012824.035576
795012824.035576
795012824.035576
795012824.035576
795071850.018903
795071850.018903
795071850.018903
795071850.018903
795264392.063983
795264392.063983
795264392.063983
795264392.063983
795720575.196649
795606403.586374
795313933.20017
795467462.390863
795467462.390863
795467462.390863
795424769.878828
795424769.878828
795424769.878828
795424769.878828
795424769.878828
795452497.213166
795269474.226938
795387314.027405
795591987.735557
795591987.735557
795726642.123418
795726642.123418
795726642.123418
795174440.650325
794880050.9003
795351649.907312
795351649.907312
795351649.907312
795351649.907312
795351649.907312
794422723.761378
794422723.761378
794422723.761378
794422723.761378
795222463.510967
795222463.510967
795222463.510967
795222463.510967
795222463.510967
795222463.510967
795222463.510967
795099489.346561
795099489.346561
795099489.346561
795099489.346561
795080158.85662
795744817.298092
795615451.229798
795640183.52676
795640183.52676
795174817.221268
795174817.221268
795174817.221268
795174817.221268
795174817.221268
795174817.221268
795174817.221268
795174817.221268
794706807.906631
795421520.000359
795306554.596726
795306554.596726
795306554.596726
795306554.596726
795506550.173994
795259420.181466
795246140.588556
794754526.007394
794883892.864437
794883892.864437
794883892.864437
794883892.864437
794688435.625612
794688435.625612
794688435.625612
794688435.625612
794981615.146071
794812144.875895
795118270.157264
795118270.157264
795060285.257649
795060285.257649
794851635.237459
794851635.237459
795294997.931467
795294997.931467
795294997.931467
795132879.149495
795132879.149495
795132879.149495
795132879.149495
795138619.993586
795016457.698503
795147886.038274
794957512.604422
795088488.534496
795088488.534496
794816343.903384
795569645.508481
795467589.355354
795467589.355354
795467589.355354
795467589.355354
795467589.355354
795467589.355354
795467589.355354
795467589.355354
795358391.393826
795358391.393826
795246948.745628
795246948.745628
795246948.745628
795246948.745628
795246948.745628
795246948.745628
795246948.745628
795074244.003457
795113546.229521
795113546.229521
795113546.229521
795423993.646416
795423993.646416
795423993.646416
795423993.646416
795423993.646416
795423993.646416
794978241.349052
795404969.863741
795642295.751169
795642295.751169
795642295.751169
795343337.723279
795355941.945613
795308778.355435
795308778.355435
795393987.76512
794978561.169698
794978561.169698
794642979.854528
795697528.5135
794756009.046966
794756009.046966
794861434.470463
794861434.470463
794861434.470463
795122034.111124
795127736.660835
795127736.660835
794762275.224156
794780115.830368
794780115.830368
794780115.830368
794780115.830368
794780115.830368
794924469.696086
794861960.304244
794861960.304244
794861960.304244
794861960.304244
794841237.730757
795085981.999678
794864859.554388
795279985.731028
795279985.731028
795054088.930683
795054088.930683
795300105.573453
795377928.256337
794426095.374521
794426095.374521
794426095.374521
794426095.374521
794371952.274884
794870561.711879
794870561.711879
794870561.711879
794870561.711879
794870561.711879
794870561.711879
794870561.711879
794870561.711879
794870561.711879
794675270.467355
794583457.899297
794583457.899297
794742116.403044
795231791.47921
795219330.725911
795167868.531337
795160181.878145
795160181.878145
795160181.878145
795269956.500411
795269956.500411
795605497.964921
795588475.282776
795588475.282776
795159843.979996
794821420.540411
794821420.540411
794821420.540411
794821420.540411
794876203.080681
795189312.992474
795483953.803913
795329730.870996
795095929.984769
795393264.345885
795393264.345885
795397039.354197
795397039.354197
794569665.611051
794569665.611051
794569665.611051
794569055.615391
794569055.615391
794569055.615391
794569055.615391
794569055.615391
795498319.372072
794841002.860192
794841002.860192
794841002.860192
794841002.860192
795330196.967863
795330196.967863
795330196.967863
795330196.967863
794937643.182019
795581183.075218
795581183.075218
795026743.342349
795026743.342349
795026743.342349
795385355.899126
795385355.899126
795385355.899126
795385355.899126
795704263.581236
795704263.581236
795869707.943507
795869707.943507
795869707.943507
795869707.943507
795328470.806314
795328470.806314
795363276.521707
795612288.486433
795772286.878018
795772286.878018
795751930.88108
795512096.950475
795654431.364244
795654431.364244
795654431.364244
795654431.364244
795654431.364244
795544351.787167
795215491.863536
795401950.997853
795593792.513866
795258068.198868
795258068.198868
795258068.198868
795258068.198868
795258068.198868
795245042.244956
795245042.244956
795245042.244956
795245042.244956
795245042.244956
795388744.711441
795388744.711441
795338582.18948
795338582.18948
795338582.18948
795338582.18948
795316242.564197
795222965.069996
795221546.963057
795078043.221543
795754144.334932
795754144.334932
795754144.334932
795754144.334932
795754144.334932
795754144.334932
795778368.126766
795778368.126766
795754954.846869
795491267.975438
795491267.975438
795491267.975438
795491267.975438
795491267.975438
795491267.975438
795300814.085235
795300814.085235
795230026.229026
795515141.023128
795515141.023128
795515141.023128
795515141.023128
795507421.036883
795071757.961933
795071757.961933
795071757.961933
795071757.961933
795121317.943044
795121317.943044
795121317.943044
795121317.943044
795222547.175973
795222547.175973
795103876.36262
795103876.36262
794966228.576849
794745311.327055
794745311.327055
794791931.559796
794791931.559796
794490535.242467
795017691.950622
795186435.748633
795186435.748633
795186435.748633
795131794.065755
795070787.055379
795070787.055379
795491169.487172
795491169.487172
795491169.487172
795160639.304467
794889881.334207
794889881.334207
794889881.334207
795037832.635355
794895064.670865
794895064.670865
794895064.670865
794782054.504322
794782054.504322
794896778.832817
794896778.832817
794896778.832817
794921527.016425
795065539.880981
795105838.813442
795105838.813442
795691635.68983
795717510.434803
795436514.167995
795436514.167995
795247768.203771
795247768.203771
795168068.907495
795168068.907495
794953991.653604
795332589.804017
795332589.804017
795332589.804017
795332589.804017
795043584.013961
795043584.013961
795351043.052322
795351043.052322
795501189.057732
795501189.057732
795541887.571009
795541887.571009
795683418.574002
795578612.893697
795578612.893697
795014282.933938
795014282.933938
795014282.933938
795014282.933938
795014282.933938
795014282.933938
795178180.191464
795178180.191464
795730803.65354
795628668.999102
795628668.999102
795628668.999102
795628668.999102
795628668.999102
795545223.150308
795545223.150308
795545223.150308
795545223.150308
795268474.129297
795268474.129297
795268474.129297
795219241.158514
795219241.158514
795219241.158514
795219241.158514
794949657.363012
794949657.363012
794949657.363012
794949657.363012
794949657.363012
794949657.363012
794949657.363012
794949657.363012
794949657.363012
795082588.763589
794993694.871193
795163962.574604
795163962.574604
794991480.986998
794991480.986998
794991480.986998
795322756.835758
795322756.835758
795322756.835758
795322756.835758
795322756.835758
795322756.835758
795322756.835758
795322756.835758
795322756.835758
795322756.835758
795322756.835758
795516463.99461
795258486.744876
795258486.744876
795258486.744876
795007204.190534
795007204.190534
795007204.190534
795007204.190534
795007204.190534
795007204.190534
795097280.060372
795146782.905025
795146782.905025
795146782.905025
795146782.905025
795202356.103434
795202356.103434
795068661.908393
794757089.364153
795040027.283977
795238775.876482
795238775.876482
795414161.57252
795414161.57252
795414161.57252
795414161.57252
795414161.57252
795414161.57252
795414161.57252
795414161.57252
795414161.57252
795414161.57252
795474418.907847
795474418.907847
795186286.454319
795121796.665688
795121796.665688
795121796.665688
795121796.665688
795145719.878276
795145719.878276
795145719.878276
795123709.389103
795258700.65448
795258700.65448
795258700.65448
795258700.65448
795258700.65448
795258700.65448
795027811.029236
795090729.785949
795090729.785949
795211615.099694
795184756.852311
795436543.870576
795744819.54459
795257006.410492
795064630.353609
795064630.353609
795064630.353609
795097096.361795
795097096.361795
795097096.361795
795065033.596415
794862253.889019
795284663.397475
795639309.864951
795639309.864951
795562472.818967
795562472.818967
795562472.818967
795207461.617565
795207461.617565
795207461.617565
794841231.758098
794841231.758098
794841231.758098
794841231.758098
794804286.939044
794804286.939044
794804286.939044
794804286.939044
794804286.939044
795301068.384326
795277115.667844
795277115.667844
795277115.667844
795114029.474081
795234079.990343
795234079.990343
795234079.990343
795234079.990343
794514363.994082
794987928.367716
794987928.367716
794987928.367716
794987928.367716
794987928.367716
795061251.618869
795061251.618869
795061251.618869
795075481.604529
795535942.483399
795535942.483399
795535942.483399
795436806.501765
795063401.340227
795063401.340227
795063401.340227
795042256.260082
794956336.011588
795049459.857216
795049459.857216
795049459.857216
795049459.857216
795629388.270244
795151492.093207
795151492.093207
795151492.093207
795151492.093207
795151492.093207
795151492.093207
795151492.093207
795151492.093207
795151492.093207
795151492.093207
795027848.408213
795027848.408213
795027848.408213
794867702.415725
794867702.415725
794867702.415725
794867702.415725
795184213.372403
795184213.372403
795101615.812386
795081537.868611
795081537.868611
795081537.868611
795081537.868611
795081537.868611
795263002.661834
795986887.798795
795986887.798795
795482158.08119
795482158.08119
795482158.08119
795482158.08119
795031556.621253
794460312.849382
794367856.940653
794367856.940653
795293078.378638
795293078.378638
795293078.378638
795293078.378638
795412964.288018
795412964.288018
795412964.288018
795412964.288018
795624484.922748
794868763.81795
795438754.740073
795438754.740073
795575444.24218
795575444.24218
794961756.376774
794961756.376774
794977065.030179
794977065.030179
795514915.342601
795309809.315932
795309809.315932
795265236.371755
795265236.371755
795265236.371755
795265236.371755
795265236.371755
795265236.371755
795265236.371755
795265236.371755
795451696.507986
795451696.507986
795451696.507986
795461841.445394
795461841.445394
795461841.445394
795256796.43223
795256796.43223
795390421.04379
795390421.04379
795483374.834301
795483374.834301
795517799.135367
795517799.135367
795517799.135367
794949405.071278
794949405.071278
795182660.492936
795120954.136765
795120954.136765
795230229.466624
795230229.466624
794971897.712
794971897.712
794971897.712
794971897.712
794971897.712
795499065.226402
795499065.226402
795343232.711198
794674732.239327
794674732.239327
795011760.591444
795011760.591444
795206038.873066
795146391.820913
795146391.820913
795146391.820913
795146391.820913
795146391.820913
795146391.820913
795146391.820913
795146391.820913
795143955.38131
795013820.441064
794324957.825057
794324957.825057
794620893.970067
794620893.970067
794620893.970067
794620893.970067
795162133.060169
795206427.537748
795206427.537748
795206427.537748
795206427.537748
795003430.713742
794978461.169261
794978461.169261
794978461.169261
794961275.066813
794961275.066813
794802990.572361
794802990.572361
794802990.572361
794855431.596094
794917538.169199
794965878.243512
794965878.243512
794965878.243512
795381066.598887
795381066.598887
795381066.598887
795381066.598887
795547966.497314
795358032.618667
795358032.618667
795853927.913072
794972017.292681
794925077.205176
794925077.205176
794925077.205176
794925077.205176
794925077.205176
794925077.205176
794925077.205176
794930252.439769
794930252.439769
794930252.439769
794905619.505183
794972742.883283
794726627.893262
794811337.275154
794811337.275154
794811337.275154
795123870.366737
795123870.366737
795123870.366737
795525193.527591
795525193.527591
795525193.527591
794755474.821351
794682366.636581
795049660.884936
795049660.884936
795049660.884936
795049660.884936
795049660.884936
795049660.884936
795075184.708157
795350120.460557
795350120.460557
795315128.010002
795922296.415909
795922296.415909
795703957.157764
795685689.774026
795685689.774026
795685689.774026
795386503.889646
795386503.889646
795386503.889646
795406530.234356
795546113.504913
795546113.504913
795584272.849864
795321722.701978
795321722.701978
795321722.701978
794984245.623633
795075464.393064
795075464.393064
794895647.99506
794770399.77562
794770399.77562
794962360.396792
794962360.396792
794962360.396792
794970883.614133
794916971.340557
794916971.340557
794955823.032547
794955823.032547
795182017.22452
795182017.22452
795073795.156786
795073795.156786
795073795.156786
795073795.156786
795073795.156786
795073795.156786
795073795.156786
795073795.156786
795313842.041154
795313842.041154
795059052.510971
795059052.510971
795059052.510971
795059052.510971
795059052.510971
795059052.510971
795048405.282674
795048405.282674
795048405.282674
795048405.282674
795048405.282674
795301026.942541
795301026.942541
795301026.942541
795256200.724449
795256200.724449
795493238.764391
795298910.353651
795298910.353651
795093978.863746
795093978.863746
794755576.944557
794680058.85166
794680058.85166
795317158.94724
795317158.94724
795078758.40925
795239773.407569
795239773.407569
795239773.407569
795327636.351067
795122216.066665
795122216.066665
794886243.685039
795579407.682097
795579407.682097
795622234.101352
795622234.101352
795622234.101352
794837256.397287
794837256.397287
794837256.397287
794832608.023805
795565109.77311
795415999.432168
795501592.727161
795105255.635133
795070309.422608
795070309.422608
795070309.422608
795509194.727881
795509194.727881
795509194.727881
795509194.727881
795509194.727881
795509194.727881
794773533.882327
794932634.884041
794932634.884041
795223464.533108
795223464.533108
795186591.846423
795368796.164923
795368796.164923
795368796.164923
795368796.164923
795442168.627167
795442168.627167
795442168.627167
795282521.566649
794677674.072263
794677674.072263
795029183.61339
795068026.340777
794794487.074616
794794487.074616
794794487.074616
794794487.074616
794794487.074616
795211678.269172
795463164.113441
795463164.113441
795463164.113441
795504490.928739
795276665.761118
795276665.761118
795703358.232514
795500211.555415
795330851.088052
794993421.180447
794686965.376642
794388667.828705
794345350.125555
794345350.125555
795602013.784387
795602013.784387
795899643.53599
795899643.53599
795240506.145935
794994879.922737
795138607.944323
795138607.944323
795138607.944323
795138607.944323
795347172.376203
795347172.376203
794885781.606653
794885781.606653
794885781.606653
795463684.988066
795463684.988066
795463684.988066
795463684.988066
795463684.988066
795077812.789911
795077812.789911
795609226.731737
795609226.731737
795609226.731737
795579500.793569
795579500.793569
794929919.511949
795192313.700573
795041543.631825
795112231.686973
795112231.686973
795112231.686973
795221661.993818
795221661.993818
795221661.993818
795221661.993818
795136673.269764
795136673.269764
795136673.269764
795136673.269764
795136673.269764
795136673.269764
795606665.058954
795606665.058954
795159503.909155
795159503.909155
795159503.909155
795159503.909155
795159503.909155
795159503.909155
795159503.909155
795159503.909155
795159503.909155
795217268.861147
795217268.861147
794719607.280702
794719607.280702
794353936.695836
794353936.695836
794785427.138392
794785427.138392
794982557.660555
794982557.660555
794982557.660555
794982557.660555
795111003.358406
795111003.358406
795111003.358406
795111003.358406
794841709.718617
794841709.718617
795490178.62134
795490178.62134
795490178.62134
795207052.671997
795207052.671997
795207052.671997
794947632.805593
794947632.805593
794947632.805593
795300512.997409
795300512.997409
795383237.548582
795740617.353539
794845873.484547
794845873.484547
794680423.338816
794680423.338816
794680423.338816
794680423.338816
794680423.338816
794680423.338816
794680423.338816
794855142.515304
795038702.805307
795038702.805307
795038702.805307
795702661.855067
795524771.725661
795245211.24789
795245211.24789
795245211.24789
795245211.24789
795245211.24789
795245211.24789
795173256.673401
795156036.583468
795051007.625761
795051007.625761
794712607.285047
794712607.285047
794760661.16447
795103732.747001
795103732.747001
795103732.747001
795211476.381556
795211476.381556
794940774.94587
795270440.80215
795176928.986606
795485075.182179
795415080.395712
795494289.688152
795494289.688152
795494289.688152
795494289.688152
795549082.590385
795516233.960456
795261741.816792
795261741.816792
795401110.006326
795401110.006326
795401110.006326
795432047.379873
795432047.379873
795432047.379873
795432047.379873
795208609.242763
795238994.236541
794982481.590739
794974176.916171
794974176.916171
794974176.916171
795271298.351258
795711311.91133
795928691.509858
795436901.510762
794904416.865389
794524872.099104
794619271.20338
795153866.995423
795153866.995423
795015859.390315
795015859.390315
794983506.57231
794983506.57231
794983506.57231
795396008.25557
795396008.25557
795396008.25557
795396008.25557
795396008.25557
795488146.858809
795791843.468131
795791843.468131
795253279.137336
795253279.137336
795182526.989761
795182526.989761
795182526.989761
795182526.989761
795182526.989761
795000281.810598
795000281.810598
795000281.810598
795385726.277153
795396237.040691
795396237.040691
795396237.040691
795396237.040691
795396237.040691
795396237.040691
795396237.040691
794878401.758554
794849298.897196
794871197.650612
794871197.650612
794871197.650612
794871197.650612
794871197.650612
794871197.650612
794871197.650612
795056652.189676
795056652.189676
795056652.189676
795056652.189676
795286987.243522
795286987.243522
795286987.243522
795286987.243522
795286987.243522
795084358.91421
795084358.91421
795084358.91421
795234703.708199
795234703.708199
795362446.574181
794959515.751385
794959515.751385
795439597.274172
795439597.274172
795439597.274172
795439597.274172
795037483.99588
795003711.985639
795003711.985639
795003711.985639
795003711.985639
795011534.400029
795375654.557
795375654.557
795375654.557
795375654.557
795375654.557
795375654.557
795375654.557
795375654.557
795375654.557
795375654.557
795375654.557
795176803.457978
795771033.638542
795717542.689663
795717542.689663
795717542.689663
795717542.689663
795717542.689663
795670360.395457
795670360.395457
795502749.670294
795162951.188265
795162951.188265
795454380.94479
795164948.139943
795164948.139943
795164948.139943
795164948.139943
795164948.139943
795164948.139943
795164948.139943
795164948.139943
795164948.139943
795164948.139943
795164948.139943
795164948.139943
795164948.139943
795403182.540829
795403182.540829
795449768.422551
795678569.933988
795519097.226766
795519097.226766
795519097.226766
795519097.226766
795107520.57487
795107520.57487
795607495.96284
795506018.756352
795506018.756352
795545663.902819
795545663.902819
794815234.747599
795314600.909306
795314600.909306
795314600.909306
795400179.047194
795047970.500712
795047970.500712
795205058.511111
795205058.511111
795402197.798403
795402197.798403
795402197.798403
795402197.798403
795402197.798403
795402197.798403
794698600.46483
795010782.162035
795010782.162035
794784127.364987
795145431.181708
795145431.181708
795145431.181708
794944600.202856
794944600.202856
794944600.202856
794944600.202856
794944600.202856
794803312.77887
794955549.569182
794955549.569182
794955549.569182
794955549.569182
794815286.072443
794815286.072443
794815286.072443
794815286.072443
794815286.072443
794815286.072443
795263459.835248
795263459.835248
795263459.835248
795263459.835248
795263459.835248
795263459.835248
795371083.842258
795371083.842258
795371083.842258
795371083.842258
794888638.667891
795404808.798517
795404808.798517
795206010.334873
795206010.334873
795206010.334873
795206010.334873
795206010.334873
795402301.752228
795402301.752228
795402301.752228
795402301.752228
795338059.581448
795338059.581448
795338059.581448
795338059.581448
795198971.930527
795182745.11956
795182745.11956
795182745.11956
794615851.105734
795005470.525898
795005470.525898
795005470.525898
795143327.768015
795176330.349729
795159251.37158
795492372.833647
795418692.63287
795418692.63287
795418692.63287
795418692.63287
795183245.084134
795183245.084134
795183245.084134
795183245.084134
795183245.084134
795687971.886985
795717361.567854
795615428.536357
795360383.250963
795360383.250963
795360383.250963
795360383.250963
795360383.250963
795360383.250963
795104479.259827
795104479.259827
795420717.825316
795420717.825316
794789041.463515
794888349.255292
794991346.063416
795103098.164113
795000565.732018
795037361.319545
795490891.971801
795490891.971801
795490891.971801
795490891.971801
795490891.971801
794772271.763645
795670401.8217
795670401.8217
795670401.8217
795670401.8217
795479081.952275
795479081.952275
795840332.119361
795602229.00244
795472139.154158
795472139.154158
795472139.154158
795472139.154158
795472139.154158
795472139.154158
795472139.154158
795472139.154158
794918374.542995
794832782.384613
795071767.776966
795071767.776966
795174755.709015
795174755.709015
795174755.709015
795294179.587257
795132482.376592
794599048.224328
795334959.801532
795334959.801532
795122177.123778
795122177.123778
795122177.123778
795226956.952924
795226956.952924
795017764.047078
794788160.502885
794788160.502885
794788160.502885
794723460.12065
794723460.12065
794723460.12065
794976349.884505
794976349.884505
795299195.696288
795299195.696288
795299195.696288
795299964.254882
795319836.582098
795319836.582098
795319836.582098
795319836.582098
794992487.67159
794992487.67159
794952531.960089
794903241.107784
794903241.107784
794903241.107784
794903241.107784
794903241.107784
795204630.957368
795204630.957368
795204630.957368
795204630.957368
795181939.141132
795181939.141132
795181939.141132
795181939.141132
795495877.852819
795155150.10455
794762878.403786
795387905.627628
795973455.712957
795973455.712957
795073782.467003
795106145.390551
794800393.080363
794800393.080363
794800393.080363
794800393.080363
794990029.486758
794884536.110054
794997706.411629
794997706.411629
794997706.411629
794997706.411629
794997706.411629
794997706.411629
794997706.411629
794997706.411629
795204015.680363
795204015.680363
795204015.680363
795778637.045728
795652030.498058
795652030.498058
795652030.498058
795652030.498058
795287793.362149
795287793.362149
794951453.340788
794951453.340788
794951453.340788
794951453.340788
794951453.340788
794699981.096238
795251669.344443
795160822.649976
795160822.649976
795160822.649976
795160822.649976
795536415.828646
795536415.828646
795536415.828646
795536415.828646
795536415.828646
795465830.206565
795292549.867276
795292549.867276
794305646.032206
794305646.032206
794305646.032206
794305646.032206
794968334.506491
795153363.558156
794821147.344471
794807159.862427
794807159.862427
795109433.770901
795105897.632603
795105897.632603
795132194.786031
795588167.950394
795359572.772884
795359572.772884
794582054.551603
794582054.551603
794672206.771819
794921413.265458
794921413.265458
794878815.555156
794909614.860887
794909614.860887
794909614.860887
794909614.860887
795229497.303088
795171219.502614
795274734.270656
795185254.033685
795185254.033685
795185254.033685
795185254.033685
795185254.033685
794855172.823916
794855172.823916
795142002.748277
795142002.748277
795598538.424074
795598538.424074
795598538.424074
795598538.424074
795598538.424074
795467766.78039
794813997.239139
794856973.029579
794856973.029579
795199859.336146
795199859.336146
795097699.159001
795097699.159001
795175041.047957
795175041.047957
795613278.522775
795518826.93575
795518826.93575
795758026.940082
795859374.320409
795859374.320409
795503915.476847
795565764.984578
795565764.984578
795293251.873896
795036566.931656
795017923.816779
795461510.732229
795125831.556466
795263259.688901
795263259.688901
795263259.688901
795263259.688901
795263259.688901
794925824.74009
794925824.74009
794925824.74009
794925824.74009
795023759.240704
795023759.240704
795023759.240704
795181292.842404
794981232.369711
794974433.247044
794974433.247044
795272467.763983
795566390.24257
795566390.24257
795566390.24257
795566390.24257
795566390.24257
795942264.930512
795942264.930512
795942264.930512
795942264.930512
794928152.169763
794928152.169763
794922863.190795
794790893.229123
794790893.229123
794790893.229123
795160735.344578
795160735.344578
795160735.344578
795149186.259942
795149186.259942
795149186.259942
795149186.259942
795288322.51776
794969737.701728
794969737.701728
794969737.701728
794969737.701728
794969737.701728
794969737.701728
794969737.701728
794969737.701728
795038331.384174
795038331.384174
795038331.384174
795258031.666882
795258031.666882
795258031.666882
795258031.666882
795258031.666882
795027216.368618
795027216.368618
795027216.368618
795158992.35696
795158992.35696
795670998.756459
795367801.086484
795367801.086484
795351622.637602
795854582.732097
795752835.50228
795371959.146435
795238291.979828
795238291.979828
795254388.986175
794768739.705762
794900087.745943
795283688.531625
794768361.223966
794768361.223966
794768361.223966
794768361.223966
794768361.223966
795385339.458029
795410104.46633
795410104.46633
795467896.491067
795467896.491067
795616166.249952
795616166.249952
795616166.249952
795616166.249952
795374668.744007
795374668.744007
795374668.744007
795374668.744007
795157960.250177
795620276.474285
795640315.103315
795779817.0847
795839470.178884
795360379.08506
795360379.08506
795444309.821635
795444309.821635
795444309.821635
795444309.821635
795547546.008282
795547546.008282
795547546.008282
795547546.008282
795326374.608969
795177425.12855
795177425.12855
794786344.108917
794786344.108917
794786344.108917
794786344.108917
794786344.108917
794843526.908242
794843526.908242
795125472.677201
794835789.978444
794835789.978444
794835789.978444
794916745.578305
794828565.114582
794828565.114582
794828565.114582
795135615.547876
795135615.547876
795135615.547876
795327437.780449
795327437.780449
795327437.780449
795247644.927695
795247644.927695
795330350.744679
795185633.385693
795185633.385693
795185633.385693
795185633.385693
794930472.767645
794786594.411271
794786594.411271
794786594.411271
795127287.070814
794790241.211892
795370502.99161
795792305.405786
794816045.204798
794816045.204798
794816045.204798
794908747.447516
794908747.447516
794908747.447516
795478737.112957
795478737.112957
795854869.662106
795854869.662106
795854869.662106
795854869.662106
795897226.124379
796032943.103133
796032943.103133
796032943.103133
795719304.130965
795719304.130965
795545373.808112
795545373.808112
795545373.808112
795524370.386785
795031223.096967
795008951.587478
795008951.587478
795008951.587478
795008951.587478
795008951.587478
795008951.587478
795008951.587478
795008951.587478
795008951.587478
795008951.587478
795008951.587478
795152098.728403
794979634.154246
794938816.277518
794938816.277518
794855976.396785
794855976.396785
794855976.396785
794855976.396785
794855976.396785
794848467.392715
794848467.392715
795077578.30529
795077578.30529
795077578.30529
795077578.30529
794961128.770174
794961128.770174
794961128.770174
794961128.770174
794961128.770174
794961128.770174
794961128.770174
794961128.770174
794887832.120466
794887832.120466
794887832.120466
794887832.120466
795262897.010953
795306350.391198
795306350.391198
795306350.391198
795306350.391198
795306350.391198
795306350.391198
795306350.391198
795466024.969402
795121597.251429
794789802.80002
794789802.80002
794789802.80002
794731951.370954
794731951.370954
794731951.370954
795225176.433247
795225176.433247
795225176.433247
795175173.329509
795404601.109002
795336379.322157
795336379.322157
795336379.322157
795439717.182509
795677631.886328
795677631.886328
795464166.920376
795558404.06587
795522624.660452
794702440.600309
794602272.027321
794602272.027321
795045510.698689
795062074.401183
795062074.401183
795340227.715492
794940855.065474
795110739.601461
795110739.601461
795110739.601461
795110739.601461
795644256.112648
795644256.112648
795070977.707235
795070977.707235
794802903.528855
795152201.330056
795533971.79917
795533971.79917
795417175.856459
795278936.896203
795544719.972283
795411492.481818
795411492.481818
795459190.663145
795174996.08429
795516558.570924
795308327.479358
795308327.479358
795269252.459989
795269252.459989
794978303.508319
794919198.19784
794919198.19784
794919198.19784
795029265.233578
795029265.233578
795029265.233578
795029265.233578
795029265.233578
795029265.233578
795029265.233578
795029265.233578
795006405.103961
795006405.103961
795006405.103961
795078960.292743
795473133.233037
795473133.233037
795473133.233037
795473133.233037
795029349.317067
795029349.317067
795029349.317067
795029349.317067
795155400.062565
795295785.400967
795295785.400967
795295785.400967
795295785.400967
795295785.400967
795295785.400967
795266800.029968
795266800.029968
795266800.029968
795266800.029968
795266800.029968
795266800.029968
795266800.029968
795266800.029968
795092482.153371
795108308.324701
795108308.324701
795108308.324701
795436496.855218
795436496.855218
795436496.855218
795367542.894081
795367542.894081
795165215.82857
795165215.82857
795271754.380145
795271754.380145
795738521.410295
795738521.410295
795738521.410295
795050105.391531
795424140.152492
795424140.152492
795499411.369697
795566018.361661
795566018.361661
795566018.361661
795566018.361661
795615954.404536
795490889.517736
795490889.517736
795490889.517736
795490889.517736
795490889.517736
795490889.517736
795490889.517736
795490889.517736
795281079.345797
795281079.345797
795281079.345797
795819345.548615
795819345.548615
795443542.779097
795443542.779097
795307533.694165
795307533.694165
795327332.313782
795540480.527479
794925244.539358
795155517.37827
795334243.075091
795334243.075091
795534640.640079
795534640.640079
795534640.640079
795534640.640079
795534640.640079
795421951.038742
795201349.162524
795299380.042051
795299380.042051
794973860.60019
794973860.60019
794881642.398888
794881642.398888
794881642.398888
795365176.920405
795367122.519315
795330697.948693
795330697.948693
794939518.644008
794939518.644008
794863588.268752
794962053.212387
794962053.212387
794962053.212387
795522672.564464
795522672.564464
795522672.564464
795522672.564464
795561397.343917
795094358.897706
795094358.897706
795094358.897706
795094358.897706
794756742.425668
794852836.945867
794852836.945867
794852836.945867
795666413.053324
795105616.935587
794960180.282599
794960180.282599
794960180.282599
794960180.282599
794960180.282599
794960180.282599
795672746.577022
795574357.798829
795574357.798829
795574357.798829
795574357.798829
795574357.798829
795473170.460391
795192686.240351
795192686.240351
795192686.240351
795313662.307483
795351539.002724
795351539.002724
795351539.002724
795191142.233273
795191142.233273
795191142.233273
795435217.348965
795435217.348965
795435217.348965
795435217.348965
795214366.051559
795214366.051559
795136987.658541
795127740.724059
794948392.80178
794948392.80178
795437792.233592
795437792.233592
795437792.233592
795533722.399693
795533722.399693
795383527.594035
795383527.594035
795353964.356348
795206832.756251
795206832.756251
795206832.756251
795266132.356175
795266132.356175
795266132.356175
795266132.356175
795266132.356175
795266132.356175
795266132.356175
795266132.356175
795437006.45941
795663640.817136
795663640.817136
795663640.817136
795663640.817136
795663640.817136
795747034.308021
795629355.117215
795629355.117215
795702491.003244
795702491.003244
795219962.767926
795219962.767926
795317754.031352
795317754.031352
795391627.008608
794865414.089338
795035470.85206
795035470.85206
795035470.85206
795035470.85206
795035470.85206
795035470.85206
795035470.85206
795035470.85206
795035470.85206
795389575.180222
795389575.180222
795389575.180222
794997852.857306
794997852.857306
794997852.857306
794997852.857306
795336496.981163
795001228.190767
795001228.190767
795001228.190767
795001228.190767
795063903.065103
795063903.065103
795063903.065103
795063903.065103
795063903.065103
795221060.96896
795221060.96896
795149975.758008
795149975.758008
795152545.094069
795581233.363454
795581233.363454
795256718.196767
795256718.196767
795407448.395417
795407448.395417
795407448.395417
795442553.47104
795442553.47104
795442553.47104
795442553.47104
795629401.632372
795359575.67926
795359575.67926
795359575.67926
795131373.091951
795170101.178012
795170101.178012
795170101.178012
795170101.178012
795170101.178012
794662058.77523
794662058.77523
794662058.77523
794662058.77523
794662058.77523
794864442.832519
795188230.671078
795188230.671078
795188230.671078
795188230.671078
795188230.671078
795193431.738147
795193431.738147
795193431.738147
795321031.378191
795468567.118302
795468567.118302
795468567.118302
795619412.081244
795340059.710659
795590697.089971
795590697.089971
795590697.089971
795590697.089971
795590697.089971
795590697.089971
795590697.089971
795590697.089971
795590697.089971
795022608.505749
795022608.505749
795022608.505749
795022608.505749
795022608.505749
795022608.505749
795022608.505749
795135979.961772
795141983.451527
795141983.451527
795391025.554966
795583574.647611
795702833.202319
795702833.202319
795702833.202319
795502104.26784
795502104.26784
795281302.834638
795361820.345462
795348634.349619
795348634.349619
795348634.349619
795348634.349619
795348634.349619
795309472.977456
795393921.616912
795393921.616912
795373017.664508
795426574.383705
795267853.011833
795267853.011833
795262939.71994
795262939.71994
795122263.189742
795329539.96147
795213231.13549
795383935.856442
795769776.059949
795520700.153336
795520700.153336
795375724.260846
795375724.260846
795375724.260846
795837174.339833
795601536.866668
795601536.866668
795601536.866668
795601536.866668
795692786.649218
795870562.587248
795418499.047706
795418499.047706
795418499.047706
795410719.803166
795410719.803166
795832113.489699
795660630.215884
795660630.215884
795660630.215884
795660630.215884
795660630.215884
795261541.52919
795261541.52919
795261541.52919
795306361.867737
795306361.867737
795306361.867737
795306361.867737
795306361.867737
795306361.867737
795306361.867737
795306361.867737
795306361.867737
795306361.867737
795306361.867737
795306361.867737
795602207.767106
795780443.392305
795780443.392305
795780443.392305
795667100.571742
795667100.571742
795667100.571742
795667100.571742
795667100.571742
795011439.188103
795011439.188103
794572268.524628
794859778.702231
795111569.524259
795111569.524259
795111569.524259
795111569.524259
795210486.433392
795248114.742407
795623402.308512
795623402.308512
795100429.648611
794973314.41529
794973314.41529
794973314.41529
794973314.41529
794973314.41529
794973314.41529
794973314.41529
794973314.41529
794973314.41529
795196203.995234
795196203.995234
795310978.461995
794924954.658498
794924954.658498
794924954.658498
794924954.658498
794924954.658498
794924954.658498
794924954.658498
794924954.658498
794924954.658498
794924954.658498
794924954.658498
794924954.658498
794924954.658498
794924954.658498
794924954.658498
794924954.658498
794924954.658498
794924954.658498
794924954.658498
795174544.359922
795286717.426958
795286717.426958
795286717.426958
795286717.426958
795286717.426958
795090738.850289
795268499.19235
795146496.720134
795146496.720134
795146496.720134
795146496.720134
795102517.054602
795038825.646504
795324169.452989
795290277.055236
795290277.055236
795290277.055236
795293214.308046
795689370.2945
795689370.2945
795689370.2945
795689370.2945
795559530.617706
795559530.617706
795559530.617706
795533519.272553
795533519.272553
795533519.272553
795533519.272553
795316613.223869
795398286.004065
795398286.004065
795523181.817452
795559992.18098
795559992.18098
795559992.18098
795559992.18098
795620699.492418
795663607.578146
795598169.791042
795598169.791042
795183156.106851
795183156.106851
795141948.290569
795141948.290569
795141948.290569
795274477.223198
795274477.223198
795274477.223198
795274477.223198
795190015.121888
795190015.121888
795190015.121888
795229961.753832
795229961.753832
795229961.753832
795371460.683217
795094831.050741
795094831.050741
794598292.194095
794598292.194095
794598292.194095
795441064.813662
795251453.824971
794857955.359436
794857955.359436
794857955.359436
794857955.359436
794921295.714411
795157947.895339
795532288.452902
795670086.463654
795670086.463654
795712911.428896
795683842.25201
795250627.620245
795250627.620245
795238841.251679
795238841.251679
795238841.251679
795238841.251679
795238841.251679
795238841.251679
795232167.086276
795178930.734613
795178930.734613
794960826.489037
794960826.489037
794960826.489037
794796242.167086
795454733.994547
795454733.994547
795454733.994547
795454733.994547
794955940.115588
794803813.740411
794793040.888742
794793040.888742
794863428.140629
795007057.221037
795326981.166631
795326981.166631
795145532.715275
795240987.809403
795240987.809403
795251113.591779
795251113.591779
795251113.591779
795251113.591779
795338407.99772
795338407.99772
795577524.259112
795218490.864974
795218490.864974
795218490.864974
795478975.264137
795478975.264137
795478975.264137
795478975.264137
795478975.264137
795478975.264137
795478975.264137
795478975.264137
795478975.264137
795478975.264137
795478975.264137
795478975.264137
795478975.264137
795478975.264137
795478975.264137
795478975.264137
795478975.264137
795478975.264137
795426218.190527
795317503.504489
794849612.650653
794849612.650653
795792400.901615
795792400.901615
795792400.901615
795792400.901615
795792400.901615
795792400.901615
795792400.901615
795920778.90367
795617108.797226
795617108.797226
795222728.29012
795222728.29012
795222728.29012
795232806.92215
795232806.92215
795195087.602397
795521753.04471
795594912.43875
795524051.75182
795524051.75182
795524051.75182
794978532.34732
794978532.34732
794780602.228594
794780602.228594
794780602.228594
794780602.228594
794780602.228594
794780602.228594
794780602.228594
794780602.228594
794780602.228594
795431363.228405
795100834.05825
795302159.388249
795101226.981934
795101226.981934
795101226.981934
795101226.981934
795544895.804302
795544895.804302
794899057.100926
795456068.447734
795456068.447734
795456068.447734
794816557.930681
794816557.930681
794816557.930681
794816557.930681
795111054.985379
795275231.519205
795275231.519205
795181034.819022
795255658.767458
795337746.365307
795460991.258484
794968718.096469
794968718.096469
794968718.096469
795025801.48377
795025801.48377
795025801.48377
795025801.48377
794681603.648361
794813101.464087
794808811.945783
794808811.945783
794808811.945783
794808811.945783
794808811.945783
794808811.945783
795089053.267189
795089053.267189
795089053.267189
794726872.075488
794726872.075488
794726872.075488
794726872.075488
794722850.201401
794722850.201401
794722850.201401
795102816.791436
795752215.837156
795271827.899017
795271827.899017
795024149.869462
794735561.235921
794904409.728944
794904409.728944
794970894.437291
794970894.437291
794970894.437291
794970894.437291
794828323.345163
794828323.345163
794828323.345163
794828323.345163
794827096.106778
794827096.106778
794827096.106778
794827096.106778
794827096.106778
794827096.106778
794827096.106778
794827096.106778
794827096.106778
795348226.276523
795354719.338204
795354719.338204
795354719.338204
795333455.937546
795333455.937546
795150713.102204
795150713.102204
794496379.303727
794779405.32268
794779405.32268
794779405.32268
795594449.028564
795594449.028564
795594449.028564
795594449.028564
795594449.028564
795594449.028564
795594449.028564
795594449.028564
795382095.88198
795382095.88198
795382095.88198
795382095.88198
795094191.995342
795094191.995342
795094191.995342
795094191.995342
795094191.995342
795094191.995342
795290673.669579
795290673.669579
795290673.669579
795290673.669579
795290673.669579
795290673.669579
795290673.669579
795290673.669579
795290673.669579
795290673.669579
794934209.560286
795014146.29441
795014146.29441
795014146.29441
795014146.29441
795014146.29441
795093583.238842
795080284.149731
795080284.149731
795080284.149731
795080284.149731
795080284.149731
795260213.927188
795260213.927188
795466033.011353
795423628.260448
795815908.584127
795815908.584127
795815908.584127
795815908.584127
795815908.584127
795815908.584127
795815908.584127
795815908.584127
795895184.543473
795052019.516447
795052019.516447
795052019.516447
795052019.516447
795052019.516447
795052019.516447
795341529.597977
795341529.597977
795239565.57318
795239565.57318
795188083.406082
795188083.406082
795188083.406082
795292618.765828
795292618.765828
795292618.765828
794880750.776595
794957590.247853
794957590.247853
794858121.372357
794858121.372357
794762181.778362
794762181.778362
794762181.778362
795229746.987692
795329615.380702
795346371.358678
795346371.358678
795346371.358678
795407832.080807
795334187.74185
795334187.74185
795334187.74185
795334187.74185
795334187.74185
795334187.74185
795465670.755789
794982781.663442
794982781.663442
794982781.663442
794879430.086435
794879430.086435
794879430.086435
794879430.086435
794879430.086435
794879430.086435
795179972.380375
795080114.112415
795271904.697389
795271904.697389
795271904.697389
795271904.697389
795126125.658083
795126125.658083
794719477.128822
795298104.129241
795298104.129241
795298104.129241
795298104.129241
795173015.78809
795173015.78809
795173015.78809
795173015.78809
795409264.834615
795409264.834615
795553042.716904
795553042.716904
795004615.908137
795117124.50168
795117124.50168
795117124.50168
795787491.195178
795787491.195178
795787491.195178
794794056.719918
794360752.404321
794360752.404321
794837155.320618
794837155.320618
794875413.506751
794720688.54374
794720688.54374
795059021.58139
795169912.601915
795169912.601915
795199925.464017
795310464.813197
795558738.030056
795288438.503922
795809160.225298
795730047.976587
795064033.474751
795064033.474751
794986928.711847
795784603.34194
795784603.34194
795784603.34194
795784603.34194
795275438.654462
795350960.591732
795350960.591732
795350960.591732
794987809.866302
794987809.866302
794987809.866302
795047499.37546
794713372.57148
794900893.325301
794900893.325301
795499921.171133
795145947.317528
795145947.317528
795112924.8783
795112924.8783
795112924.8783
795112924.8783
795247678.87996
795247678.87996
795129045.819476
795129045.819476
795129045.819476
795134851.197938
795490313.525509
795505621.790529
795505621.790529
795505621.790529
796096338.469941
796096338.469941
796096338.469941
796096338.469941
795803134.464694
795782332.621208
795725879.798301
795294358.564924
795193050.766088
794845303.300008
794845303.300008
794845303.300008
794845303.300008
794845303.300008
794949578.853748
795045630.834857
794768672.581747
794768672.581747
794711372.302112
794711372.302112
794710546.646946
794710546.646946
794710546.646946
794566409.872144
794566409.872144
794566409.872144
794566409.872144
794566409.872144
794739044.998325
794739044.998325
794739044.998325
795101398.838105
794853398.54961
794853398.54961
794805523.212872
794805523.212872
794589864.899041
794426639.077842
794426639.077842
794426639.077842
794426639.077842
794334952.705332
794334952.705332
794818999.141392
794818999.141392
795113871.767535
794558658.121669
794558658.121669
794884262.70423
795111793.324682
794971905.601969
794971905.601969
795089732.150362
795089732.150362
795272267.830821
795272267.830821
795454041.413732
795221002.358961
795221002.358961
795221002.358961
795221002.358961
795221002.358961
795221002.358961
795369587.389458
795470123.325453
795470123.325453
795244449.190653
795244449.190653
795373793.644367
795373793.644367
795639362.08021
795639362.08021
794675863.777781
794711382.54105
794711382.54105
794711382.54105
794711382.54105
794711382.54105
794711382.54105
794711382.54105
794711382.54105
794711382.54105
794711382.54105
794711382.54105
794750989.335004
795164409.247557
795523715.718655
795523715.718655
795523715.718655
795523715.718655
794843068.397097
794843068.397097
794902445.608004
794902445.608004
794902445.608004
795242750.58281
795242750.58281
795242750.58281
795197895.267435
795197895.267435
795200695.239853
794682386.899982
795312198.508684
795312198.508684
795404302.712556
795278153.220077
795278153.220077
795375191.019457
795375191.019457
795375191.019457
795375191.019457
795402871.399709
795402871.399709
795402871.399709
795402871.399709
795402871.399709
795402871.399709
795402871.399709
795402871.399709
795402871.399709
794853316.526758
794950015.356763
795381718.506202
795381718.506202
795381718.506202
795074729.944917
795232473.081342
795232473.081342
795232473.081342
795214313.793742
795214313.793742
795662842.615949
795662842.615949
795662842.615949
795169007.425039
795169007.425039
795169007.425039
795169007.425039
795049914.501541
795049914.501541
795049914.501541
795383075.491938
795383075.491938
795383075.491938
795383075.491938
795383075.491938
795383075.491938
796070176.922703
796070176.922703
796070176.922703
796070176.922703
796053798.342793
796053798.342793
796053798.342793
795568017.785668
795369665.975011
795369665.975011
795212025.405219
795212025.405219
795212025.405219
794984431.757851
794984431.757851
794984431.757851
794984431.757851
795378099.761739
795378099.761739
795449188.867982
795449188.867982
795449188.867982
795348079.72065
795348079.72065
795020855.0532
795020855.0532
795020855.0532
795020855.0532
795020855.0532
795282061.476705
795282061.476705
795282061.476705
795282061.476705
795410702.015208
795410702.015208
795410702.015208
795279918.82346
795279918.82346
794383067.960536
794966915.428273
794966915.428273
794966915.428273
795297546.705088
795379665.960648
794735456.088406
794720133.970076
795018955.389834
795018955.389834
795317133.216056
795317133.216056
795317133.216056
795088279.49842
795526364.478235
795433691.327284
795433691.327284
795433691.327284
795433691.327284
795433691.327284
795433691.327284
795433691.327284
795509335.993234
795423808.288172
795553510.793672
795553510.793672
795744463.57343
795574795.276279
795407102.455366
795407102.455366
795445816.63349
795445816.63349
795445816.63349
795445816.63349
795445816.63349
795445816.63349
795446611.563582
795533954.186259
795198758.872917
795788470.06303
795788470.06303
795788470.06303
795598330.167881
795598330.167881
795400530.323324
795400530.323324
795233549.32512
795233549.32512
795233549.32512
795017548.574942
795017548.574942
795017548.574942
795017548.574942
795017548.574942
795017548.574942
795017548.574942
795017548.574942
795333504.600858
795128644.315108
795128644.315108
795066491.013254
794847793.657521
794847793.657521
794847793.657521
794847793.657521
794847793.657521
794847793.657521
795075310.097113
795075310.097113
795075310.097113
795075310.097113
794819856.872953
794835643.256797
795114417.387588
795114417.387588
795114417.387588
795099656.118926
795099656.118926
795099656.118926
795099656.118926
795022739.399316
795248357.443208
795276586.497522
795276586.497522
795422074.494292
795556376.676498
795556376.676498
795556376.676498
795556376.676498
795233157.30372
795496545.942182
795513148.228731
795513148.228731
795592538.692808
795592538.692808
795680597.9699
795680597.9699
795647651.190843
795256836.337981
795256836.337981
795256836.337981
795256836.337981
795256836.337981
795256836.337981
795256836.337981
795256836.337981
795367352.299025
795510636.323425
795128268.17083
795211793.99675
795569798.214121
795569798.214121
795569798.214121
795569798.214121
795569798.214121
795356231.558309
795356231.558309
795356231.558309
795322807.697754
795504588.336377
794620257.019624
794620257.019624
794620257.019624
794620257.019624
794620257.019624
794670394.371202
794670394.371202
794670394.371202
794670394.371202
794670394.371202
794668718.88785
794983023.30908
794965280.433583
794965280.433583
794965280.433583
794965280.433583
794890785.068129
794890785.068129
795034287.180548
794503246.941562
794503246.941562
795305089.968751
795090751.019352
795090751.019352
795090751.019352
795090751.019352
795262474.117779
795476123.41884
795357725.363055
795525777.984288
795525777.984288
795525777.984288
795525777.984288
795525777.984288
795525777.984288
795525777.984288
795647759.777524
795647759.777524
795311367.820644
795311367.820644
795452253.073001
795278751.681101
795360461.584558
795360461.584558
795220235.850788
795220235.850788
795220235.850788
795220235.850788
795220235.850788
795107067.095264
795147588.400682
795302819.151644
795356766.979763
795356766.979763
795356766.979763
795356766.979763
795356766.979763
795356766.979763
795551410.744738
795551410.744738
794830404.805849
794830404.805849
794910152.745441
795129760.358773
795129760.358773
795246439.539208
795223850.472848
795223850.472848
795273630.266489
795273630.266489
795346195.991645
795193783.3731
795497419.580854
795497419.580854
795113920.518957
795113920.518957
795113920.518957
795232967.497017
794867019.632959
794867019.632959
794867019.632959
794867019.632959
794867019.632959
794867019.632959
794867019.632959
795496015.935782
795473307.711145
795473307.711145
795390190.796895
795607727.111108
795607727.111108
795148985.255329
795148985.255329
795148985.255329
795390996.65401
795112429.598228
795112429.598228
794783279.988351
794922778.481965
795018056.508274
795018056.508274
795018056.508274
794801691.963126
795571368.344809
795571368.344809
795571368.344809
795571368.344809
795571368.344809
795588089.331508
795588089.331508
795588089.331508
795588089.331508
795588089.331508
795588089.331508
795234111.269382
795234111.269382
795039986.265971
795299409.446629
795299409.446629
795299409.446629
795190334.026371
795451027.294055
795451027.294055
795451027.294055
795226960.798398
795226960.798398
795226960.798398
795226960.798398
795226960.798398
795109263.436841
795050248.995927
795197136.510927
795197136.510927
795197136.510927
795197136.510927
795221939.879911
794745423.498049
795343734.300596
795343734.300596
795343734.300596
795343734.300596
795343734.300596
795343734.300596
795100662.622741
795100662.622741
795100662.622741
795455904.619464
795158220.95506
795158220.95506
795158220.95506
795158220.95506
795158220.95506
795158220.95506
795799448.425986
795799448.425986
795631623.483051
795631623.483051
795324875.58067
795633381.785936
795263764.432451
795263764.432451
795263764.432451
795263764.432451
794955418.779732
794955418.779732
794955418.779732
794955418.779732
794955418.779732
794955418.779732
794955418.779732
795261208.330458
795261208.330458
795085501.173551
795061499.009815
795061499.009815
795061499.009815
795061499.009815
795130981.170133
794963020.20596
795124235.969945
795124235.969945
795124235.969945
794950243.170525
795487362.543586
795487362.543586
795487362.543586
795487362.543586
795487362.543586
795039137.640571
795363952.930838
795229761.556177
795178873.014781
794781346.772386
794781346.772386
794781346.772386
794781346.772386
795209871.14665
795209871.14665
795209871.14665
795209871.14665
795209871.14665
795421624.191742
795421624.191742
795421624.191742
795421624.191742
795421624.191742
795421624.191742
795421624.191742
795421624.191742
795750802.853801
795499263.213788
794746927.328279
794746927.328279
794924065.247461
794924065.247461
794924065.247461
794924065.247461
794934159.723034
795149548.273817
795149548.273817
795179441.224282
795179441.224282
795179441.224282
795179441.224282
795179441.224282
795179441.224282
795048178.017178
795023444.386008
794981133.972199
794614216.221651
794901176.829198
794901176.829198
795173492.984929
795173492.984929
795503430.087064
794910945.351075
795435483.785259
795435483.785259
795429761.052399
795109014.715314
795109014.715314
795109014.715314
795064237.109935
795064237.109935
795064237.109935
795077557.563971
794981988.565412
794981988.565412
795285401.333212
795298901.143152
795231874.890317
795231874.890317
795341657.440817
795299830.192823
795450741.048496
795602507.917473
795685390.697738
795293889.049186
795293889.049186
795135498.517065
795135498.517065
795135498.517065
795135498.517065
795135498.517065
795135498.517065
795262512.924324
795262512.924324
795262512.924324
795480348.710705
795480348.710705
795480348.710705
795480348.710705
795480348.710705
795480348.710705
795480348.710705
795480348.710705
795560017.325825
795196356.690903
795196356.690903
795196356.690903
795196356.690903
795196356.690903
795196356.690903
795078260.8646
795042333.500315
795042333.500315
795042333.500315
795042333.500315
795091011.048158
795685424.166102
795504680.227858
794982885.347257
795362351.560974
795362351.560974
795362351.560974
795362351.560974
795287490.965761
795026979.099419
795026979.099419
795026979.099419
795026979.099419
795092939.353419
795092939.353419
795045694.623792
795154074.825226
795129528.6419
795129528.6419
795191863.393943
795191863.393943
795153442.088193
795153442.088193
794895497.682494
794895497.682494
794895497.682494
794963548.150236
794963548.150236
795321202.935558
795562073.982609
795562073.982609
795562073.982609
795562073.982609
795562073.982609
795421428.093061
795232041.604794
795232041.604794
795232041.604794
795189020.036321
795198127.179824
795379615.644596
795379615.644596
795172111.744369
795172111.744369
795172111.744369
795190365.460936
795251696.189848
795251696.189848
795251696.189848
795251696.189848
795228099.614822
795228099.614822
795228099.614822
795228099.614822
795228099.614822
795179049.052984
795058176.344512
795058176.344512
795058176.344512
795058176.344512
795058176.344512
794859891.913783
794859891.913783
794808112.560786
794808112.560786
794808112.560786
794808112.560786
795010999.081742
795086312.511462
795086312.511462
795086312.511462
795086312.511462
795061162.583231
795061162.583231
795061162.583231
795061162.583231
795061162.583231
795061162.583231
795266898.075104
795169031.225273
795169031.225273
795169031.225273
795169031.225273
794822960.116072
794822960.116072
794822960.116072
794822960.116072
795169508.605562
795169508.605562
795169508.605562
795169508.605562
795169508.605562
795169508.605562
795169508.605562
795109117.214774
795109117.214774
794983060.017004
794983060.017004
795168207.686658
795298309.184608
795298309.184608
794801245.481424
794801245.481424
794801245.481424
795162794.761589
795162794.761589
795394119.760095
795394119.760095
795394119.760095
794767158.192387
794845722.449997
794845722.449997
795628423.407653
795166200.552741
795082655.405815
795073783.649409
795184261.872444
795180366.59031
795694958.831069
795694958.831069
795694958.831069
795566856.725886
795212117.03251
795212117.03251
795212117.03251
795278837.835854
795124244.799734
795046288.819244
795151311.699884
795151311.699884
795546312.533536
795546312.533536
795546312.533536
795546312.533536
795180588.058209
795180588.058209
795180588.058209
795180588.058209
795180588.058209
795180588.058209
795460975.382433
795460975.382433
795460975.382433
795460975.382433
795460975.382433
795535377.882128
794986562.712553
795139930.407385
795147695.747047
795147695.747047
795147695.747047
795113407.672881
795113407.672881
795113407.672881
795514279.406884
795435640.939284
794966023.418332
794966023.418332
794966023.418332
794966023.418332
794966023.418332
794966023.418332
794966023.418332
794966023.418332
795126851.948812
795327376.677236
795327376.677236
795029206.255246
795029206.255246
795029206.255246
795029206.255246
795031129.572099
795031129.572099
795042273.259729
795042273.259729
795042273.259729
795042273.259729
795042273.259729
795042273.259729
795042273.259729
795042273.259729
795042273.259729
795042273.259729
795042273.259729
795167974.32598
795136148.160734
795136148.160734
795136148.160734
795198705.61645
795198705.61645
795198705.61645
795198705.61645
795198705.61645
794919579.697573
794919579.697573
794919579.697573
795184095.47271
794731656.924382
794633992.435602
795182685.181674
795392636.780537
795392636.780537
795392636.780537
795528913.386906
795528913.386906
795528913.386906
795528913.386906
795398987.202425
795398987.202425
795652960.311907
795652960.311907
795652960.311907
795652960.311907
795652960.311907
795652960.311907
795652960.311907
796063465.254226
795227607.365917
795227607.365917
795290480.600332
795290480.600332
794931329.214324
794931329.214324
794931329.214324
794931329.214324
794931329.214324
794937988.212368
794937988.212368
794937988.212368
795058396.729303
795058396.729303
795058396.729303
795058396.729303
794894695.513552
794894695.513552
795399419.624562
795399419.624562
795317640.826447
794857838.896594
794857838.896594
794857838.896594
795299904.306069
795299904.306069
795299904.306069
795299904.306069
795299904.306069
795582786.860698
795582786.860698
795121368.641144
795069190.087929
795069190.087929
794511009.23335
794842148.961266
794842148.961266
794842148.961266
795068831.037009
795068831.037009
794585954.355183
794490555.672748
794665765.965985
794800965.3188
794800965.3188
794845421.200797
794845421.200797
794896095.898718
794896095.898718
794896095.898718
794896095.898718
794896095.898718
794896095.898718
794908511.2733
795307454.130664
794911337.933915
794911337.933915
794911337.933915
794911337.933915
795027818.428815
795712872.760529
795712872.760529
795712872.760529
795712872.760529
795590688.60145
795590688.60145
795590688.60145
795590688.60145
795590688.60145
795605498.428652
795605498.428652
795605498.428652
795605498.428652
795528021.356573
795537578.788234
795230463.254865
795230463.254865
795230463.254865
795230463.254865
795230463.254865
795359073.073847
795359073.073847
795264901.381151
795264901.381151
795264901.381151
795069969.688651
795069969.688651
794782128.536773
794782128.536773
794782128.536773
794934773.695769
795306527.748308
795229155.134374
795229155.134374
795730590.584231
795730590.584231
795720309.395337
795720309.395337
795720309.395337
794963244.467342
794963244.467342
794963244.467342
795031209.694614
795031209.694614
795031209.694614
795031209.694614
795057189.299417
795057189.299417
795057189.299417
795715111.356143
795715111.356143
795079260.215652
795014072.370401
795014072.370401
795014072.370401
795014072.370401
795014072.370401
795014072.370401
795014072.370401
795014072.370401
794696840.155305
794696840.155305
794696840.155305
794427824.424944
794427824.424944
794995289.757715
794995289.757715
795501799.113258
795040730.336188
795004195.783866
795004195.783866
795004195.783866
795107554.59521
795107554.59521
794931851.46865
794677194.696713
794677194.696713
794905055.789567
794905055.789567
794778376.197478
794937210.10243
794937210.10243
795510454.088572
795510454.088572
795510454.088572
795510454.088572
795548646.180707
795376890.511862
795570692.411749
794783700.651997
794783700.651997
794783700.651997
794783700.651997
794813842.82888
794813842.82888
794813842.82888
794813842.82888
794813842.82888
794813842.82888
794854833.827505
794880637.755477
794629404.671068
794733677.915836
794733677.915836
795060418.77657
795060418.77657
795064104.470279
795064104.470279
795064104.470279
795064104.470279
795064104.470279
795064104.470279
795064104.470279
795094237.966424
795094237.966424
795212418.389245
795212418.389245
795212418.389245
795212418.389245
795212418.389245
794626726.153496
794626726.153496
794626726.153496
794665347.470945
794665347.470945
794665347.470945
795400713.709366
795128013.378667
795128013.378667
795128013.378667
795128013.378667
795128013.378667
795302440.175119
795302440.175119
795302440.175119
795332573.237856
795332573.237856
795332573.237856
795332573.237856
795332573.237856
795332573.237856
795320438.412888
795320438.412888
795081260.682482
795081260.682482
795081260.682482
794835201.101314
794835201.101314
794835201.101314
794835201.101314
794835201.101314
795440318.748611
795067219.164257
795355861.625087
795355861.625087
795355861.625087
795355861.625087
795355861.625087
795293686.325671
795293686.325671
795293686.325671
795293686.325671
795293686.325671
795164555.701291
795164555.701291
795169246.989077
794790316.959014
794790316.959014
794790316.959014
794955838.680441
794955838.680441
794955838.680441
795424409.408402
795424409.408402
795424409.408402
795424409.408402
795171604.149843
794788166.449314
794788166.449314
794795766.365929
794795766.365929
794795766.365929
794795766.365929
794795766.365929
794795766.365929
795091426.03367
795091426.03367
795091426.03367
795334558.846907
795334558.846907
795334558.846907
795334558.846907
795225579.694175
795225579.694175
795225579.694175
795225579.694175
795225579.694175
795225579.694175
795225579.694175
795510278.581466
795510278.581466
795510278.581466
795510278.581466
795067797.468118
795067797.468118
795067797.468118
795067797.468118
795067797.468118
795400854.811152
795079557.625125
795079557.625125
795079557.625125
795079557.625125
795079557.625125
795079557.625125
795079557.625125
795245588.865421
795245588.865421
794926284.546396
794926284.546396
794926284.546396
795101159.744275
795101159.744275
795101159.744275
795101159.744275
795101159.744275
795124570.497277
795005031.362787
795005031.362787
795033956.483747
795319039.592516
795319039.592516
794865137.130232
795167722.549054
795167722.549054
795167722.549054
795167722.549054
795167722.549054
795167722.549054
795167722.549054
795130246.485613
795130246.485613
794603836.392576
794424196.62792
794424196.62792
794660834.136693
794660834.136693
794748280.673877
794748280.673877
795140026.188719
795106959.36119
795106959.36119
795106959.36119
795350517.346362
795350517.346362
795350517.346362
795265957.401376
795564525.980565
795324788.383888
795193327.628646
795193327.628646
795193327.628646
795101364.212325
795100608.482027
794879364.682587
794879364.682587
794879364.682587
795273200.872527
795273200.872527
795273200.872527
795486631.468555
795486631.468555
795486631.468555
795486631.468555
795486631.468555
794865430.107207
794978442.988934
794978442.988934
794978442.988934
795400578.223132
795499969.969592
795499969.969592
795499969.969592
795498933.007644
795403418.632258
795403418.632258
795403418.632258
795098998.384435
795098998.384435
795366730.445318
795366730.445318
795366730.445318
795366730.445318
795366730.445318
795366730.445318
795115145.354978
795216773.138352
795258805.311558
795258805.311558
795258805.311558
795258805.311558
795215692.441379
795215692.441379
795215692.441379
794811024.694367
794811024.694367
794811024.694367
794811024.694367
795074779.182689
795074779.182689
795074779.182689
795051973.757392
794931631.833063
794931631.833063
795325880.057691
795325880.057691
795325880.057691
795619318.449215
795220175.363745
795220175.363745
795220175.363745
795220175.363745
795220175.363745
795220175.363745
794901761.790561
795039078.778656
794956944.689436
794956944.689436
795101153.541598
795152177.491536
795232002.744239
795232002.744239
795145535.948612
795145535.948612
795131930.493827
795185248.9751
795003523.847954
795241967.724939
795241967.724939
795241967.724939
795241967.724939
795241967.724939
795216429.628955
795216429.628955
795216429.628955
795216429.628955
795216429.628955
794972654.944033
794972654.944033
794972654.944033
794972654.944033
794844736.748064
794815850.165432
794815850.165432
794815850.165432
794815850.165432
794562985.236997
794562985.236997
794562985.236997
794562985.236997
794562985.236997
794977271.128086
794977271.128086
794977271.128086
795359719.508616
795359719.508616
795329642.508953
795329642.508953
795482182.842519
795482182.842519
795601409.198142
795601409.198142
795601409.198142
795601409.198142
795601409.198142
795601409.198142
795601409.198142
794721764.729992
794721764.729992
794721764.729992
794721764.729992
794721764.729992
794855325.718681
794855325.718681
794942539.759113
794942539.759113
794586793.996635
794586793.996635
795090531.886577
794962909.217015
794962909.217015
794962909.217015
794962909.217015
794962909.217015
794919778.625697
794919778.625697
794919778.625697
795406936.961167
795406936.961167
795406936.961167
794816588.705648
794816588.705648
794816588.705648
794816588.705648
794816588.705648
794816588.705648
794859104.783981
794886163.954463
795026350.708251
795375745.220766
795375745.220766
795375745.220766
795375745.220766
795375745.220766
795489159.336885
795327231.781578
795386269.148186
795386269.148186
795468299.632797
795468299.632797
795468299.632797
795210238.423525
795210238.423525
795016367.840864
795016367.840864
795016367.840864
795016367.840864
795016367.840864
795016367.840864
795016367.840864
794958478.701516
795380112.845331
795519277.506739
795519277.506739
794972820.485107
794972820.485107
794972820.485107
794972820.485107
794599892.838498
795161876.331567
795161876.331567
795161876.331567
794892797.384884
794892797.384884
794892797.384884
794892797.384884
794892797.384884
794656216.685362
795252079.922977
795252079.922977
795252079.922977
795260366.891306
795260366.891306
795260366.891306
795260366.891306
795260366.891306
795260366.891306
795260366.891306
795210703.533156
795290970.084493
795228133.818049
795228133.818049
795393293.365003
795393293.365003
795402402.599587
795402402.599587
795553274.307678
794968561.781174
794968561.781174
794936448.529419
794772337.802899
794772337.802899
794925585.489646
794771185.510923
794980332.752654
794980332.752654
795062527.09895
794850728.218888
794850728.218888
794944283.433202
795362767.611744
795506827.377021
795506827.377021
795506827.377021
795100971.502525
795100971.502525
795100971.502525
795324777.249078
795324777.249078
795324777.249078
795322654.175567
795322654.175567
795450261.271003
795450261.271003
795450261.271003
795171132.037136
795171132.037136
795387719.902189
795387719.902189
795387719.902189
795387719.902189
795387719.902189
795482017.059614
795482017.059614
795482017.059614
795783616.927515
795783616.927515
795254709.992356
795541803.833656
795541803.833656
795541803.833656
795541803.833656
795541803.833656
795541803.833656
795361393.993323
795218355.061134
795218355.061134
795218355.061134
794868045.337
794753840.539301
794753840.539301
794753840.539301
794753840.539301
794897227.792815
794858447.601013
794943187.259514
794943187.259514
794943187.259514
794991578.695889
794991578.695889
794991578.695889
795442763.580503
795442763.580503
794856460.614565
794856460.614565
795329905.913441
795252953.119486
795516661.26348
795595567.943838
795338198.658394
795338198.658394
795338198.658394
795338198.658394
795338198.658394
795338198.658394
795338198.658394
795493855.190231
795493855.190231
795493855.190231
795235212.916851
794974027.228849
794974027.228849
794974027.228849
794910124.871083
794747589.965044
795038261.632179
795038261.632179
795038261.632179
795038261.632179
795038261.632179
795038261.632179
795038261.632179
795038261.632179
795038261.632179
795399237.396961
795399237.396961
795399237.396961
795399237.396961
795399237.396961
795399237.396961
795155102.44749
795155102.44749
795155102.44749
795037421.120888
795037421.120888
795037421.120888
794926057.082076
794973429.541185
795012166.361538
795012166.361538
795095447.866855
795159228.268058
795159228.268058
794631153.5026
794631153.5026
794631153.5026
794631153.5026
794631153.5026
794631153.5026
794877363.022974
795068256.835876
795068256.835876
795068256.835876
795068256.835876
795030212.21737
795030212.21737
794964277.681209
794964277.681209
794964277.681209
795042196.829857
795042196.829857
795042196.829857
795042196.829857
794612673.990556
795115910.43808
795115910.43808
795177088.508639
795177088.508639
795177088.508639
795093736.087584
795093736.087584
795093736.087584
794583673.233527
794583673.233527
795325364.212215
795413815.255229
795413815.255229
794968980.425672
794968980.425672
794634351.389867
794634351.389867
795404634.275439
795404634.275439
795404634.275439
795404634.275439
795404634.275439
795404634.275439
795404634.275439
795404634.275439
795404634.275439
795260749.896403
795260749.896403
795260749.896403
795245029.855201
795245029.855201
795284684.995535
795284684.995535
794985987.033628
794985987.033628
795026175.509959
795026175.509959
795474372.636376
795474372.636376
795474372.636376
794570113.602082
795360349.681751
795188388.715955
795188388.715955
795188388.715955
794880635.586538
794880635.586538
794880635.586538
794880635.586538
795419045.201523
795433625.01815
795319170.322788
795407042.634976
795407042.634976
795454182.164197
795454182.164197
795476258.35436
795476258.35436
794943901.077579
795016393.060694
795091575.960126
795149597.000824
795149597.000824
795149597.000824
795149597.000824
795149597.000824
795149597.000824
795173203.3723
795173203.3723
795173203.3723
795173203.3723
795219829.748183
795209210.530855
795209210.530855
795141048.977809
795141048.977809
795141048.977809
795141048.977809
794705758.262597
794705758.262597
794705758.262597
794705758.262597
794705758.262597
794705758.262597
794705758.262597
794705758.262597
795219348.07937
794983467.384816
795245501.849635
795349148.721809
795292794.967177
795292794.967177
795292794.967177
795292794.967177
795292794.967177
795292794.967177
795101363.396353
795101363.396353
795101363.396353
795091773.71836
795091773.71836
795091773.71836
795231202.331074
795358988.176387
795358988.176387
795432108.834038
795432108.834038
795430684.491926
795542851.368563
795157164.334736
795157164.334736
795652002.854305
795282558.711291
795371693.822143
794762657.103315
795359979.896265
795551464.395521
795551464.395521
795594519.937248
795640416.418851
795640416.418851
795823072.918081
795545782.220862
795518950.867085
795518950.867085
795518950.867085
795518950.867085
795518950.867085
795518950.867085
795131185.981188
795131185.981188
795131185.981188
795131185.981188
795131185.981188
795131185.981188
795089742.354527
795435781.985757
795406554.977422
795092940.836728
795870023.084292
795870023.084292
795870023.084292
795695716.790366
795695716.790366
795695716.790366
795555932.329298
795005823.671813
795005823.671813
795005823.671813
795005823.671813
795005823.671813
795005823.671813
794760834.179954
795082840.795869
795082840.795869
795095875.212433
795095875.212433
795126840.035754
795126840.035754
794834164.360831
794834164.360831
794834164.360831
795279781.316577
795279781.316577
795043871.821819
795043871.821819
794645722.60849
795275793.421497
795349441.050345
795389650.792007
794867974.037689
794867974.037689
794867974.037689
794867974.037689
795008670.281406
795008670.281406
795278792.608625
795278792.608625
795430951.913971
795000463.370303
794727311.854923
794804187.587936
794804187.587936
794804187.587936
794729167.721833
794729167.721833
794729167.721833
794673287.254069
794738655.111071
794738655.111071
794738655.111071
794967839.643352
795204577.623235
795490251.203716
795490251.203716
795416924.072762
795416924.072762
795416924.072762
795416924.072762
795416924.072762
794932305.273002
795328606.872185
795328606.872185
795328606.872185
795505804.966348
795043514.68708
795682694.192088
795292482.822737
795292482.822737
795292482.822737
794905484.413149
794848807.210122
794679818.545041
795389060.447779
795389060.447779
795389060.447779
795468610.117378
795468610.117378
795468610.117378
795468610.117378
795468610.117378
795297241.500124
795297241.500124
795389274.090911
795389274.090911
795594763.650928
795228989.563892
795228989.563892
795228989.563892
795228989.563892
795228989.563892
795549494.828828
795549494.828828
795549494.828828
795549494.828828
795549494.828828
795700590.725202
795017952.169075
795017952.169075
795608902.245019
795634144.685905
795634144.685905
795634144.685905
795634144.685905
795183090.017604
795183090.017604
795183090.017604
795183090.017604
795183090.017604
795183090.017604
795183090.017604
795183090.017604
795840434.832949
795694276.956753
795245835.389106
795245835.389106
795245835.389106
795245835.389106
795245835.389106
795245835.389106
795181191.379022
795181191.379022
795188420.141901
795287730.718838
795287730.718838
795287730.718838
795287730.718838
795287730.718838
795287730.718838
795287730.718838
795287730.718838
795287730.718838
795287730.718838
795287730.718838
795242968.252331
795078840.323574
795192813.182871
795192813.182871
795192813.182871
795192813.182871
795183637.721804
795183637.721804
795183637.721804
795183637.721804
795260728.063215
795260728.063215
795260728.063215
795493629.574166
795493629.574166
795493629.574166
795363152.109943
795536820.660913
795536820.660913
795137242.829168
795214853.573812
795214853.573812
795226759.904737
795226759.904737
795577844.441535
794936475.367482
794936475.367482
794936475.367482
794936475.367482
794936475.367482
794936475.367482
794936475.367482
795308236.41783
794774854.988236
794774854.988236
794774854.988236
794774854.988236
794410643.809273
794494234.287027
794494234.287027
794968572.573749
794968572.573749
795657025.915428
794890033.319623
794890033.319623
794891188.526551
794891188.526551
795286580.298279
795085917.663545
795085917.663545
795183596.422437
795312476.28166
795312476.28166
795312476.28166
795071244.342643
794886659.1521
794886659.1521
794886659.1521
794886659.1521
794886659.1521
794886659.1521
795232177.260858
795232177.260858
795232177.260858
795232177.260858
795232177.260858
795071070.333858
795253065.53563
795253065.53563
795253065.53563
795127594.592115
795127594.592115
795707164.443335
795394356.373705
795394356.373705
795021789.860123
795355427.862203
795355427.862203
795355427.862203
794810383.904627
794810383.904627
794810383.904627
794810383.904627
794810383.904627
795358769.249178
795512644.909252
795512644.909252
795512644.909252
795512644.909252
795141767.864915
795141767.864915
795141767.864915
795141767.864915
795141767.864915
795141767.864915
795141767.864915
795141767.864915
795141767.864915
795141767.864915
795141767.864915
794940256.605955
794940256.605955
794940256.605955
794940256.605955
794940256.605955
794940256.605955
795082689.816509
795212295.204169
795212295.204169
795386766.671713
795386766.671713
795386766.671713
795386766.671713
795446976.411581
795304641.542964
795390868.44245
795187754.713261
795187754.713261
795187754.713261
795187754.713261
795187754.713261
795187754.713261
795869874.020386
795659953.666769
795659953.666769
795056018.033224
794844337.581941
794844337.581941
794844337.581941
794859176.535811
794859176.535811
795051181.913393
795021617.030095
795021617.030095
795021617.030095
795021617.030095
795021617.030095
795021617.030095
795316481.909187
795316481.909187
795316481.909187
795767808.017094
795767808.017094
795767808.017094
795767808.017094
795767808.017094
795767808.017094
795767808.017094
795473143.829117
795222787.800487
795035059.196522
795035059.196522
794799409.080912
794799409.080912
794654456.553273
794806774.842466
794806774.842466
795060755.045816
795060755.045816
794991023.246969
795553026.130253
795010799.820516
795010799.820516
795337823.203808
795337823.203808
795126529.118263
795126529.118263
795126529.118263
795126529.118263
794946365.787743
795231397.349238
794789684.640324
794697591.95447
794697591.95447
794697591.95447
794999368.121644
795278207.200024
795278207.200024
795278207.200024
795278207.200024
795278207.200024
795278207.200024
795025625.998804
794808051.685806
794808051.685806
794808051.685806
795223660.742061
795223660.742061
795223660.742061
795223660.742061
795223660.742061
795223660.742061
795223660.742061
795223660.742061
795223660.742061
795098941.384127
795098941.384127
794880884.773434
794880884.773434
794880884.773434
794880884.773434
794880884.773434
795310624.71907
794859032.660634
794859032.660634
794859032.660634
795120280.513665
794886197.666143
794886197.666143
794886197.666143
794859616.331028
794859616.331028
795101864.055617
794996841.114413
795290631.66131
794854909.324832
794854909.324832
794854909.324832
794854909.324832
794854909.324832
795520530.407597
795520530.407597
795312613.835543
795313783.257889
795313783.257889
795087327.858211
795087327.858211
795107716.72615
795107716.72615
795107716.72615
794654217.409236
794654217.409236
794654217.409236
794654217.409236
794654217.409236
794654217.409236
794654217.409236
794509928.996774
794509928.996774
795045243.548952
795171806.252812
795071984.662729
795071984.662729
794977771.966512
794977771.966512
794977771.966512
794977771.966512
794977771.966512
794977771.966512
794977771.966512
795363877.22167
795247889.677461
795247889.677461
795478698.829489
795478698.829489
795478698.829489
795478698.829489
795385971.743716
795385971.743716
795525882.706362
795525882.706362
795758759.119201
795085562.392972
795085562.392972
795085562.392972
795085562.392972
795085562.392972
795085562.392972
795085562.392972
795821702.324059
795821702.324059
795919838.468686
794996770.299447
795101937.587816
795101937.587816
795101937.587816
794880254.698175
795364342.454978
795364342.454978
795364342.454978
795364342.454978
795126360.291696
795126360.291696
795126360.291696
795578311.273252
795578311.273252
795211136.005756
795208221.103072
795208221.103072
795107348.609537
795107348.609537
795107348.609537
795107348.609537
795107348.609537
795107348.609537
795107348.609537
795097900.785695
795097900.785695
795110510.50053
794719220.840394
794719220.840394
795199441.315281
795199441.315281
795041419.960591
795041419.960591
795072384.348315
795346554.429113
795346554.429113
795284102.405534
795465671.522449
795465671.522449
795465671.522449
795300143.357846
795492537.798472
795459942.77957
795599967.360501
795146862.241332
795146862.241332
795309175.823656
795107254.00738
795107254.00738
795087707.466876
794979175.618528
794690915.501908
794644092.895563
794768382.676869
794768382.676869
794636244.495268
794620120.386615
794924603.118408
794924603.118408
795080222.779345
795225308.529053
795246038.328893
795246038.328893
795246038.328893
795246038.328893
795354445.849283
795354445.849283
795132564.707974
795644582.372341
795617137.429122
795617137.429122
795617137.429122
794930411.216297
794839891.466954
795129051.967247
795738247.848884
795738247.848884
795738247.848884
795738247.848884
795738247.848884
795738247.848884
795738247.848884
795240228.070165
795240228.070165
795240228.070165
794916874.323202
794916874.323202
794916874.323202
794916874.323202
794916874.323202
794916874.323202
794916874.323202
794916874.323202
794916874.323202
794916874.323202
794916874.323202
794872683.35959
794872683.35959
795417986.142705
795417986.142705
795417986.142705
795562759.970519
795233516.99231
795233516.99231
794844004.515841
794844004.515841
794844004.515841
795053943.685589
795053943.685589
795053943.685589
795053943.685589
795053943.685589
795053943.685589
795007636.832352
795160611.656232
794888855.422479
795022019.661649
795022019.661649
795022019.661649
795022019.661649
795022019.661649
794895401.219952
794895401.219952
794895401.219952
794895401.219952
794922883.308186
794922883.308186
794922883.308186
794922883.308186
794922883.308186
794845103.17986
794845103.17986
794781791.681974
795064179.046826
795064179.046826
795144804.840701
795128167.391862
795480818.243305
795495651.520355
795495651.520355
795495651.520355
795495651.520355
795495651.520355
795495651.520355
795495651.520355
794981236.180849
794981236.180849
794981236.180849
794991011.719628
795255461.775698
795255461.775698
795255461.775698
795255461.775698
795363347.217672
795363347.217672
795363347.217672
795111767.355873
794715604.254921
794715604.254921
794715604.254921
794715604.254921
795032019.141349
795032019.141349
795032019.141349
795032019.141349
795032019.141349
795032019.141349
795212234.640517
795212234.640517
795212234.640517
795212234.640517
795477903.026363
795512579.548271
795100104.284146
795096853.107508
795096853.107508
795112759.806451
795112759.806451
795116693.350634
795163282.108517
795163282.108517
795163282.108517
795344438.638642
795344438.638642
795344438.638642
795613900.520773
795613900.520773
795571376.895289
795571376.895289
795571376.895289
795571376.895289
795571376.895289
795571376.895289
795571376.895289
795571376.895289
795320151.551297
795407565.55411
795407565.55411
795407565.55411
795457418.386945
795457418.386945
795457418.386945
795457418.386945
795457418.386945
795457418.386945
795457418.386945
795267085.703629
795267085.703629
795267085.703629
795599216.809129
795599216.809129
795599216.809129
795599216.809129
795599216.809129
795599216.809129
795079470.783062
795079470.783062
795079470.783062
795079470.783062
795079470.783062
794680561.990182
794831098.078097
794831098.078097
795097569.865185
794964588.61161
794964588.61161
794964588.61161
795278703.80953
795273204.341357
795273204.341357
795273204.341357
795273204.341357
795273204.341357
795273204.341357
795329078.715251
795329078.715251
795329078.715251
794835488.151208
794835488.151208
794835488.151208
794835488.151208
794874750.595348
794874750.595348
794874750.595348
794874750.595348
795000572.085584
795000572.085584
794686892.373685
794686892.373685
795662836.389034
795171059.956509
795171059.956509
795171059.956509
795171059.956509
795171059.956509
795174951.787112
795174951.787112
795174951.787112
795650949.208476
795650949.208476
795464814.453184
795464814.453184
794921759.701994
794921759.701994
795340106.801103
795340106.801103
794891812.090962
795082426.625473
795082426.625473
794976481.533607
794976481.533607
794976481.533607
795692677.548873
795372869.054597
795372869.054597
795372869.054597
796054438.634567
795492629.455903
795425787.22984
795425787.22984
795370184.529378
794482084.239635
794944691.310077
795348009.709127
795348009.709127
795348009.709127
795348009.709127
795348009.709127
795348009.709127
795348009.709127
795348009.709127
794839695.370271
794750963.287745
794750963.287745
794750963.287745
794750963.287745
795074132.373412
795026764.391089
795026764.391089
795088434.541705
795220197.353935
795175568.65901
794800567.625036
794800567.625036
794800567.625036
794616030.401759
794616030.401759
794616030.401759
794616030.401759
795050954.030559
795050954.030559
795050954.030559
795050954.030559
795050954.030559
795234852.545589
795234852.545589
795234852.545589
794955532.510813
794955532.510813
794955532.510813
794955532.510813
794750249.844368
794750249.844368
794750249.844368
795045576.792996
795045576.792996
795511592.384148
795511592.384148
794958206.946239
795626982.097601
795626982.097601
795626982.097601
795626982.097601
795626982.097601
795210349.324241
795125224.834962
795125224.834962
795125224.834962
794831950.879576
794831950.879576
794831950.879576
794831950.879576
795572827.450631
795572827.450631
795639717.933027
795178648.442453
795230216.100497
795266393.42939
795266393.42939
795266393.42939
795266393.42939
794946642.156921
794946642.156921
794946642.156921
794946642.156921
795071231.596222
795071231.596222
795624679.211224
795571593.924311
795648729.794178
795648729.794178
795648729.794178
795590664.953566
795249704.948151
795171861.259875
795171861.259875
795171861.259875
795171861.259875
795171861.259875
795171861.259875
795100702.89274
795100702.89274
795100702.89274
795100702.89274
795029528.468818
795029528.468818
795029528.468818
795029528.468818
795029528.468818
795146071.532009
795146071.532009
795146071.532009
794842243.070226
794899027.868175
795122727.372131
794815024.754824
795333718.879329
795333718.879329
795333718.879329
795333718.879329
795333718.879329
795333718.879329
795333718.879329
794882867.992828
794882867.992828
795202096.736452
795407822.147919
795407822.147919
795318897.213658
795218328.363454
795056708.634086
795056708.634086
795056708.634086
795056708.634086
794525265.548128
794627314.314296
794775182.259398
794724568.609948
794923019.681891
795025777.698658
795025777.698658
795025777.698658
795025777.698658
795025777.698658
795024610.758286
795024610.758286
795024610.758286
795284379.19927
794807765.726126
794807765.726126
795438700.916752
795664696.109828
795664696.109828
795664696.109828
795664696.109828
795664696.109828
795664696.109828
795664696.109828
795664696.109828
795664696.109828
795664696.109828
795427789.469827
795427789.469827
795427789.469827
795427789.469827
795345681.000395
795345681.000395
795151632.487645
795151632.487645
795060829.50992
794989155.390035
794989155.390035
794989155.390035
794647671.475597
794647671.475597
794647671.475597
794647671.475597
795280244.246093
795280244.246093
795280244.246093
795280244.246093
795433207.970589
795433207.970589
795433207.970589
795300363.00497
795285864.60896
795350405.442888
794882813.350245
794940738.344781
795106910.176899
795106910.176899
795106910.176899
794975196.583695
794975196.583695
794975196.583695
795253068.240913
795253068.240913
795253068.240913
795253068.240913
795352760.111816
795352760.111816
795362724.749167
795221510.786881
795221510.786881
794951689.700436
794951689.700436
794775584.684724
794775584.684724
794977990.534247
794977990.534247
794647184.899745
794647184.899745
795361978.208317
795747324.220716
795747324.220716
795747324.220716
795747324.220716
795747324.220716
795747324.220716
795747324.220716
795145017.170424
795145017.170424
795145017.170424
795145017.170424
795036572.627909
795035022.309823
794787866.418775
794506563.142139
794458799.496873
794535781.876494
794535781.876494
794535781.876494
794963860.097602
794920500.099527
794920500.099527
794920500.099527
794660008.86701
794987145.718416
794987145.718416
795255639.75214
795255639.75214
795255639.75214
795255639.75214
795255639.75214
795435380.655889
795435380.655889
795226803.017192
795399453.250467
795243927.108751
795168614.972915
795168614.972915
795005662.750267
795005662.750267
795005662.750267
795403887.575451
795000363.421821
795000363.421821
795000363.421821
794726664.916823
794982957.004075
795318364.655006
795286277.440984
795286277.440984
795124463.156707
795356665.875487
795356665.875487
795741700.769832
795821138.068973
795821138.068973
795821138.068973
795599088.968657
794890861.06229
794890861.06229
794890861.06229
794985953.127606
794985953.127606
794985953.127606
795465866.101429
795465866.101429
795465866.101429
795004224.446486
795004224.446486
795004224.446486
794913501.367043
794920512.870507
794920512.870507
794920512.870507
794920512.870507
795081951.290745
795081951.290745
795081951.290745
794806938.224632
794425593.128328
794188527.492007
794188527.492007
794509599.56676
794509599.56676
794509599.56676
794898606.995192
794898606.995192
794890668.041994
794890668.041994
794890668.041994
794890668.041994
795016697.314276
795016697.314276
795112147.688062
794674770.992577
795072625.101808
795072625.101808
795072625.101808
795072625.101808
794807479.469304
794807479.469304
794832027.050282
794832027.050282
795255108.481907
794899699.443423
795038368.859008
795038368.859008
795038368.859008
795038368.859008
795038368.859008
795094174.096216
795094174.096216
795094174.096216
795472690.089511
795472690.089511
795472690.089511
795531149.628359
795531149.628359
795668354.757244
795668354.757244
795668354.757244
795668354.757244
795030892.340173
794575084.723104
794575084.723104
794575084.723104
794575084.723104
794575084.723104
794575084.723104
794575084.723104
794575084.723104
794743314.83482
794743314.83482
794720161.119233
795334371.579653
795334371.579653
795334371.579653
795334371.579653
795334371.579653
795455767.458086
795455767.458086
795455767.458086
794688830.329165
794688830.329165
794688830.329165
794688830.329165
794688830.329165
794806803.943303
794806803.943303
794806803.943303
794806803.943303
794806803.943303
795308770.826973
795596255.833092
795571994.203134
795523010.888961
795523010.888961
795523010.888961
795523010.888961
795523010.888961
795523010.888961
795523010.888961
795523010.888961
795523010.888961
795523010.888961
795523010.888961
795523010.888961
795523010.888961
795307388.517557
795307388.517557
795490195.240493
795490195.240493
795490195.240493
795490195.240493
795385796.842471
795011368.070077
795339957.295763
795245370.38824
795247534.910418
795247534.910418
795247534.910418
795247534.910418
795247534.910418
795247534.910418
795178907.723274
795530637.040063
795262777.153521
795186789.711972
795186789.711972
795186789.711972
795186789.711972
795186789.711972
795186789.711972
795186789.711972
795186789.711972
795186789.711972
795300911.661172
795300911.661172
795113469.93484
795113469.93484
794933728.935661
794933728.935661
794933728.935661
794902452.93019
794902452.93019
794902452.93019
794902452.93019
795784295.820037
795784295.820037
795784295.820037
795159128.306049
795159128.306049
795159128.306049
795159128.306049
795580270.895368
795580270.895368
795580270.895368
795580270.895368
794886143.509317
794886143.509317
795396438.23546
795396438.23546
795355082.599847
795355082.599847
795355082.599847
795355082.599847
795305945.438074
795305945.438074
795022913.939964
795022913.939964
795437071.424351
795437071.424351
795128671.623766
795132527.684904
794707026.654267
794707026.654267
794707026.654267
794707026.654267
794707026.654267
795398404.769386
795398404.769386
795293609.705267
795310161.932102
795310161.932102
794861455.116609
794931519.70632
794931519.70632
794931519.70632
795360357.719495
795360357.719495
795388256.685982
795388256.685982
795331594.353797
795331594.353797
795331594.353797
795246443.946866
795246443.946866
795246443.946866
795072620.288221
795072620.288221
795072620.288221
795072620.288221
795072620.288221
794922429.295277
794882780.233304
795043152.424329
795043152.424329
794923754.098863
794923754.098863
794912443.590912
794912443.590912
794912443.590912
795297627.200322
795180893.9443
795180893.9443
795289894.112528
795219410.360022
795219410.360022
795219410.360022
795219410.360022
795051256.499369
795051256.499369
795051256.499369
795051256.499369
795051256.499369
794969418.721324
795083292.47767
795098085.192472
795098085.192472
795098085.192472
795098085.192472
794868978.255045
794868978.255045
794868978.255045
794868978.255045
794763463.657686
794763463.657686
794763463.657686
795261801.865609
795261801.865609
795261801.865609
795261801.865609
795256969.789202
795256969.789202
795256969.789202
795228501.028512
795420072.746583
795420072.746583
795420072.746583
794807637.450172
794587524.80763
794754079.112191
794754079.112191
794754079.112191
795096378.600161
795096378.600161
795096378.600161
795096378.600161
795096378.600161
795096378.600161
795096378.600161
795371440.177744
795371440.177744
795838104.021693
795838104.021693
795704957.455761
795704957.455761
795704957.455761
795704957.455761
795704957.455761
795593433.356396
795194898.196334
795194898.196334
795130736.548345
795034279.108304
795034279.108304
795034279.108304
795034279.108304
795101061.212753
795493046.864333
795493046.864333
795493046.864333
795493046.864333
795476956.081151
795476956.081151
795583006.713076
795660941.790597
795325261.327453
795334265.646525
795242204.877432
795242204.877432
795242204.877432
795242204.877432
794936274.411145
794936274.411145
795035001.896087
795671386.683254
795671386.683254
795763029.278364
795763029.278364
795763029.278364
795763029.278364
795763029.278364
795763029.278364
795763029.278364
795763029.278364
795763029.278364
794466766.75571
794312539.512763
794826935.859572
794825321.81322
794825321.81322
794825321.81322
794825321.81322
794825321.81322
794825321.81322
795108210.914212
795108210.914212
795108210.914212
795108210.914212
795108210.914212
795205968.912406
795205968.912406
795471234.786709
795263179.142242
795263179.142242
795263179.142242
795263179.142242
795263179.142242
795263179.142242
795272567.717629
795272567.717629
795443909.089578
794760760.995512
794760760.995512
794760760.995512
794760760.995512
794881261.103011
795312202.46907
795712928.509538
795712928.509538
795712928.509538
795712928.509538
795273356.580365
795273356.580365
795182620.625041
795244882.673404
795454026.443834
795454026.443834
795460577.90898
795460577.90898
795460577.90898
795460577.90898
795666302.466657
795666302.466657
795666302.466657
795121320.934256
795121320.934256
795121320.934256
795002877.62334
795002877.62334
795002877.62334
795002877.62334
795002877.62334
794971123.423634
795489048.186098
795489048.186098
795489048.186098
795489048.186098
795489048.186098
795489048.186098
795030600.692147
795235826.779858
795235826.779858
795235826.779858
795064008.372012
795077318.953075
795077318.953075
795187466.655956
795187466.655956
795036393.779562
795405267.995783
794826839.684618
794826839.684618
795334618.111502
795570965.01085
795354745.527227
795233599.096054
795233599.096054
795233599.096054
794861803.721603
794861803.721603
794963342.513247
795206054.911178
795206054.911178
795206054.911178
795206054.911178
795206054.911178
794745794.698302
794932095.656607
794883981.303949
794883981.303949
794883981.303949
794664833.146349
794921249.529758
795577880.770008
795441172.574951
795441172.574951
795129833.651836
795129833.651836
795129833.651836
795129833.651836
795129833.651836
795129833.651836
795129833.651836
794801168.450437
794801168.450437
794801168.450437
794735152.242908
794735152.242908
795057693.163967
795119608.286667
794881240.055838
794862258.57943
794862258.57943
795142748.33954
795142748.33954
795167411.863903
795133382.080125
795133382.080125
795133382.080125
795133382.080125
795217710.981811
795217710.981811
795217710.981811
795183546.465494
794866321.665746
794835669.442612
795893621.383775
795893621.383775
795616673.376964
795887861.122221
795458887.926683
796199965.980059
795143615.859319
795143615.859319
795169349.649273
795169349.649273
795169349.649273
795578048.399522
795578048.399522
795578048.399522
795308741.022998
795308741.022998
795308741.022998
795308741.022998
795308741.022998
795308741.022998
795308741.022998
795308741.022998
795250153.672128
795250153.672128
795250153.672128
795250153.672128
795250153.672128
795523142.059999
795192104.20014
794859216.281449
794859216.281449
794859216.281449
794761198.937229
794761198.937229
794761198.937229
794761198.937229
794943273.516665
794943273.516665
794896486.633674
794159803.119796
794635690.40138
794647949.161502
794574847.804353
794574847.804353
794574847.804353
794574847.804353
794574847.804353
794574847.804353
794394263.898979
794394263.898979
794717360.455915
795426045.04262
795228080.70119
795228080.70119
795228080.70119
795144622.067014
795144622.067014
795144622.067014
795144622.067014
795144622.067014
795429028.225322
795503730.00847
795503730.00847
795663933.091746
795663933.091746
795663933.091746
795584328.532318
795584328.532318
795584328.532318
795117316.007351
795117316.007351
795117316.007351
795145164.678339
795145164.678339
795145164.678339
795145164.678339
795145164.678339
795598721.557671
795598721.557671
795076799.07365
795224129.494832
795112341.874496
795112341.874496
795158534.789158
795158534.789158
794781495.135879
794781495.135879
794823463.344218
795459759.370989
795459759.370989
795268386.545218
795277335.57013
795277335.57013
794965877.608059
794965877.608059
794965877.608059
794965877.608059
794965877.608059
794965877.608059
794965877.608059
794965877.608059
795128439.527474
795151719.01777
795151719.01777
795150213.100702
794966913.33858
794828984.85171
794828984.85171
794828984.85171
794854480.192787
795126147.289122
795231350.243471
795231350.243471
795367874.838891
795367874.838891
795573828.401248
795573828.401248
795573828.401248
795573828.401248
795573828.401248
795573828.401248
795573828.401248
795175198.66109
795002199.035313
795002199.035313
795092239.571281
795092239.571281
795092239.571281
795385916.156128
795385916.156128
795385916.156128
795356976.638657
795356976.638657
795497185.839924
794670656.236194
794898355.54463
795049503.684589
795049503.684589
795096945.093913
795118312.631007
795118312.631007
795118312.631007
795118312.631007
795118312.631007
795118312.631007
795118312.631007
795118312.631007
795118312.631007
795118312.631007
795118312.631007
795118312.631007
795118312.631007
795118312.631007
795504368.157056
795473738.16583
795473738.16583
795725399.49196
795725399.49196
795185575.962791
795185575.962791
795214736.826995
795214736.826995
795214736.826995
795214736.826995
795088833.436971
795088833.436971
795088833.436971
794874556.447749
794874556.447749
794874556.447749
795112212.628798
795280512.901714
795233121.942122
795233121.942122
795233121.942122
795233121.942122
794837440.015348
794837440.015348
795031025.423695
795031025.423695
795031025.423695
795031025.423695
795031025.423695
795031025.423695
795031025.423695
794953223.598044
794953223.598044
794732491.889545
794822211.468954
794696258.884993
794696258.884993
794757640.926245
794757640.926245
794757640.926245
795131588.571909
795131588.571909
795131588.571909
795131588.571909
795007082.77552
795007082.77552
795186970.502675
795168836.123112
795168836.123112
795168836.123112
795168836.123112
795168836.123112
795518531.545559
795518531.545559
795518531.545559
795518531.545559
795451556.855256
795123570.578213
795123570.578213
795123570.578213
795280683.864664
795172959.172646
795172959.172646
795172959.172646
795172959.172646
795172959.172646
795206714.596118
795206714.596118
795164898.472507
795164898.472507
795164898.472507
795164898.472507
795164898.472507
795164898.472507
795672584.989231
795672584.989231
795672584.989231
795332392.389149
795332392.389149
795446936.051242
795446936.051242
795446936.051242
795446936.051242
795308983.089087
795417504.184984
795191196.19766
795115788.515847
795195640.053799
795030651.516927
795786684.978519
795962642.831491
796017651.211031
795955049.036151
796049684.844502
794786930.539905
794786930.539905
794786930.539905
794786930.539905
794786930.539905
794786930.539905
795036317.798701
795036317.798701
795036317.798701
795037708.455502
795037708.455502
795023487.668209
795041545.6419
795041545.6419
795041545.6419
795041545.6419
795041545.6419
794828763.873377
795196526.278751
795312245.697888
795312245.697888
795312245.697888
795312245.697888
795312245.697888
795312245.697888
795312245.697888
795312245.697888
795312245.697888
795312245.697888
795312245.697888
795312245.697888
795120658.586269
795120658.586269
795120658.586269
794912637.767259
794912637.767259
794912637.767259
794900837.654128
794900837.654128
794900837.654128
794770014.84515
794770014.84515
794770014.84515
794770014.84515
794815163.187191
795758617.357352
795758617.357352
795758617.357352
795758617.357352
795234250.519663
795355473.274309
795355473.274309
795355473.274309
795355473.274309
795600159.945084
795600159.945084
795600159.945084
795514842.583968
795514842.583968
795514842.583968
795514842.583968
795514842.583968
795361019.398756
795361019.398756
795361019.398756
795361019.398756
795361019.398756
795361019.398756
794967874.913432
794967874.913432
794730505.400775
794715779.457483
794809237.012663
794787278.65703
794787278.65703
794787278.65703
794648016.386229
795716550.342087
795680867.766303
795680867.766303
795646478.173041
795430845.664115
795430845.664115
795351653.478366
795351653.478366
795351653.478366
795214110.768376
795214110.768376
795214110.768376
795523794.980414
795523794.980414
795426056.500535
795426056.500535
795426056.500535
795317669.941016
795317669.941016
795317669.941016
795317669.941016
795317669.941016
795317669.941016
795317669.941016
795317669.941016
795245389.603105
795245389.603105
795502759.379926
795502759.379926
795320260.335266
795320260.335266
795644402.106187
795644402.106187
794976426.376136
795260685.581724
795834820.701369
795522619.678717
795522619.678717
795522619.678717
795314852.262372
795314852.262372
795301052.509296
795397997.911146
794842392.50712
794652754.130693
795008148.296431
795008148.296431
795008148.296431
795008148.296431
795008148.296431
795008148.296431
795008148.296431
794843904.611202
794843904.611202
794712083.967152
795234574.388975
795234574.388975
795236680.148156
795236680.148156
795209052.379135
794827161.002349
794679981.523499
794855258.153237
794855258.153237
794855258.153237
795097268.510791
795141010.002446
794897644.807428
794897910.36299
794897910.36299
794897910.36299
794970146.591838
794970146.591838
794970146.591838
794911424.923203
794863487.210269
794912343.873923
794892007.593442
794892007.593442
794892007.593442
794892007.593442
794892007.593442
794892007.593442
794892007.593442
794892007.593442
794703852.265869
794703852.265869
794703852.265869
794703852.265869
794851166.422584
795067181.569552
795067181.569552
795375724.486558
795375724.486558
795375724.486558
795398449.971888
795398449.971888
795398449.971888
795265181.158015
795265181.158015
795265181.158015
795432484.035373
795339320.600615
794932744.901983
794713137.864271
794525360.892875
794525360.892875
794793371.286887
794793371.286887
794793371.286887
794558918.178971
794558918.178971
794475348.851916
794475348.851916
794475348.851916
794475348.851916
794475348.851916
794933835.964687
794933835.964687
794933835.964687
794988725.51638
795402613.759148
795402613.759148
795402613.759148
795402613.759148
795212920.748812
795338027.0516
795338027.0516
795338027.0516
795338027.0516
795338027.0516
795338027.0516
795338027.0516
795521513.786997
795444170.032446
795444170.032446
795147245.67838
794935487.700693
795413055.393677
795413055.393677
795251265.756484
795251265.756484
794950193.659899
794950193.659899
795123162.048136
795123162.048136
795123162.048136
795123162.048136
795141907.493594
795098483.591348
795098483.591348
795098483.591348
794984460.192811
794627453.295093
794802045.22151
794802045.22151
794846826.273173
794846826.273173
794846826.273173
794846826.273173
794846826.273173
795134172.034039
795134172.034039
795134172.034039
795134172.034039
795134172.034039
795322261.677016
795322261.677016
795322261.677016
795322261.677016
795745560.247343
795330124.007596
795330124.007596
795330124.007596
795053250.03728
795053250.03728
795129454.663037
795129454.663037
795129454.663037
795129454.663037
795129454.663037
795129454.663037
795129454.663037
794963595.102684
794963595.102684
794960937.997371
794900156.811331
794900156.811331
794900156.811331
794900156.811331
795118337.468323
795148430.464999
795075113.580835
795075113.580835
795135458.170068
795156856.162944
794972940.947323
794972940.947323
794972940.947323
795588467.257675
795588467.257675
795588467.257675
795588467.257675
795588467.257675
794674879.792754
794674879.792754
794674879.792754
794674879.792754
794674879.792754
794674879.792754
794788351.351951
794967071.700675
795195763.49428
795195763.49428
795090426.534134
795090426.534134
794708251.262736
794708251.262736
794708251.262736
794617135.23677
794617135.23677
794808419.371322
794808419.371322
794749774.866615
794749774.866615
794749774.866615
794958586.340229
794958586.340229
794901173.411912
794901173.411912
794901173.411912
794901173.411912
794901173.411912
794901173.411912
794836438.255846
794836438.255846
795389491.692132
795389491.692132
795389491.692132
795389491.692132
795389491.692132
795389491.692132
795142970.97536
795142970.97536
795054153.246641
795054153.246641
795283188.783405
794919300.671197
795057137.544619
795057137.544619
795184820.558531
795184820.558531
795184820.558531
795231263.522144
795365135.182966
795365135.182966
795733581.954297
795359315.24959
795359315.24959
795359315.24959
795359315.24959
795359315.24959
795359315.24959
795359315.24959
795043376.662489
794812154.298091
795126216.712638
795126216.712638
795130582.812042
795130582.812042
795141418.251448
795141418.251448
795141418.251448
795119121.712219
795119121.712219
795274894.002971
795148443.559143
795148443.559143
795110610.656997
795384031.185771
795384031.185771
795384031.185771
795384031.185771
795384031.185771
795303983.891393
795303983.891393
795303983.891393
795027073.366186
795027073.366186
795027073.366186
795191610.332294
795191610.332294
795160992.715571
795160992.715571
795015876.172943
795015876.172943
795015876.172943
795015876.172943
795015876.172943
795015876.172943
794791973.025959
794791973.025959
794967899.755795
794967899.755795
794967899.755795
794967899.755795
794967899.755795
794967899.755795
794967899.755795
794967899.755795
794967899.755795
794967899.755795
795039641.325449
795039641.325449
795039641.325449
795039641.325449
795039641.325449
795039641.325449
795039641.325449
795039641.325449
795039641.325449
795241599.431369
795241599.431369
795241599.431369
795241599.431369
795308790.871657
795308790.871657
795308790.871657
795308790.871657
795308790.871657
795308790.871657
794731748.768795
794651536.665496
794651536.665496
794989884.037578
794989884.037578
794989884.037578
794989884.037578
795856804.167083
795683315.174052
795683315.174052
795683315.174052
795260694.739022
795260694.739022
795260694.739022
795260694.739022
795260694.739022
795260694.739022
795260694.739022
795260694.739022
795260694.739022
795228289.365641
795228289.365641
795228289.365641
795228289.365641
795228289.365641
795228289.365641
795228289.365641
795228289.365641
795228289.365641
795228289.365641
795228289.365641
795228289.365641
795228289.365641
795267239.384126
795267239.384126
794983458.434941
794983458.434941
794983458.434941
794983458.434941
794762257.613731
794762257.613731
794982304.594971
795330479.883487
795330479.883487
795330479.883487
795330479.883487
795352140.274868
795366385.706685
794440860.693513
794440860.693513
794482100.712223
794958176.868559
795279936.401915
795279936.401915
795244370.506511
795019759.280027
795019759.280027
795019759.280027
795221059.036044
795221059.036044
795191071.310989
795191071.310989
795063444.874521
795063444.874521
794824177.653107
794824177.653107
794923521.910369
794923521.910369
794923521.910369
794923521.910369
795277780.563884
795277780.563884
795084354.339914
794778938.946174
794914347.996448
794830119.538759
794774726.42341
794964765.046157
794964765.046157
794964765.046157
794964765.046157
794964765.046157
794964765.046157
794964765.046157
794964765.046157
794964765.046157
795399153.497281
794897862.577609
794897862.577609
794897862.577609
794897862.577609
794897862.577609
794897862.577609
794975143.143762
794975143.143762
794992484.116915
795312109.597062
794630837.760193
794630837.760193
795691332.041728
795691332.041728
795691332.041728
795173804.479927
794964811.496457
794964811.496457
794964811.496457
794964811.496457
794964811.496457
794964811.496457
795083481.291375
795083481.291375
795108414.355169
795108414.355169
795108414.355169
795108414.355169
795108414.355169
795108414.355169
795108414.355169
795108414.355169
795108414.355169
795108414.355169
795108414.355169
795451747.703293
795658026.911913
795658026.911913
795658026.911913
795362384.774516
795362384.774516
795362384.774516
795486849.653582
795486849.653582
795486849.653582
795486849.653582
795486849.653582
794949060.764099
794902865.909062
794902865.909062
794851428.075216
794851428.075216
794851428.075216
794771501.706867
794994908.660339
794994908.660339
794994908.660339
794994908.660339
794994908.660339
794994908.660339
794846204.435954
794846204.435954
794846204.435954
794846204.435954
794846204.435954
794846204.435954
794846204.435954
795651436.37975
796037947.81369
796037947.81369
795902369.708623
795254204.736809
795827938.437305
795827938.437305
795643294.372552
795125058.846217
795125058.846217
795125058.846217
794957542.703802
794920110.940059
795159326.893357
795159326.893357
795159326.893357
795159326.893357
795159326.893357
795159326.893357
795602846.05564
795602846.05564
795602846.05564
795602846.05564
795602846.05564
795354386.34743
795304633.650753
795759208.025947
795207678.21565
795207678.21565
795207678.21565
795573549.031805
795054266.641542
795054266.641542
795054266.641542
795323052.46051
795323052.46051
794870716.58786
794870716.58786
794870716.58786
794870716.58786
794689772.375312
794689772.375312
794689772.375312
795099996.509459
795246913.318215
795246913.318215
794840742.474069
795116184.652495
794823433.690325
794823433.690325
794989679.601296
794989679.601296
794989679.601296
794989679.601296
794989679.601296
794989679.601296
794989679.601296
794989679.601296
794989679.601296
794989679.601296
794773708.863968
794608532.216631
794608532.216631
794608532.216631
795216759.258219
795172129.667605
795172129.667605
795172129.667605
795172129.667605
795172129.667605
795172129.667605
795172129.667605
794956282.169934
794956282.169934
795730473.534441
795495605.673481
795495605.673481
795437187.603954
795437187.603954
795489431.511272
795291613.607678
795024968.186269
795024968.186269
795024968.186269
795024968.186269
795144528.147805
795144528.147805
795144528.147805
795028014.43721
795151035.280403
795519380.425766
795459628.072939
795490961.486464
795490961.486464
795490961.486464
795490961.486464
795490961.486464
795490961.486464
795490961.486464
795490961.486464
795490961.486464
795490961.486464
795490961.486464
795490961.486464
795490961.486464
795490961.486464
795507933.451965
794722727.624883
794722727.624883
795053114.182465
795053114.182465
795053114.182465
795078859.979592
794814146.553644
794814146.553644
795109653.563579
795109653.563579
794930337.241627
794904752.904506
795079765.746916
795079765.746916
795079765.746916
795079765.746916
795079765.746916
795079765.746916
795079765.746916
795079765.746916
795079765.746916
795079765.746916
795079765.746916
795079765.746916
795079765.746916
795013350.623959
795013350.623959
794691155.582238
795103123.753711
795554410.970552
794979898.922713
794979898.922713
794979898.922713
794979898.922713
794979898.922713
794848186.109272
795384523.80473
795384523.80473
795005712.164596
795005712.164596
795005712.164596
795076553.810219
795650498.013435
795626112.045552
795626909.677837
795614395.831326
794990996.098563
795040409.637492
795303824.755672
795303824.755672
795303824.755672
795303824.755672
795427232.525214
795350531.792315
795329538.411367
795329538.411367
795282604.053273
795282604.053273
795282604.053273
795409881.279907
795080077.011044
795389797.777535
795389797.777535
795142005.855003
795142005.855003
795142005.855003
795142005.855003
795142005.855003
795142005.855003
795142005.855003
795142005.855003
794939741.502831
794939741.502831
795116863.952989
795116863.952989
795116863.952989
795116863.952989
795027449.063791
795051142.461301
795113169.824979
794992982.304992
794955952.143674
794955952.143674
794955952.143674
795065212.531707
795065212.531707
795065212.531707
795065212.531707
795065212.531707
795247704.341872
794804585.406174
794804585.406174
795401845.406617
795401845.406617
795377100.481509
795354669.717871
795266569.14833
795266569.14833
794882787.768884
794882787.768884
795173654.132639
795173654.132639
795341561.220943
795317411.283922
795317411.283922
795317411.283922
795398641.879521
795398641.879521
795398641.879521
795398641.879521
795225624.754051
795225624.754051
795225624.754051
795225624.754051
795225624.754051
795225624.754051
795225624.754051
795225624.754051
795309332.713509
795309332.713509
795113737.78756
795113737.78756
795113737.78756
795201066.973494
795286355.251703
794903522.942271
794903522.942271
795322671.395761
795322671.395761
795015026.880534
795015026.880534
795015026.880534
795015026.880534
795015026.880534
794500530.187237
794500530.187237
794661506.248354
795299397.977392
795299397.977392
795299397.977392
795299397.977392
795205698.849154
795205698.849154
795205698.849154
795205698.849154
795205698.849154
795205698.849154
795205698.849154
795360786.996009
795362637.916313
795362637.916313
795362637.916313
795362637.916313
795362637.916313
795304753.794784
795304753.794784
794986760.01337
794986760.01337
795380581.348313
795380581.348313
795380581.348313
795060309.060617
795060309.060617
795060309.060617
795060309.060617
794814831.679535
795093467.705125
795093467.705125
795093467.705125
795093467.705125
795093467.705125
795093467.705125
795338037.732016
795338037.732016
795338037.732016
794502000.026186
794502000.026186
794489027.293939
794690656.829058
794835620.141824
794835620.141824
794572035.940497
794556093.55888
794556093.55888
794556093.55888
794630842.090468
794630842.090468
794630842.090468
794630842.090468
794630842.090468
794630842.090468
795250375.199939
795345542.423486
795345542.423486
795345542.423486
795345542.423486
795345542.423486
795469235.141338
795469235.141338
795469235.141338
795469235.141338
795469235.141338
795469235.141338
794837342.477587
795096242.483995
795096242.483995
795096242.483995
795096242.483995
794926499.257817
794926499.257817
795001306.283173
795001306.283173
795300801.000848
795300801.000848
795300801.000848
795300801.000848
795300801.000848
795300801.000848
795300801.000848
795078596.932764
795078596.932764
795287937.356971
795287937.356971
795287937.356971
794959462.729161
794959462.729161
794995216.167154
794995216.167154
794931725.310367
794931725.310367
794931725.310367
794931725.310367
794931725.310367
794931725.310367
794931725.310367
795288284.864139
795662186.19648
795473187.122227
795473187.122227
796043968.442545
796043968.442545
796043968.442545
796043968.442545
796043968.442545
796043968.442545
796043968.442545
795473004.395936
795330183.980627
795444742.861857
795444742.861857
795438774.12808
795438774.12808
795438774.12808
795438774.12808
794826625.973493
794965871.961162
794965871.961162
794965871.961162
795368517.951756
795368517.951756
795203345.374035
794833419.190117
794833419.190117
794833419.190117
794833419.190117
794833419.190117
794880405.693928
794880405.693928
794880405.693928
794896050.767922
794896050.767922
795013675.713001
795013675.713001
794806882.493069
795150128.586974
795150128.586974
795150128.586974
795466958.352099
795466958.352099
795454936.74574
795454936.74574
795454936.74574
795454936.74574
795599231.375485
795107495.936378
795107495.936378
795107495.936378
795107495.936378
795107495.936378
795107495.936378
795107495.936378
795107495.936378
795107495.936378
795107495.936378
795107495.936378
795107495.936378
795107495.936378
795107495.936378
795274881.615728
794421797.893556
795032055.004616
795032055.004616
795032055.004616
795032055.004616
795006122.835747
795057072.548939
795057072.548939
795284239.210393
795284239.210393
795284239.210393
795284239.210393
795382619.681473
795742546.072589
795565642.362815
795565642.362815
795400408.53658
795400408.53658
795400408.53658
795400408.53658
795400408.53658
795400408.53658
795400408.53658
795400408.53658
795400408.53658
795400408.53658
795400408.53658
795400408.53658
795075893.933847
794880002.161497
794629680.217444
794958200.506754
794958200.506754
795210017.78391
795210017.78391
795210017.78391
795210017.78391
795210017.78391
795210017.78391
794901982.059428
794901982.059428
794901982.059428
794901982.059428
794901982.059428
794901982.059428
794835717.934196
794835717.934196
794835717.934196
794899453.762475
794899453.762475
794855695.996253
794855695.996253
794855695.996253
795510071.107951
795475751.325747
795475751.325747
795475751.325747
795475751.325747
795408337.717031
795810176.862417
795309489.181075
794964314.34629
794964314.34629
794964314.34629
794794231.690669
794794231.690669
794794231.690669
794803385.616023
794999251.652135
794999251.652135
794999251.652135
794999251.652135
794999251.652135
795204199.293242
795570531.922081
795570531.922081
795272226.20533
795027347.560752
795038740.921543
794767562.247052
794767562.247052
794767562.247052
795136391.709539
795357352.318251
795357352.318251
795357352.318251
795357352.318251
795357352.318251
795357352.318251
794854215.817879
795261807.500065
795261807.500065
795261807.500065
795261807.500065
795261807.500065
795261807.500065
795261807.500065
794979494.623362
795502466.781302
795502466.781302
795502466.781302
795502466.781302
795502466.781302
795502466.781302
795502466.781302
795121800.122188
795121800.122188
795292390.554713
795292390.554713
795651013.333194
795596797.624523
794977418.660972
794918977.586034
794860004.533756
795376021.515988
795376021.515988
795376021.515988
795376021.515988
795376021.515988
795376021.515988
795376021.515988
795376021.515988
795216601.968727
795216601.968727
795234012.703545
795210436.196379
795210436.196379
795433218.572949
795433218.572949
795433218.572949
795433218.572949
795433218.572949
795433218.572949
795433218.572949
795433218.572949
795433218.572949
795433218.572949
795144513.67842
794852425.321247
794852425.321247
794852425.321247
794852425.321247
794852425.321247
794852425.321247
794852425.321247
794852425.321247
795089137.965028
795089137.965028
795089137.965028
795089137.965028
794849131.852601
794849131.852601
794874368.335127
794874368.335127
794874368.335127
794874368.335127
794874368.335127
794874368.335127
794874368.335127
794874368.335127
794874368.335127
794874368.335127
794874368.335127
794874368.335127
794874368.335127
795184062.848053
795292910.713106
795292910.713106
795292910.713106
795292910.713106
795200162.548173
795101082.221755
795101082.221755
794852928.730544
794852928.730544
794852928.730544
795539295.760556
795249953.016883
795374759.257967
795498351.031789
795498351.031789
795498351.031789
795520333.390397
795520333.390397
795520333.390397
795295130.717115
795295130.717115
795295130.717115
795244532.50039
795244532.50039
795244532.50039
795259212.311565
795259212.311565
795259212.311565
795490063.789085
795490063.789085
795490063.789085
795352071.849765
795352071.849765
795153258.952902
795153258.952902
795153258.952902
795153258.952902
795153258.952902
794900451.609209
794900451.609209
794900451.609209
794900451.609209
794900451.609209
794900451.609209
794900451.609209
795042376.942434
795042376.942434
795042376.942434
795042376.942434
795042376.942434
795092818.608246
794734802.041453
794734802.041453
794936045.393108
794846495.979164
794846495.979164
795012016.155758
795012016.155758
795012016.155758
795012016.155758
795012016.155758
795012016.155758
795012016.155758
795231200.988067
795231200.988067
795247599.1798
795247599.1798
795247599.1798
795247599.1798
795168755.658961
795168755.658961
794783151.023886
794783151.023886
794919654.63449
794919654.63449
794919654.63449
794897162.909063
794897162.909063
794897162.909063
794897162.909063
795437565.749008
794802326.593697
794802326.593697
794802326.593697
794772168.513279
795041567.449172
794884378.920067
794884378.920067
795043502.215153
795043502.215153
795043502.215153
795043502.215153
795043502.215153
795043502.215153
795427998.620412
795427998.620412
795427998.620412
795183816.590074
795183816.590074
795271136.864707
795271136.864707
795070811.928002
795070811.928002
795070811.928002
795517914.807707
795303837.244071
795303837.244071
795503226.222014
795503226.222014
795503226.222014
795227554.649374
795227554.649374
795418000.930625
795418000.930625
795418000.930625
795631274.510319
795631274.510319
795631274.510319
795631274.510319
794982927.844357
794973257.547988
794973257.547988
795187407.213738
795187407.213738
795187407.213738
795187407.213738
795187407.213738
794949430.170046
794949430.170046
794949430.170046
795349328.739439
795251114.096226
795251114.096226
795251114.096226
795251114.096226
795251114.096226
795251114.096226
795251114.096226
795251114.096226
795578880.621539
795607514.191891
795217605.951522
795304930.649827
795304930.649827
795304930.649827
795304930.649827
795304930.649827
795159677.226076
795159677.226076
795779939.734476
795342525.906223
795342525.906223
795342525.906223
795342525.906223
795342525.906223
795342525.906223
795342525.906223
794614853.451858
795144652.907632
795144652.907632
795270695.149947
794566386.541748
795049621.012172
795049621.012172
795049621.012172
795049621.012172
795126097.70697
795126097.70697
795126097.70697
795126097.70697
795126097.70697
795491270.904817
795491270.904817
795491270.904817
795491270.904817
795491270.904817
795491270.904817
795491270.904817
794650220.156306
794650220.156306
795015892.982058
795015892.982058
794996590.556873
794996590.556873
794996590.556873
795012616.067239
795318113.941054
795177346.991843
795367978.910671
795367978.910671
795216715.746251
795216715.746251
795216715.746251
795015164.384369
795015164.384369
795015164.384369
795333299.408387
795333299.408387
795333299.408387
795333299.408387
795333299.408387
795333299.408387
795333299.408387
795333299.408387
795333299.408387
794946372.196638
794946372.196638
794946372.196638
794946372.196638
795429012.275792
795429012.275792
795271102.383232
795509824.51598
795509824.51598
795572025.073131
795456541.941566
795456541.941566
795456541.941566
795135839.543443
795135839.543443
795135839.543443
795428845.818544
795109018.548172
795109018.548172
795138722.530425
794738617.426915
795214812.737203
795291236.673415
795291236.673415
795099272.567457
795099272.567457
795099272.567457
795099272.567457
795283226.994493
795406693.917137
795406693.917137
795271180.459961
795187914.956387
795200507.7973
795077559.048812
795089554.92389
795089554.92389
795089554.92389
795089554.92389
795089554.92389
795152883.942961
795152883.942961
795152883.942961
795152883.942961
795152883.942961
795152883.942961
795152883.942961
795152883.942961
795152883.942961
795152883.942961
795152883.942961
795152883.942961
795152883.942961
795152883.942961
795152883.942961
795016388.627931
795016388.627931
795016388.627931
795128189.471326
795128189.471326
794693867.595512
794770358.388119
794465260.024408
794677606.933294
794824607.734851
794824607.734851
794824607.734851
794824607.734851
794824607.734851
794824607.734851
794824607.734851
795222931.812437
795222931.812437
795386935.950184
795386935.950184
795386935.950184
795386935.950184
795157624.471723
795202063.786882
795132625.82684
794873868.513492
795211884.639857
795211884.639857
795211884.639857
795117326.917444
795117326.917444
795083537.268577
795083537.268577
795083537.268577
795083537.268577
795083537.268577
795273770.707756
795340038.29934
795340038.29934
795345308.25558
794849614.977099
794849614.977099
794849614.977099
794849614.977099
795557855.740831
794905598.292727
794905598.292727
794905598.292727
795052228.44797
794876359.73217
794876359.73217
794748531.990951
794970955.746202
795137041.987333
795137041.987333
795137041.987333
795137041.987333
795137041.987333
795137041.987333
795137041.987333
795137041.987333
795193469.151892
795193469.151892
795269312.919575
795269312.919575
795449532.720638
795449532.720638
795350997.094978
795477232.800034
795477232.800034
795477232.800034
795477232.800034
795477232.800034
795368423.860026
795368423.860026
795368423.860026
795368423.860026
795401821.152532
795401821.152532
795401821.152532
795401821.152532
795401821.152532
795401821.152532
795401821.152532
795218899.631409
795199014.317238
795230265.879178
795230265.879178
795790892.488085
795790892.488085
795476058.136374
795370177.244915
795370177.244915
795370177.244915
795125401.025466
795332212.420874
795332212.420874
795625949.466663
795625949.466663
795625949.466663
795625949.466663
795625949.466663
795607442.479969
795607442.479969
795639205.286716
795639205.286716
795639205.286716
795537550.454471
795537550.454471
795537550.454471
795515749.620632
795515749.620632
794949622.423286
794949622.423286
794949622.423286
794949622.423286
794869502.843216
794869502.843216
794869502.843216
794869502.843216
794869502.843216
794869502.843216
794978022.500968
795153593.293245
795153593.293245
795153593.293245
795153593.293245
795326838.547083
795326838.547083
794983110.079132
794983110.079132
794856860.01755
794856860.01755
794856860.01755
794856860.01755
794856860.01755
794922082.020838
794922082.020838
794922082.020838
794922082.020838
795733124.176401
795883561.093442
795370527.606126
795127456.624276
794860143.31493
794860143.31493
795350539.186855
795350539.186855
795176844.617213
795113080.018924
795113080.018924
795113080.018924
795113080.018924
795755417.444397
795168085.120211
795168085.120211
795168085.120211
795168085.120211
794552328.109075
795562505.098312
795378751.121947
795378751.121947
795378751.121947
795378751.121947
795378751.121947
795197954.207388
795197954.207388
794932382.829706
795015211.495469
795015211.495469
795015211.495469
795462620.470034
795462620.470034
795242558.669465
795719453.554946
795719453.554946
795152924.471967
795152924.471967
794994363.287537
794986283.926289
794986283.926289
794986283.926289
794986283.926289
794986283.926289
794842287.2468
794842287.2468
794842287.2468
795283547.640317
795283547.640317
795283547.640317
795283547.640317
795283547.640317
795283547.640317
795200551.471941
795225041.027196
795135180.056993
795135180.056993
794894247.394724
795580778.288362
795580778.288362
795041783.564315
795534267.248235
795534267.248235
795534267.248235
795534267.248235
795534267.248235
795534267.248235
795534267.248235
795534267.248235
795534267.248235
795534267.248235
795534267.248235
795225916.078766
795423733.79083
795254434.52077
795254434.52077
795254434.52077
795206060.259705
794996529.137221
794996529.137221
794996529.137221
794996529.137221
794996529.137221
794996529.137221
794996529.137221
794996529.137221
794996529.137221
794996529.137221
794996529.137221
794996529.137221
795062485.368909
794842431.585839
794842431.585839
794842431.585839
794582066.814892
794582066.814892
795664142.505669
795220672.524237
795220672.524237
795220672.524237
795248715.318909
795248715.318909
795244364.353938
795244364.353938
794925328.813758
794925328.813758
794919021.292702
794919021.292702
794772221.03134
794772221.03134
794633512.618848
794633512.618848
794828188.203047
794828188.203047
794796378.601285
794796378.601285
794796378.601285
795223842.664683
795223842.664683
795223842.664683
794993503.672567
794929350.053633
794929350.053633
794654669.201119
795707770.355012
795707770.355012
795707770.355012
795383225.715051
795383225.715051
795344351.087576
795356429.507733
795324075.50488
795316876.916518
795316876.916518
795316876.916518
795316876.916518
795275951.688883
795275951.688883
795190142.247166
795190142.247166
795190142.247166
795570779.828702
795570779.828702
794824606.14743
794824606.14743
795242205.421317
795242205.421317
795242205.421317
795242205.421317
795242205.421317
795242205.421317
795242205.421317
795242205.421317
795242205.421317
795242205.421317
795242205.421317
795020540.441239
795020540.441239
795020540.441239
794729756.291044
794729756.291044
794748622.930386
794910183.107668
795334143.291536
795128200.910697
795128200.910697
795019244.792272
795019244.792272
795019244.792272
795019244.792272
795019244.792272
795469910.189611
795410732.897368
795489747.26552
795489747.26552
795211155.037994
795211155.037994
795211155.037994
795211155.037994
795211155.037994
795179902.640778
795179902.640778
795179902.640778
795485873.354002
795632778.268131
795632778.268131
794951995.542784
794951995.542784
794951995.542784
794951995.542784
794951995.542784
794951995.542784
795002304.941911
794969187.628301
795133457.364207
795348222.212641
795348222.212641
795348222.212641
794802076.242158
794802076.242158
794896899.533185
794896899.533185
795541721.168789
795106706.903489
795106706.903489
795403906.020227
795403906.020227
795025198.193088
794776746.025043
795499139.573593
795317065.678879
795238268.244505
795238268.244505
795238268.244505
795027180.846194
795027180.846194
795027180.846194
795009248.96712
795009248.96712
794908918.754059
794904262.512935
794904262.512935
794904262.512935
794973899.844968
794973899.844968
794973899.844968
795094160.32992
795094160.32992
795094160.32992
795094160.32992
795213909.02651
795534795.246578
795534795.246578
795319094.950999
795319094.950999
795189334.119172
795189334.119172
795189334.119172
794993746.189885
795274903.925172
795004462.719418
795004462.719418
795004462.719418
795004462.719418
795004462.719418
795004462.719418
795004462.719418
795004462.719418
795004462.719418
795095736.507311
795095736.507311
795095736.507311
795095005.34207
794999687.610124
794999687.610124
794999687.610124
794999687.610124
794999687.610124
795354460.682434
795354460.682434
794943377.135091
794943377.135091
794943377.135091
794943377.135091
794986841.892685
795256367.070158
795256367.070158
795256367.070158
795317916.337488
795065029.274374
794839533.383991
794839533.383991
794722602.526577
794722602.526577
794812149.053801
794812149.053801
794812149.053801
794812149.053801
794812149.053801
794812149.053801
794812149.053801
794970395.926904
795439251.130817
795439251.130817
795439251.130817
795464206.024958
795749101.857294
795749101.857294
795406294.007592
795406294.007592
795406294.007592
795406294.007592
795061287.203755
795061287.203755
795061287.203755
795015726.482783
795015726.482783
795015726.482783
795124939.851148
795124939.851148
795124939.851148
794933989.326982
795392398.926607
795392398.926607
795430843.902299
795278522.983231
795021336.406314
795935576.925086
795857135.167488
795857135.167488
795857135.167488
795857135.167488
795623146.327589
795518806.786524
795518806.786524
795518806.786524
795571983.865338
795571983.865338
795571983.865338
795215310.784078
795215310.784078
795187462.536791
795286266.278651
795269096.611518
795269096.611518
794941954.712454
794941954.712454
794941954.712454
794731716.858451
794939050.047926
794939050.047926
794394456.012202
794394456.012202
794575199.846133
794575199.846133
794847706.892985
794847706.892985
794999103.127254
794999103.127254
794999103.127254
794999103.127254
795362411.387225
795121978.783365
795121978.783365
795121978.783365
795121978.783365
795678591.952237
795539117.753205
795367518.800179
795367518.800179
795367518.800179
795211552.911982
795211552.911982
795211552.911982
795211552.911982
795211552.911982
795367386.322552
795379805.025605
794968846.515219
795045992.780348
795045992.780348
795045992.780348
795045992.780348
795045992.780348
795045992.780348
794951638.027069
794951638.027069
794683917.258873
795693934.865873
795693934.865873
795189296.845982
795189296.845982
795189296.845982
795189296.845982
795189296.845982
795189296.845982
795189296.845982
795189296.845982
795189296.845982
795189296.845982
795189296.845982
795189296.845982
795189296.845982
795189296.845982
795189296.845982
795009168.986371
795009168.986371
795137098.262397
795137098.262397
795329166.602949
795320212.72484
795261602.474423
795261602.474423
795261602.474423
795261602.474423
795375519.997192
795617401.457693
794958484.257929
795249784.001412
795249784.001412
795249784.001412
795249784.001412
795148719.939594
795148719.939594
795148719.939594
795148719.939594
795148719.939594
795148719.939594
794930771.361856
795167051.802819
795167051.802819
794852045.748795
795137637.670262
795137637.670262
795137637.670262
795349797.821499
795547509.451048
795374868.380548
795059657.56068
794990472.97921
794990472.97921
794990472.97921
794872091.942894
794872091.942894
794872091.942894
795479559.007139
795479559.007139
795501089.85182
795402565.199007
795425290.93586
795044235.790497
795394209.74903
795337270.111504
795337270.111504
795337270.111504
795337270.111504
795337270.111504
795337270.111504
795337270.111504
794807454.276418
794807454.276418
795379616.613152
795486912.663049
795320181.190486
795320181.190486
795320181.190486
795245914.528257
795245914.528257
795404415.991766
795455102.244295
795455102.244295
795256020.343287
795256020.343287
795256020.343287
795256020.343287
795256020.343287
795256020.343287
795256020.343287
795256020.343287
795256020.343287
795256020.343287
795090065.951768
795043486.518252
795183468.619116
795183468.619116
795183468.619116
795692847.497969
795692847.497969
795692847.497969
795692847.497969
795855132.560039
795073290.299096
795116188.243409
795116188.243409
795355792.273985
795355792.273985
795355792.273985
795355792.273985
795355792.273985
795355792.273985
795355792.273985
795355792.273985
795355792.273985
795355792.273985
795355792.273985
795355792.273985
795067177.273795
795067177.273795
795067177.273795
795085597.348622
795085597.348622
795085597.348622
795085597.348622
795085597.348622
795085597.348622
795085597.348622
795085597.348622
795085597.348622
794877179.175389
794610238.381809
794610238.381809
794610238.381809
794610238.381809
794849571.471339
794986515.975163
794986515.975163
795155173.419085
795155173.419085
794905806.390794
795501056.813913
795351288.657814
795197764.446744
795160889.484488
795160889.484488
795160889.484488
795160889.484488
795160889.484488
795160889.484488
795160889.484488
795031069.357964
795043535.526652
795043535.526652
795043535.526652
795043535.526652
795043535.526652
795043535.526652
794990410.488033
795362004.99865
795615785.90825
795615785.90825
795615785.90825
795615785.90825
795615785.90825
795042926.685652
794816086.969715
795052831.579262
795052831.579262
795297334.688805
795297334.688805
795301275.421465
795301275.421465
795301275.421465
795301275.421465
794849743.007195
795327359.665085
795009859.626279
795123900.858864
795123900.858864
795123900.858864
795123900.858864
795264653.691073
795264653.691073
795238404.215849
795385887.850236
795385887.850236
795385887.850236
795385887.850236
795385887.850236
795385887.850236
795385887.850236
795491143.331795
794836285.762106
794836285.762106
794836285.762106
794807975.608047
794807975.608047
794807975.608047
794807975.608047
794807975.608047
795093358.767858
795093358.767858
795294021.261179
795086870.905269
795086870.905269
795089490.445304
795272809.32399
795272809.32399
795272809.32399
795272809.32399
795272809.32399
795272809.32399
795272809.32399
795272809.32399
795272809.32399
795272809.32399
795272809.32399
795240754.046755
795240754.046755
795307720.830545
795486977.083056
795486977.083056
795702250.200976
795702250.200976
795702250.200976
795702250.200976
795702250.200976
795702250.200976
795702250.200976
795702250.200976
795702250.200976
795962199.899249
795173029.180782
795173029.180782
795305370.251011
795305370.251011
795305370.251011
795305370.251011
795305370.251011
795305370.251011
794780230.679812
794214277.433131
794214277.433131
794214277.433131
794720661.029316
795270022.671612
795270022.671612
795294753.942903
795294753.942903
795294753.942903
795022811.817731
794919795.019062
794919795.019062
794871076.245718
794871076.245718
795567110.68646
795567110.68646
795567110.68646
795453293.832602
795477340.714947
795477340.714947
795477340.714947
795022435.942475
795022435.942475
794951506.510484
794951506.510484
794951506.510484
794951506.510484
794951506.510484
794951506.510484
795362290.785426
795362290.785426
795362290.785426
795296279.168703
795296279.168703
795296279.168703
795296279.168703
795094973.188519
795062372.397042
795062372.397042
794966954.854752
794966954.854752
794774734.158231
795385115.152596
795385115.152596
795385115.152596
795205195.434851
795205195.434851
795260306.32229
795249328.826136
794811710.771214
794811710.771214
794811710.771214
794907194.780509
794907194.780509
794907194.780509
794907194.780509
794907194.780509
795063633.757196
795063633.757196
795063633.757196
795231560.47386
795267116.632573
795267116.632573
795477452.253647
795477452.253647
795477452.253647
795633037.085873
795414335.220465
795414335.220465
795255611.975819
795376104.503119
795376104.503119
795376104.503119
795380206.785176
795335357.182598
795118844.725154
794985685.889014
795035727.087715
795035727.087715
794748720.693756
794748720.693756
794748720.693756
795254973.220207
795340252.366912
795340252.366912
795340252.366912
795191481.352114
795191481.352114
795191481.352114
795191481.352114
795297620.172374
795297620.172374
795297620.172374
795069211.183355
795069211.183355
795069211.183355
795069211.183355
795069211.183355
795069211.183355
795069211.183355
795069211.183355
795069211.183355
795030830.909522
795021322.919423
795021322.919423
795021322.919423
795021322.919423
794960234.753967
794874170.188388
794853488.088471
794853488.088471
795409005.859873
795409005.859873
795458406.890481
796031235.976253
796031235.976253
796031235.976253
796031235.976253
795139383.32734
795111696.582102
795111696.582102
795111696.582102
795111696.582102
795336999.66427
795336999.66427
795336999.66427
795336999.66427
795336999.66427
795336999.66427
795336999.66427
795336999.66427
795336999.66427
795336999.66427
795336999.66427
795336999.66427
795336999.66427
795041442.209805
795041442.209805
795041442.209805
795041442.209805
795041442.209805
795041442.209805
795041442.209805
795041442.209805
795041442.209805
794840993.118112
794840993.118112
794955815.358076
794955815.358076
794854106.789936
794854106.789936
794854106.789936
794813949.740298
794614659.264065
794614659.264065
794575633.524568
794735081.949646
794735081.949646
794735081.949646
794808978.27526
795095256.731419
795422160.065383
795422160.065383
795422160.065383
795059804.029313
795048825.86683
795048825.86683
795282713.277252
795282713.277252
795282713.277252
795282713.277252
795282713.277252
795168468.206594
795168468.206594
795137732.089432
795137732.089432
795342539.050907
795342539.050907
795342539.050907
795342539.050907
795594333.317651
795594333.317651
795594333.317651
795594333.317651
795594333.317651
795575250.744458
795575250.744458
795575250.744458
795087361.342457
795087361.342457
795819759.027195
795819759.027195
795819759.027195
795819759.027195
795819759.027195
795475834.665295
795475834.665295
795475834.665295
795475834.665295
795475834.665295
795475834.665295
795475834.665295
795331625.902768
795204671.655505
795204671.655505
794892691.521176
794892691.521176
794892691.521176
794892691.521176
794892691.521176
795601968.205704
795601968.205704
795504289.441887
795504289.441887
795504289.441887
795495338.535219
795521309.907432
795521309.907432
795521309.907432
795521309.907432
795818918.921888
795818918.921888
795796066.744779
795624889.311695
795624889.311695
795624889.311695
795624889.311695
795624889.311695
795624889.311695
795624889.311695
794888451.385868
795154825.568877
795154825.568877
795154825.568877
795154825.568877
795154825.568877
795154825.568877
795154825.568877
795174425.684392
795174425.684392
795174425.684392
795088261.137784
795088261.137784
795364095.147088
795364095.147088
795471800.319021
795097303.119319
795097303.119319
795097303.119319
795097303.119319
795057375.215399
795241013.76709
795314009.221158
795314009.221158
795317627.858236
795317627.858236
795317627.858236
795317627.858236
795343899.134438
795343899.134438
795343899.134438
795343899.134438
795343899.134438
795327468.731063
795327468.731063
795239259.581484
795239259.581484
795344214.612941
795418932.201449
795418932.201449
795236927.945297
795267214.746562
795267214.746562
795454590.155637
795633554.125765
795604025.624322
795604025.624322
795267276.738997
795065405.703839
795065405.703839
795065405.703839
795126670.402095
795126670.402095
795285550.759055
794867534.632493
795011614.878524
795011614.878524
795381401.267581
795381401.267581
794856034.744355
794856034.744355
794856034.744355
794963164.319416
794963164.319416
794963164.319416
794963164.319416
795265776.583348
795265776.583348
795447349.276269
795447349.276269
795536001.193094
794883609.311633
794883609.311633
794883609.311633
794883609.311633
794883609.311633
794883609.311633
795017076.551566
795017076.551566
795017076.551566
795017076.551566
794851045.433673
794851045.433673
795146697.313869
795354363.862147
795354363.862147
795354363.862147
795354363.862147
795354363.862147
795354363.862147
795354363.862147
795354363.862147
795314134.083239
795314134.083239
795314134.083239
795210528.498819
795748092.674313
795748092.674313
795222666.159254
795222666.159254
795222666.159254
794734684.115071
794873387.008075
795133669.384457
795221192.445848
795221192.445848
795221192.445848
795221192.445848
795472128.122645
795293314.974086
795293314.974086
795391540.418489
795391540.418489
795445756.120615
795445756.120615
795445756.120615
795445756.120615
795445756.120615
795445756.120615
795445756.120615
795445756.120615
795445756.120615
795304668.224999
794934615.480635
795256028.659288
795256028.659288
795191864.617881
794509504.327408
794793728.469146
794913842.939119
794913842.939119
795147412.673375
795160219.795929
795160219.795929
794876599.644971
794876599.644971
795242782.432022
795242782.432022
795242782.432022
795242782.432022
795242782.432022
795187357.926952
795344994.537029
795662445.092504
795662445.092504
795662445.092504
795075648.073481
795042662.046421
795257746.134552
795257746.134552
795257746.134552
795257746.134552
795257746.134552
795257746.134552
795257746.134552
795293696.920198
795151318.37741
795151318.37741
795151318.37741
795258151.312477
794857677.352136
795185876.635346
794902038.186502
794902038.186502
794902038.186502
796020939.366001
796020939.366001
796020939.366001
795761122.5617
795761122.5617
795635497.68906
795825774.890763
795397372.926687
795397372.926687
795478411.412114
795619395.775002
795619395.775002
795619395.775002
795619395.775002
795505452.256598
795519268.018199
795519268.018199
795519268.018199
795530085.532572
795530085.532572
795530085.532572
795404624.36854
794871267.770337
794871267.770337
795515083.639299
795515083.639299
795425752.272944
795425752.272944
794774593.982175
794774593.982175
794774593.982175
794497035.495061
794853317.100089
794853317.100089
795922129.358777
795475163.630886
795475163.630886
795309191.151311
795309191.151311
794995102.885727
794995102.885727
795209518.219964
795209518.219964
795209518.219964
795649266.334785
795436489.31796
795436489.31796
795436489.31796
795436489.31796
795412635.34073
795042008.395959
795042008.395959
795042008.395959
795360304.686462
795360304.686462
795360304.686462
795360304.686462
795002883.569221
795002883.569221
795454252.39585
795454252.39585
795454252.39585
795121803.887587
795121803.887587
795121803.887587
795121803.887587
795121803.887587
795121803.887587
795121803.887587
795121803.887587
795586370.993722
795586370.993722
795501815.744615
795501815.744615
795501815.744615
795336762.951695
795001230.797452
795001230.797452
795001230.797452
795001230.797452
795001230.797452
795277514.154753
795277514.154753
795428238.554882
795408445.023896
795408445.023896
795408445.023896
795408445.023896
795195548.875081
795061788.571057
795159285.106263
795159285.106263
795159285.106263
795159285.106263
795159285.106263
795159285.106263
795159285.106263
795159285.106263
795159285.106263
795159285.106263
794986398.062827
794986398.062827
794986398.062827
794986398.062827
795359764.956477
795358221.312187
795358221.312187
795358221.312187
795358221.312187
795358221.312187
795358221.312187
795447823.198842
795872559.909093
795043783.131441
795043783.131441
795062114.705171
795062114.705171
795271466.741957
795433545.944064
795502440.007324
795270472.486743
795222481.63915
795338233.625895
794776542.692811
794776542.692811
795212099.410277
795212099.410277
795212099.410277
795212099.410277
795212099.410277
795828630.498823
795828630.498823
795466039.394333
795763033.920618
795763033.920618
795436015.793515
795436015.793515
795436015.793515
795262838.19385
795262838.19385
795262838.19385
794955732.021608
794955732.021608
794955732.021608
794989284.649254
794989284.649254
794989284.649254
794989284.649254
794989284.649254
794989284.649254
794989284.649254
794989284.649254
794989284.649254
794989284.649254
794989284.649254
794989284.649254
795562960.770495
795271701.05569
795271701.05569
795271701.05569
795147789.684781
795147789.684781
795147789.684781
795329473.640586
795787448.843577
795710283.984519
795710283.984519
795569744.075542
795569744.075542
795094241.121671
795094241.121671
794876785.684622
794876785.684622
794857369.574361
794857369.574361
794857369.574361
795087059.74656
795022802.94745
795022802.94745
795022802.94745
795022802.94745
795022802.94745
795022802.94745
795022802.94745
795022802.94745
795336067.844279
795336067.844279
795336067.844279
794702377.427583
794702377.427583
794903161.902253
794903161.902253
794903161.902253
794903161.902253
794903161.902253
795059976.13779
795183329.523493
795183329.523493
795679706.854084
795358030.111782
795358030.111782
795358030.111782
795358030.111782
795139865.751253
795139865.751253
795139865.751253
795139865.751253
795139865.751253
795542865.92083
795542865.92083
795542865.92083
795542865.92083
795672582.332451
795405841.640584
795405841.640584
795405841.640584
794818702.884383
794709721.663957
794949983.821608
795238651.641967
795238651.641967
794742316.009463
795102130.767156
795102130.767156
795094263.559285
795094263.559285
795094263.559285
795674331.74823
795674331.74823
795674331.74823
795324974.645552
795324974.645552
795324974.645552
794491037.028273
794736125.244897
794765690.652966
794765690.652966
794765690.652966
795051279.530754
795051279.530754
795051279.530754
795051279.530754
795112645.185539
795741990.13345
795595646.56417
795058029.158045
795058029.158045
795058029.158045
795321249.595275
794908042.292619
794908042.292619
794908042.292619
795270638.337713
795270638.337713
794924919.088661
794924919.088661
794924919.088661
794924919.088661
795102285.911889
795102285.911889
795200452.285554
795168885.467113
795168885.467113
794585429.31108
794428608.86815
794428608.86815
794488178.910922
794798571.633987
794877394.781645
794877394.781645
794877394.781645
794740639.542931
794804228.058106
794804228.058106
794866175.662581
794866175.662581
795048503.112031
794556641.786772
795210794.072584
795210794.072584
795210794.072584
794856616.245174
794856616.245174
794856616.245174
794856616.245174
794929293.674582
794929293.674582
795160431.089342
795456274.154268
795456274.154268
795456274.154268
795456274.154268
795456274.154268
795550728.108695
795550728.108695
795408072.679161
795279747.860512
795279747.860512
794594833.290824
794594833.290824
794594833.290824
794594833.290824
795084538.835301
795038222.45615
794989212.334964
794989212.334964
794989212.334964
794989212.334964
794989212.334964
794989212.334964
794989212.334964
794989212.334964
794989212.334964
795297352.448245
795297352.448245
795505526.290011
795505526.290011
795056491.458447
795056491.458447
795056491.458447
795056491.458447
795248188.066229
795248188.066229
795248188.066229
795014788.203849
795014788.203849
795014788.203849
795014788.203849
795014788.203849
795014788.203849
795201117.983374
795201117.983374
795201117.983374
795201117.983374
795330240.028868
795330240.028868
795330240.028868
795330240.028868
795249928.867129
794784000.713923
795023504.907768
795023504.907768
795023504.907768
795147269.159234
795147269.159234
794847572.709277
795050903.542881
795064065.304892
795064065.304892
795064065.304892
795099854.902351
795432234.779577
795138021.88493
795276762.755775
795276762.755775
795030447.715272
795030447.715272
795030447.715272
795320518.405522
795320518.405522
795320518.405522
795320518.405522
795302901.705034
795302901.705034
795012159.43607
795012159.43607
795012159.43607
795012159.43607
795012159.43607
795012159.43607
795012159.43607
795346470.347811
795346470.347811
795346470.347811
795346470.347811
795346470.347811
795346470.347811
795346470.347811
795182292.804863
795182292.804863
795205354.079492
795218868.007268
795218868.007268
795090013.006214
795090013.006214
795090013.006214
795090013.006214
795090013.006214
795090013.006214
795087788.304579
795080126.291501
795080126.291501
795080126.291501
795080126.291501
794948133.942897
794948133.942897
794948133.942897
794948133.942897
795010392.806788
795010392.806788
795010392.806788
795010392.806788
795098514.08088
795098514.08088
795098514.08088
795552951.974135
795552951.974135
795552951.974135
795552951.974135
795552951.974135
795552951.974135
795552951.974135
795573124.484929
795573124.484929
795503484.942987
795503484.942987
795343344.699445
795343344.699445
795509502.637559
795509502.637559
795509502.637559
795200292.650045
795090798.497448
795090798.497448
795090798.497448
794336550.859756
794940728.90363
794940728.90363
794991415.904532
794991415.904532
794991415.904532
794991415.904532
794991415.904532
794991415.904532
794982987.686581
795076829.387218
795076829.387218
795076829.387218
795076829.387218
795076829.387218
795076829.387218
795197977.08801
795197977.08801
795197977.08801
795197977.08801
795197977.08801
795197977.08801
795169700.599936
795169700.599936
795561649.795101
795146586.079599
795189968.403694
794901198.024882
794901198.024882
794901198.024882
794699637.71953
794699637.71953
794699637.71953
794936716.207441
794936716.207441
795021542.84393
795021542.84393
795021542.84393
795021542.84393
795021542.84393
795095179.614294
795095179.614294
795095179.614294
795095179.614294
795095179.614294
795095179.614294
795404778.195608
795063333.047118
795063333.047118
795063333.047118
795146552.165664
795382698.483746
795382698.483746
795800584.055119
796016058.253651
796071711.640984
796071711.640984
795115739.856188
795161819.131733
794835134.833204
794835134.833204
794835134.833204
794835134.833204
794835134.833204
794835134.833204
794835134.833204
794835134.833204
795660339.402112
795662553.862039
795662553.862039
795671318.252889
795726809.985683
795726809.985683
795726809.985683
795726809.985683
795726809.985683
795398140.800226
795398140.800226
795307020.02038
795307020.02038
795307020.02038
795307020.02038
795307020.02038
795220964.832327
795191569.997204
795331590.348688
795265535.902516
795265535.902516
795265535.902516
795265535.902516
795265535.902516
795265535.902516
795265535.902516
795265535.902516
795265535.902516
795056330.221541
795056330.221541
794827774.813356
794827774.813356
794861917.054772
794807233.049267
794807233.049267
794807233.049267
794807233.049267
794807233.049267
794807233.049267
794947650.940366
794929218.051225
795093222.555251
795093222.555251
795093222.555251
795093222.555251
795093222.555251
795385129.783518
795385129.783518
795385129.783518
795385129.783518
794905828.802958
794905828.802958
794905828.802958
795169306.137881
795169306.137881
795169306.137881
795203495.916367
794954089.609761
794931678.881972
794931678.881972
794931678.881972
795046848.570615
795073630.848178
795073630.848178
795437704.502501
795054611.958678
795224865.892387
794889740.036342
794889740.036342
795508682.76562
795021070.200847
794863631.336721
794955941.70313
795012548.590985
795012548.590985
794923175.433982
794923175.433982
795166855.644228
795176801.462803
795176801.462803
795176801.462803
795176801.462803
795176801.462803
795176801.462803
795176801.462803
795160170.845187
795160170.845187
794964144.059277
794964144.059277
794964144.059277
795241363.740909
795241363.740909
795241363.740909
795491282.271431
795491282.271431
795341604.053298
795232846.531105
795232846.531105
795232846.531105
795051357.337883
794949511.700353
795076150.77929
795076150.77929
795076150.77929
795076150.77929
795076150.77929
795076150.77929
795076150.77929
795170427.963088
795170427.963088
795112638.178508
795112638.178508
795112638.178508
795530398.139642
795100590.072279
795100590.072279
795652407.481837
795652407.481837
795136482.294467
795136482.294467
795130229.990705
795130229.990705
795130229.990705
795130229.990705
795114644.321913
794711614.180546
794712737.117297
794712737.117297
794545458.77873
794616788.35064
794616788.35064
794616788.35064
794616788.35064
794624323.730806
794624323.730806
794792946.191325
794792946.191325
794792946.191325
794795498.049137
794795498.049137
794795498.049137
794795498.049137
794795498.049137
795364612.465877
795364612.465877
795364612.465877
795364612.465877
795364612.465877
795364612.465877
795364612.465877
795364612.465877
795275509.804164
795318200.368775
795318200.368775
795318200.368775
795136291.180519
795095407.406832
795095407.406832
795095407.406832
794901479.585651
795148640.086231
795148640.086231
795018607.478493
795018607.478493
795231067.934762
795561313.122276
795561313.122276
795119078.816519
795255379.971198
795315258.40521
795315258.40521
795006019.976749
795161167.097516
795161167.097516
794963598.520615
794963598.520615
794963598.520615
794963598.520615
794963598.520615
794963598.520615
794714549.114166
794714549.114166
794714549.114166
794817908.491028
794817908.491028
795217686.427949
795217686.427949
795134548.157828
795134548.157828
795089523.075331
795089523.075331
795089523.075331
795089523.075331
795089523.075331
795648505.988948
795648505.988948
795222448.827294
796243350.125381
795562160.646436
795562160.646436
795074063.567263
794880212.033558
794686753.360282
794686753.360282
794686753.360282
794711397.850554
794711397.850554
794711397.850554
794711397.850554
795191452.394876
794931185.437302
794931185.437302
794931185.437302
794931185.437302
794931185.437302
794931185.437302
794931185.437302
794931185.437302
795265878.224903
795265878.224903
795263124.413535
795169995.456985
795169995.456985
795169995.456985
795355990.975889
795355990.975889
795355990.975889
794991803.938142
794991803.938142
794991803.938142
794480776.940504
795149177.886289
795149177.886289
795149177.886289
795149177.886289
795149177.886289
795365302.575032
795095957.999798
795095957.999798
795095957.999798
795167602.674088
794884733.07329
794875549.660632
794875549.660632
794988275.266353
794905166.753756
794905166.753756
794905166.753756
794905166.753756
794905166.753756
794905166.753756
794905166.753756
795357736.605626
795357736.605626
795357736.605626
795357736.605626
795357736.605626
795371941.781194
795770853.071944
795770853.071944
795770853.071944
795770853.071944
795186702.268698
794905674.576602
794814144.215503
795211022.904219
795211022.904219
795211022.904219
794893432.299951
795023314.584255
794899079.30486
795197487.8686
795116723.243845
795116723.243845
795056303.337903
795056303.337903
795056303.337903
795056303.337903
795237145.366655
795237145.366655
795086696.225002
795086696.225002
795086696.225002
795086696.225002
795341194.485258
795341194.485258
795192496.407504
795192496.407504
794993941.191339
795127112.198791
795620199.46037
795620199.46037
795620199.46037
795392593.302238
795392593.302238
795392593.302238
795392593.302238
795392593.302238
795392593.302238
794816469.351239
794816469.351239
794816469.351239
794962942.64996
794809565.686579
794809565.686579
794809565.686579
794622602.582071
794622602.582071
794763330.044766
795337906.155432
795337906.155432
795337906.155432
795337906.155432
795007452.581385
795007452.581385
795007452.581385
795007452.581385
795007452.581385
795007452.581385
795007452.581385
795007452.581385
795007452.581385
795007452.581385
795056860.306498
795056860.306498
794822558.936963
795090435.661598
794947205.310243
794947205.310243
794932144.413244
794932144.413244
794934423.266819
794934423.266819
794934423.266819
794934423.266819
794934423.266819
794934423.266819
794934423.266819
794828006.371296
794828006.371296
795048973.544257
794962557.701544
794962557.701544
794962557.701544
794962557.701544
795332035.084005
795332035.084005
795332035.084005
795540885.267406
795540885.267406
795415804.189497
795415804.189497
795075544.311416
795202705.156865
795202705.156865
795202705.156865
795202705.156865
795674235.060466
795674235.060466
795674235.060466
795047451.901649
794970870.003674
794970870.003674
794970870.003674
794970870.003674
795052386.288491
795304654.526214
795304654.526214
795304654.526214
795177880.711523
795177880.711523
794582156.61847
794582156.61847
794784887.304336
794784887.304336
795180909.401655
795180909.401655
795180909.401655
795002363.161849
795002363.161849
795092680.606337
795322557.236293
795322557.236293
795322557.236293
795322557.236293
795322557.236293
795322557.236293
795240828.259622
795240828.259622
795240828.259622
795240828.259622
795240828.259622
795600681.248732
795770273.343825
795770273.343825
795770273.343825
795245955.351078
795245955.351078
795245955.351078
795245955.351078
795223209.862632
795248320.320251
795248320.320251
795248320.320251
795248320.320251
795248320.320251
795083060.471619
795111174.804695
795032096.884069
795032096.884069
795032096.884069
795348298.143761
795348298.143761
795348298.143761
795348298.143761
795223217.680602
795223217.680602
795132625.776415
795218982.301268
795218982.301268
795218982.301268
795327591.666076
795327591.666076
795463983.898699
794930254.417417
794930254.417417
794930254.417417
795118146.855108
795118146.855108
795313899.726905
795313899.726905
795313899.726905
795088719.556512
795088719.556512
795394634.107523
795394634.107523
795394634.107523
795394634.107523
795531688.790238
795759853.91616
795802883.162284
795802883.162284
795802883.162284
794929410.590045
794929410.590045
794929410.590045
795264102.073621
795264102.073621
795072305.905309
795072305.905309
795072305.905309
795327948.716564
795327948.716564
795327948.716564
794833645.732899
795109395.20837
795109395.20837
795109395.20837
795109395.20837
794789855.992467
795078252.020562
794719102.521531
794719102.521531
795084005.061962
795065683.610062
795065683.610062
795299734.063111
794798268.982605
795332525.461332
795332525.461332
795332525.461332
795269044.508298
795269044.508298
795269044.508298
795269044.508298
794973628.62205
794973628.62205
794973628.62205
794973628.62205
794973628.62205
794973628.62205
795280007.362042
795280007.362042
795280007.362042
795280007.362042
795280007.362042
795144989.417153
795144989.417153
795238416.798082
795378539.377003
794907875.376554
794907875.376554
794712985.957721
795515443.017611
795580745.771231
795580745.771231
795580745.771231
795580745.771231
795305390.905497
795305390.905497
795210946.922039
795628236.181304
795628236.181304
795224508.08856
795123133.147084
794960300.259385
794960300.259385
795292436.349759
795292436.349759
795292436.349759
795292436.349759
795292436.349759
795292436.349759
795292436.349759
795292436.349759
795292436.349759
795292436.349759
795292436.349759
795444228.744462
795444228.744462
795444228.744462
795444228.744462
795444228.744462
794947587.792127
794947587.792127
794947587.792127
794947587.792127
794947587.792127
794947587.792127
794949232.330889
794949232.330889
794949232.330889
795271890.309482
795271890.309482
795271890.309482
795271890.309482
795271890.309482
795271890.309482
795271890.309482
795253292.070964
795059396.024406
795206795.129747
795206795.129747
795206795.129747
795756069.959313
795413562.464292
795151985.656643
795218354.53684
795595997.837601
794828845.538471
794828845.538471
795072102.55097
795072102.55097
795072102.55097
795072102.55097
795072102.55097
795072102.55097
795072102.55097
795102865.434471
795102865.434471
795102865.434471
795102865.434471
795189201.139884
795189201.139884
795892910.247948
795892910.247948
795892910.247948
795892910.247948
795448139.26346
795448139.26346
795448139.26346
795301994.655308
795301994.655308
795301994.655308
795301994.655308
795301994.655308
795301994.655308
795118478.345761
795118478.345761
795078998.774708
795062273.568126
795078114.12599
795724940.764768
795724940.764768
795724940.764768
795787021.110706
795787021.110706
795216798.377169
795491173.870089
795620041.502502
795620041.502502
795620041.502502
795620041.502502
795620041.502502
795620041.502502
795163900.27688
795097890.592763
795097890.592763
795097890.592763
795181205.977998
795181205.977998
795181205.977998
795181205.977998
795181205.977998
795265977.540021
795247523.762162
795247523.762162
794810896.752097
794810896.752097
794810896.752097
795144777.912722
795144777.912722
795144777.912722
795144777.912722
795070854.22278
794929299.028608
795530184.800913
795530184.800913
795530184.800913
795530184.800913
795530184.800913
795398449.371111
795398449.371111
795398449.371111
795114624.654183
795114624.654183
795114624.654183
795114624.654183
795114624.654183
794812422.395305
795090844.430079
795090844.430079
795090844.430079
795090844.430079
794937878.191868
795243425.170242
795243425.170242
795316219.162328
795316219.162328
795274314.274292
795274314.274292
795274314.274292
795363354.476145
795363354.476145
795363354.476145
795627825.504325
795627825.504325
795627825.504325
795627825.504325
795627825.504325
795627825.504325
795328800.309436
795057238.287827
795238509.810212
795238509.810212
795037963.930674
795037963.930674
795236496.28586
795236496.28586
795236496.28586
795236496.28586
795236496.28586
795236496.28586
794774858.592262
794774858.592262
794774858.592262
794774858.592262
795092324.374432
795092324.374432
794867952.678214
795044044.258294
795044044.258294
795044044.258294
795044044.258294
795044044.258294
795044044.258294
794880939.898234
794880939.898234
794880939.898234
794880939.898234
794880939.898234
794880939.898234
794880939.898234
794880939.898234
794880939.898234
795290964.819696
795662106.735882
794882796.412491
794882796.412491
794762854.068977
794762854.068977
794762854.068977
795194430.613224
794826873.473092
794826873.473092
794826873.473092
794991621.904555
795076593.849498
795809569.579362
795087889.760817
795087889.760817
795087889.760817
794507819.631502
795260192.290238
795260192.290238
795260192.290238
795260192.290238
795271272.248243
795460260.361972
795460260.361972
795514379.893804
795514379.893804
795514379.893804
795454032.884397
795454032.884397
795647650.747991
794915245.945276
794915245.945276
794915245.945276
794915245.945276
794915245.945276
794915245.945276
794915245.945276
794260809.548173
794260809.548173
794260809.548173
795144890.220889
795144890.220889
795144890.220889
795011428.573744
795772315.456494
795772315.456494
795858699.624505
795691850.672906
795634430.506775
795647321.837369
795647321.837369
795647321.837369
795647321.837369
794849217.039043
794849217.039043
794849217.039043
794849217.039043
795057919.683402
795066426.608566
795066426.608566
795066426.608566
795066426.608566
795066426.608566
795357005.816155
795341580.070668
795266462.932804
795266462.932804
795266462.932804
795494305.474267
795494305.474267
795494305.474267
795494305.474267
795373910.99051
795373910.99051
795373910.99051
795373910.99051
795373910.99051
795237562.710706
795237562.710706
795237562.710706
795237562.710706
795237562.710706
795237562.710706
795293700.395517
795111270.909515
795111270.909515
795111270.909515
795111270.909515
795111270.909515
794926618.241617
795070927.940247
795276391.423055
795276391.423055
795223752.498553
795223752.498553
795223752.498553
795223752.498553
795187655.764289
795187655.764289
795187655.764289
795187655.764289
795187655.764289
795187655.764289
795187655.764289
795017446.453944
795312333.630568
795312333.630568
794887673.302222
794887673.302222
794945702.228845
794945702.228845
794992459.664548
794859123.746229
794859123.746229
795050607.954866
795572636.179903
795572636.179903
795572636.179903
795056198.82713
795056198.82713
795056198.82713
795056198.82713
795077637.23679
795077637.23679
795077637.23679
795396882.393074
795043380.77921
795043380.77921
794854255.539112
794915652.710709
794620145.443071
794620145.443071
794670877.435397
794670877.435397
794670877.435397
794670877.435397
794670877.435397
794670877.435397
794670877.435397
794670877.435397
794670877.435397
794670877.435397
794670877.435397
794670877.435397
794930187.121512
794930187.121512
794930187.121512
794928703.370971
794900072.885696
794900072.885696
794900072.885696
795555517.922817
795555517.922817
795061949.962029
795061949.962029
795061949.962029
795061949.962029
795061949.962029
795061949.962029
795061949.962029
795061949.962029
795061949.962029
795061949.962029
795062085.566384
795062085.566384
794844397.672358
795609188.306969
795567143.690032
795575700.538227
795575700.538227
795575700.538227
795514598.41582
795514598.41582
795711029.304689
795711029.304689
795711029.304689
795711029.304689
795400085.276506
795400085.276506
795400085.276506
795400085.276506
795187300.147392
795187300.147392
795187300.147392
795159816.598055
795159816.598055
795159816.598055
795200591.027124
795200591.027124
795200591.027124
795200591.027124
795200591.027124
795190175.303816
795190175.303816
795190175.303816
794991743.621621
794991743.621621
794780475.744191
794780475.744191
794780475.744191
794739185.573779
794739185.573779
794739185.573779
794739185.573779
794746180.631189
794939152.948449
795246604.521028
794863364.496512
794863364.496512
795202018.766224
795202018.766224
795202018.766224
795202018.766224
795202018.766224
795202018.766224
795202018.766224
795202018.766224
795202018.766224
795202018.766224
795202018.766224
795202018.766224
795202018.766224
795202018.766224
795202018.766224
795202018.766224
794785959.413528
794785959.413528
794785959.413528
794800699.580813
794953178.132575
794953178.132575
795023754.402612
795023754.402612
795023754.402612
795023754.402612
795023754.402612
794994603.673541
795277390.979828
795405219.10957
795149445.625019
795630773.255616
795630773.255616
795630773.255616
795630773.255616
795630773.255616
795854604.096169
795425149.29903
795425149.29903
795153809.873173
794874917.682024
795331526.693818
795331526.693818
795331526.693818
795331526.693818
795180117.422697
795208409.28494
795208409.28494
795425817.469056
795425817.469056
795425817.469056
795425817.469056
795370777.905973
795202306.650469
795202306.650469
795202306.650469
795202306.650469
794874898.092165
794874898.092165
795325784.458856
795099502.616754
795087303.516289
795087303.516289
795087303.516289
795087303.516289
795087303.516289
795087303.516289
795087303.516289
795087303.516289
795087303.516289
795087303.516289
795087303.516289
795087303.516289
794777662.253419
794777662.253419
795460398.455503
795460398.455503
795460398.455503
795613779.692405
795178456.756751
795139619.743546
795139619.743546
795498602.389489
795498602.389489
795498602.389489
795312796.312548
795016114.454296
795057030.400954
795057030.400954
795057030.400954
795057030.400954
795057030.400954
795057030.400954
795057030.400954
795057030.400954
794986269.98024
794830540.025801
794830540.025801
794830540.025801
794830540.025801
794830540.025801
794830540.025801
794830540.025801
794830540.025801
794830540.025801
794830540.025801
795047363.005573
795047363.005573
795047363.005573
795007379.051637
795007379.051637
795007379.051637
795007379.051637
795007379.051637
795007379.051637
795695065.096015
795695065.096015
795866423.263464
795866423.263464
795613306.177206
795761288.668967
795761288.668967
795064765.675691
795064765.675691
795388678.867474
795192214.95193
795192214.95193
795192214.95193
795600544.628717
795600544.628717
795521243.346307
795521243.346307
795521243.346307
795318859.691368
795318859.691368
795318859.691368
795318859.691368
795120213.219061
795402997.804991
795342180.296807
795342180.296807
795076937.189633
795054743.500122
795065066.629361
795313395.464312
795313395.464312
795313395.464312
795313395.464312
795407343.739242
795372672.508934
795372672.508934
795309288.18861
795370836.512808
795370836.512808
795370836.512808
795370836.512808
795370836.512808
795370836.512808
795095369.281451
795095369.281451
795186543.716194
795204565.858374
795204565.858374
795400413.213267
795400413.213267
795113560.445843
795113560.445843
794906478.612323
794906478.612323
794906478.612323
794906478.612323
794906478.612323
794906478.612323
794992646.965231
794952065.121281
794952065.121281
794907321.867451
794928328.549271
794879488.023422
795268124.256123
795360685.197849
795251454.250511
795216356.17173
795216356.17173
795216356.17173
795216356.17173
795216356.17173
795216356.17173
795183497.110988
795183497.110988
795336335.745623
795336335.745623
795310074.549144
795310074.549144
795429211.862429
795429211.862429
795339956.6734
794717184.425484
794717184.425484
794717184.425484
794717184.425484
795529152.658158
795516742.814599
795516742.814599
795516742.814599
795516742.814599
795516742.814599
795516742.814599
795516742.814599
795516742.814599
795450793.814324
795450793.814324
795685921.162391
795685921.162391
795685921.162391
795381712.055264
795381712.055264
795381712.055264
795381712.055264
795381712.055264
795442484.670021
795442484.670021
795442484.670021
795044163.508557
795044163.508557
795328180.514615
795328180.514615
795226775.505332
795226775.505332
795226775.505332
795226775.505332
795226775.505332
795410206.002534
795410206.002534
795390290.194309
795390290.194309
795390290.194309
795390290.194309
795390290.194309
795196919.10621
795111027.366227
795111027.366227
795111027.366227
795111027.366227
795245659.979247
795245659.979247
795245659.979247
795245659.979247
795245659.979247
794865680.812153
794983754.158192
794843656.88165
795100572.331177
795100572.331177
795100572.331177
795211086.452004
795211086.452004
795373370.920894
794658162.115449
794879431.544495
795038025.392119
795038025.392119
795136968.52122
795136968.52122
795136968.52122
795136968.52122
795136968.52122
795136968.52122
795136968.52122
795192026.854706
795192026.854706
794775389.886829
794775389.886829
794852487.658751
794852487.658751
794852487.658751
794852487.658751
794852487.658751
794852487.658751
795045051.527496
795045051.527496
795045051.527496
795074238.883369
795102542.165818
795253151.525649
795253151.525649
795217122.147418
795226754.009775
795226754.009775
795226754.009775
795226754.009775
795226754.009775
794811802.708622
794811802.708622
794811802.708622
794811802.708622
795433280.036788
795433280.036788
795433280.036788
795433280.036788
795354570.345125
795354570.345125
795354570.345125
795354570.345125
795354570.345125
795354570.345125
795468906.77776
795471789.783732
795471789.783732
795471789.783732
795041359.658134
795041359.658134
794865295.994244
795565736.272816
795039018.705489
795039018.705489
795039018.705489
795284214.171089
795284214.171089
795284214.171089
795727893.146271
795727893.146271
795767637.471874
795767637.471874
795767637.471874
795767637.471874
795236808.731686
795236808.731686
795236808.731686
795212202.331472
795212202.331472
795212202.331472
795397358.300954
794904833.359062
795000534.850488
795000534.850488
794875280.873067
794971420.767565
794919636.738176
794919636.738176
794919636.738176
794919636.738176
794919636.738176
794919636.738176
795054268.679889
794783375.117125
794783375.117125
794783375.117125
794783375.117125
794783375.117125
794783375.117125
794898217.255329
794933918.292157
794933918.292157
795099768.212303
795418987.331256
795418987.331256
794905950.064026
794905950.064026
795110984.18321
795110984.18321
795110984.18321
795199397.139244
795107175.297758
795107175.297758
795107175.297758
795285943.178049
795285943.178049
795285943.178049
795764539.045462
795173628.439509
795173628.439509
795173628.439509
795483655.11672
795178486.128659
795162899.045497
795162899.045497
795138874.935131
795138874.935131
795138874.935131
795067928.169557
795067928.169557
795067928.169557
794834439.371445
794834439.371445
795096433.518176
795096433.518176
795262413.603872
795129014.807912
795129014.807912
795300333.862358
795300333.862358
795300333.862358
795300333.862358
795300333.862358
795300333.862358
795300333.862358
795300333.862358
795803315.548493
795588740.666221
795588740.666221
795588740.666221
795483764.051068
794774420.158366
794774420.158366
794774420.158366
794774420.158366
794774420.158366
794774420.158366
794774420.158366
794470268.752826
794608595.075813
794608595.075813
794608595.075813
794682302.731034
794682302.731034
794682302.731034
794682302.731034
794682302.731034
795401971.971528
795413460.63257
795413460.63257
795413460.63257
795413460.63257
795488196.21416
795488196.21416
795488196.21416
795488196.21416
795363974.893586
795363974.893586
795363974.893586
795363974.893586
795363974.893586
795363974.893586
795363974.893586
795363974.893586
795363974.893586
795363974.893586
795363974.893586
795285791.475755
795040654.846094
795040654.846094
795040654.846094
795040654.846094
795040654.846094
795236109.219548
795236109.219548
795236109.219548
795236109.219548
795236109.219548
795365592.221833
795317853.492644
795317853.492644
795317853.492644
795458404.417759
795359862.123846
795359862.123846
795359862.123846
795359862.123846
795531313.935539
795531313.935539
795531313.935539
795265116.815769
795265116.815769
795016379.617781
795016379.617781
795016379.617781
795159503.506905
795061192.245104
795003900.99751
795040073.900373
795040073.900373
795196440.088667
795196440.088667
795196440.088667
794483163.907499
794483163.907499
795221963.695207
795221963.695207
795221963.695207
795093082.895938
795251130.115408
795251130.115408
795142181.658807
795238080.701093
795313523.271545
795313523.271545
795313523.271545
795173007.810897
795173007.810897
794818524.455878
795329369.701618
795329369.701618
795329369.701618
795329369.701618
795329369.701618
795329369.701618
795322164.910311
795420441.480117
795392354.648841
795296371.864743
795296371.864743
795362354.196966
795362354.196966
794916639.323502
794916639.323502
794932509.846143
794932509.846143
795315396.041433
795315396.041433
795315396.041433
795315396.041433
795709664.742065
795709664.742065
795278939.312304
795278939.312304
795278939.312304
795278939.312304
794583314.260746
794583314.260746
795257034.320799
795257034.320799
795257034.320799
795257034.320799
795260901.042549
795293641.718465
795293641.718465
795293641.718465
795293641.718465
795293641.718465
795208494.054497
795087398.816725
795087398.816725
795087398.816725
794975145.873812
795204362.004418
795204362.004418
795204362.004418
795204362.004418
795204362.004418
794806115.557838
794806115.557838
794806115.557838
795078488.207083
795407334.001851
795407334.001851
795407334.001851
795407334.001851
795163396.812099
795163396.812099
795295973.154851
795295973.154851
795215826.455212
795578503.290746
795204619.46192
795242843.482807
795242843.482807
795242843.482807
795229585.043514
795229585.043514
795314437.909544
795314437.909544
795314437.909544
795137375.224335
795137375.224335
795137375.224335
794888387.305957
795325825.288036
795028991.941092
795028991.941092
794712817.415715
794712817.415715
794712817.415715
794712817.415715
794983611.288937
794983611.288937
794885307.105738
795094446.303102
795094446.303102
795094446.303102
795094446.303102
794862340.392973
794862340.392973
794744091.120487
794744091.120487
794744091.120487
795268637.302336
795268637.302336
795392044.678596
794799958.780501
794854855.491962
794854855.491962
794854855.491962
794917859.133983
794917859.133983
795446973.881693
795446973.881693
795446973.881693
795446973.881693
795280968.447837
795280968.447837
795280968.447837
795612487.133174
795612487.133174
795612487.133174
795300008.798948
795300008.798948
795300008.798948
795300008.798948
795053235.339466
795053235.339466
795053235.339466
795556765.315787
795556765.315787
794987529.899107
794987529.899107
795064792.350992
794948109.860237
794948109.860237
794948109.860237
795326024.881979
795326024.881979
795081230.11926
794941905.598505
795621885.881236
795621885.881236
795621885.881236
795621885.881236
795430321.079149
795605294.191147
795351820.185201
795014909.81994
795014909.81994
795014909.81994
795043967.676971
794711958.830287
794711958.830287
794711958.830287
795470385.883862
795470385.883862
795233476.080743
795266625.823802
795415804.488519
795750600.870791
795750600.870791
795750600.870791
795750600.870791
795750600.870791
795750600.870791
795750600.870791
795750600.870791
795750600.870791
795123643.258133
795123643.258133
795123643.258133
795253460.923362
795253460.923362
795253460.923362
794953873.279972
794953873.279972
794953873.279972
794953873.279972
795742322.100664
795858757.494006
795531042.831637
795531042.831637
795274190.099706
795274190.099706
794489090.404675
795146813.904943
795045478.099222
795045478.099222
795009605.847222
795020450.304309
795020450.304309
795020450.304309
795008580.967069
795008580.967069
795008580.967069
795008580.967069
795008580.967069
794603991.921595
794603991.921595
794603991.921595
795111017.236888
795111017.236888
795111017.236888
795111017.236888
795111017.236888
795111017.236888
795111017.236888
795248343.441995
795341265.305978
795341265.305978
795155102.025653
795155102.025653
794844858.72796
794958840.199853
794958840.199853
794958840.199853
794958840.199853
795183497.870364
795183497.870364
795183497.870364
795653049.374819
795594206.894203
795594206.894203
795090808.768353
795090808.768353
795057622.397335
795434298.184225
795434298.184225
795434298.184225
795339579.0007
795117126.050997
795117126.050997
795117126.050997
794841130.525541
794841130.525541
794841130.525541
794841130.525541
795694806.430887
795907656.205201
795907656.205201
795907656.205201
795907656.205201
795907656.205201
795907656.205201
795336636.404027
795336636.404027
795788563.788195
795708107.499893
795708107.499893
795274150.249799
795274150.249799
794279959.729963
794279959.729963
794136757.059529
795251079.453248
795251079.453248
795251079.453248
795251079.453248
795251079.453248
795251079.453248
795251079.453248
794902395.920553
794902395.920553
794895249.564568
794895249.564568
794895249.564568
794895249.564568
795041552.626574
795457007.439246
795547411.574527
795547411.574527
795547411.574527
795090122.075079
795090122.075079
795173190.984267
795173190.984267
795173190.984267
794951330.157533
794951330.157533
795045159.21768
795045159.21768
795395833.293624
795395833.293624
795395833.293624
795395833.293624
795136697.570761
795136697.570761
795136697.570761
795136697.570761
794948611.886473
794968090.154659
794968090.154659
794968090.154659
794968090.154659
794968090.154659
794968090.154659
795000114.00661
794483131.271664
794483131.271664
794483131.271664
794473646.026975
794473646.026975
794473646.026975
795127043.330367
795127043.330367
795127043.330367
795483145.006387
795483145.006387
795659394.300502
795659394.300502
795659394.300502
795368219.350215
794806576.299762
794806576.299762
795224549.154544
795224549.154544
795224549.154544
795758876.040188
795541065.973018
795541065.973018
795561730.506241
795360898.766761
795415906.232226
795415906.232226
795415906.232226
794679092.493772
794679092.493772
794679092.493772
794679092.493772
794679092.493772
795218709.882203
795040217.183784
795040217.183784
795017852.878789
795017852.878789
795017852.878789
795017852.878789
795017852.878789
795246234.251125
795246234.251125
795246234.251125
795246234.251125
795246234.251125
795651966.802934
795656615.901211
795656615.901211
795656615.901211
795608266.76552
795608266.76552
795343384.561504
795343384.561504
795343384.561504
795343384.561504
795343384.561504
795490314.215728
795349672.449221
795349672.449221
795349672.449221
795336530.223929
795336530.223929
795307224.668397
795307224.668397
795307224.668397
795323065.119729
795468777.777885
795276986.751614
795212169.812392
795212169.812392
794992638.101791
794992638.101791
794992638.101791
795516657.734342
794693644.372283
794693644.372283
795254935.635956
795224564.869835
795470889.575133
795317290.667739
795317290.667739
795317290.667739
794906010.565984
794906010.565984
795342287.067555
795309910.468531
795309910.468531
795309910.468531
795654210.452593
795654210.452593
795654210.452593
795654210.452593
795654210.452593
795551271.008819
795551271.008819
795327970.06368
795327970.06368
795327970.06368
795327970.06368
795327970.06368
795327970.06368
795327970.06368
794932025.550418
794932025.550418
794932025.550418
794522009.599963
794522009.599963
794522009.599963
794522009.599963
794985711.843485
794985711.843485
794985711.843485
795217053.076297
795217053.076297
795217053.076297
794878315.740919
795336223.10107
795336223.10107
795034705.202398
794935927.921082
794935927.921082
794935927.921082
794935927.921082
794935927.921082
794935927.921082
794935927.921082
794935927.921082
794935927.921082
795136103.062845
795489151.824913
794940547.032058
794504291.516391
794504291.516391
794504291.516391
794504291.516391
795107662.982788
795072243.057917
795072243.057917
795399697.586892
795022758.506333
795041850.463091
795132909.3295
795137471.296805
795137471.296805
795137471.296805
795118086.76388
795118086.76388
795289609.438885
795289609.438885
795289609.438885
795289609.438885
795289609.438885
795289609.438885
795289609.438885
795284199.106964
795284199.106964
795284199.106964
795284199.106964
794855752.958346
794688993.062566
795058491.913806
795058491.913806
795827906.353985
795827906.353985
795827906.353985
795827906.353985
795859611.401756
795862931.1366
795513572.033097
795559806.022051
795397791.765079
795397791.765079
795397791.765079
795296401.946627
794904070.319786
794904070.319786
795080709.131828
795080709.131828
795307702.054482
794975174.243762
794975174.243762
794975174.243762
795279645.328502
795279645.328502
795353131.22448
795353131.22448
795353131.22448
795353131.22448
795353131.22448
795531197.702729
795531197.702729
795244833.317097
795027341.812906
795027341.812906
795027341.812906
795027341.812906
795027341.812906
795006562.807152
794903443.562321
794903443.562321
794903443.562321
794903443.562321
795066545.144782
795066545.144782
795066545.144782
795066545.144782
795066545.144782
795066545.144782
795605512.228149
795605512.228149
795605512.228149
795605512.228149
795605512.228149
795436517.691657
795436517.691657
795436517.691657
795472086.159016
795029551.206018
795029551.206018
795091569.749945
795091569.749945
795091569.749945
795091569.749945
795594450.743598
795128942.7364
795128942.7364
794856534.392908
795071894.068198
795071894.068198
795507525.502312
795507525.502312
795507525.502312
795507525.502312
795507525.502312
795507525.502312
795352604.302531
795352604.302531
795352604.302531
795352604.302531
795352604.302531
794931851.914979
795048890.871505
795191214.323228
795191214.323228
795191214.323228
795191214.323228
795191214.323228
795191214.323228
795191214.323228
795191214.323228
795191214.323228
795191214.323228
795191214.323228
795562964.164595
795562964.164595
795562964.164595
795581897.936144
795581897.936144
795614905.66876
795170571.549303
795170571.549303
795701540.10101
795718953.892135
795431997.971579
795290198.678442
795290198.678442
795296976.225204
795296976.225204
795296976.225204
795296976.225204
795296976.225204
795296976.225204
795296976.225204
795296976.225204
795296976.225204
795296976.225204
795656743.400503
795781197.027363
795781197.027363
795114670.220361
795114670.220361
795114670.220361
795114670.220361
795114670.220361
795114670.220361
795272061.090776
795272061.090776
795146874.845225
795146874.845225
795146874.845225
795146874.845225
795412527.73829
795471263.599211
794891655.48872
794891655.48872
794891655.48872
795524216.910858
795524216.910858
795248043.967536
795109369.466368
795109369.466368
795109369.466368
795109369.466368
794927040.657684
795263255.40258
795292902.067788
795292902.067788
795292902.067788
795292902.067788
795292902.067788
795292902.067788
795543318.389521
795543318.389521
795543318.389521
795556609.327373
795556609.327373
795556609.327373
795751298.71163
795751201.92801
795556676.271983
795241542.831414
795241542.831414
795329739.902163
795329739.902163
795329739.902163
794996802.78675
795134198.31144
795134198.31144
794637126.965812
794637126.965812
795008736.548368
794971618.095063
794971618.095063
794950322.967725
794950322.967725
794950322.967725
794950322.967725
794950322.967725
795181734.936239
795181734.936239
795369376.71846
795268383.296998
795393945.067434
795393945.067434
795393945.067434
795393945.067434
795393945.067434
795374884.413413
795374884.413413
795374884.413413
795374884.413413
795374884.413413
795374884.413413
795131082.013351
795131082.013351
795501554.338692
795501554.338692
795501554.338692
795501554.338692
795665678.145835
795665678.145835
795665678.145835
795665678.145835
795665678.145835
795665678.145835
795665678.145835
795346585.11819
795346585.11819
795346585.11819
795298842.541909
794839498.807126
794839498.807126
794820525.618383
794820525.618383
794832455.843303
794832455.843303
795014412.720967
795014412.720967
795698007.765905
794817203.093749
794946349.124716
795004785.410081
795004785.410081
795004785.410081
795004785.410081
795004785.410081
795004785.410081
795463054.669563
795282088.643682
795282088.643682
795282088.643682
795282088.643682
795282088.643682
795282088.643682
795282088.643682
795282088.643682
795282088.643682
795282088.643682
795102937.194546
795102937.194546
795102937.194546
794912955.555762
794826698.967777
794826698.967777
794826698.967777
794826698.967777
794826698.967777
794887798.574131
794880910.544156
794943789.10094
794943789.10094
795084707.465143
795389876.145862
795389876.145862
795389876.145862
795389876.145862
795389876.145862
795079177.571897
795079177.571897
795079177.571897
795329096.02357
795164589.278482
795269194.662485
795269194.662485
794884265.255208
794884265.255208
794540742.96558
794540742.96558
795237710.126608
795188228.371125
795188228.371125
795125568.850373
795125568.850373
795125568.850373
795125568.850373
795350393.328626
795313135.742954
795313135.742954
795313135.742954
794928268.919417
795431469.763913
795431469.763913
795431469.763913
795431469.763913
795431469.763913
795364489.99683
795364489.99683
795100511.119659
795100511.119659
795100511.119659
794962930.888532
794962930.888532
794962930.888532
794962930.888532
794962930.888532
794962930.888532
794962930.888532
795342360.813405
795342360.813405
794758335.515219
794758335.515219
794758335.515219
794758335.515219
794758335.515219
795455329.413125
795455329.413125
795606735.063026
795606735.063026
794953809.954825
794953809.954825
794953809.954825
795459460.810644
795446580.120599
794822521.066617
794822521.066617
794822521.066617
794822521.066617
795307103.79588
795307103.79588
795246042.156931
795246042.156931
795246042.156931
795246042.156931
795246042.156931
795135044.209878
795135044.209878
795135044.209878
795135044.209878
795131522.799662
795014841.545326
795014841.545326
794876352.549633
794895335.72933
794895335.72933
795038396.403622
795038396.403622
794835215.025712
794835215.025712
795118722.328843
795118722.328843
795118722.328843
794796720.569969
794796720.569969
794796720.569969
794796720.569969
794796720.569969
794796720.569969
794734594.789363
794734594.789363
794720594.473112
794429140.606147
794429140.606147
794429140.606147
794429140.606147
794427734.797658
794958289.054809
795332590.098564
794791379.148348
794791379.148348
794791379.148348
794791379.148348
794538809.07569
794502270.478801
794502270.478801
794502270.478801
794502270.478801
795155126.199471
795155126.199471
795297712.512467
795297712.512467
795297712.512467
795458155.429291
794926501.507983
795370318.84205
795540049.421636
795581794.554618
794787920.374618
795055772.295245
795252248.774179
795252248.774179
795252248.774179
795343237.821537
795343237.821537
795661690.886703
795661690.886703
795661690.886703
795661690.886703
795661690.886703
795661690.886703
795205042.306485
795178729.816751
795178729.816751
795178729.816751
795178729.816751
795178729.816751
795178729.816751
795040839.117676
795046086.4159
795046086.4159
795046086.4159
795296331.34398
795296331.34398
795027527.63041
795027527.63041
795027527.63041
795027527.63041
795027527.63041
795027527.63041
794908770.583673
794908770.583673
795175552.819234
795175552.819234
794654007.049287
795092921.457549
795092921.457549
795272826.29494
795272826.29494
795272826.29494
794932561.920331
795221617.540634
795221617.540634
795075844.10376
795075844.10376
795489207.210092
795489207.210092
795512851.29954
795526016.062249
795396951.180242
795394732.558985
795394732.558985
795394732.558985
795170518.277209
795170518.277209
795170518.277209
795170518.277209
795440471.595284
795440471.595284
795574761.426846
795574761.426846
795574761.426846
795574761.426846
795574761.426846
795574761.426846
795955515.734091
795798242.943022
795815401.66685
795625178.223538
795625178.223538
795625178.223538
795625178.223538
795395191.751375
794992556.088011
794992556.088011
795299649.638916
795181314.089371
795041423.789917
795041423.789917
795028689.790133
795028689.790133
795028689.790133
794932402.283345
794932402.283345
794932402.283345
794932402.283345
794932402.283345
794932402.283345
794932402.283345
795437849.359644
795437849.359644
795376890.332915
794875825.187916
794875825.187916
794875825.187916
794875825.187916
794875825.187916
795395792.09864
795313594.15223
794931629.571254
794931629.571254
794857997.028873
794933267.061517
795071319.744871
795071319.744871
795071319.744871
795071319.744871
795071319.744871
795071319.744871
794999410.111324
794999410.111324
794999410.111324
794999410.111324
795409822.635791
795409822.635791
795409822.635791
795542447.262017
795542447.262017
795266992.438452
795521172.016028
795521172.016028
795521172.016028
795521172.016028
795521172.016028
795111216.636244
795111216.636244
795111216.636244
795111216.636244
795111216.636244
795111216.636244
795111216.636244
795111216.636244
795111216.636244
795251640.217647
795251640.217647
795394638.869992
795394638.869992
795394638.869992
794871707.551248
794817380.333723
795077985.9021
795178992.437984
795495231.840403
795495231.840403
795403746.378783
795165881.679707
794670928.592473
794670928.592473
794602853.18046
794602853.18046
794602853.18046
794825152.824035
795209081.972192
795209081.972192
795209081.972192
795209081.972192
795209081.972192
795209081.972192
794691067.165604
795213970.89661
795213970.89661
795202479.347569
795202479.347569
795202479.347569
795385779.514077
795385779.514077
795385779.514077
795385779.514077
795385779.514077
795560293.775294
795560293.775294
795259212.440329
794941449.54963
794941449.54963
794941449.54963
794941449.54963
795125199.903999
795125199.903999
795442794.976542
795442794.976542
795442794.976542
795442794.976542
795442794.976542
795599682.008467
795599682.008467
795599682.008467
795599682.008467
795599682.008467
795599682.008467
795511390.048742
795511390.048742
795614759.350025
795337611.591025
795337611.591025
795095693.905246
795095693.905246
795180664.219676
795191569.041736
795191569.041736
795191569.041736
795251742.977177
795251742.977177
795251742.977177
795251742.977177
794844520.544111
794844520.544111
795251309.854812
795251309.854812
795011983.338678
795011983.338678
795011983.338678
795011983.338678
795011983.338678
795011983.338678
795011983.338678
795011983.338678
795002053.381264
795002053.381264
795002053.381264
795002053.381264
794615074.028842
795018050.8801
795116653.325306
795116653.325306
795116653.325306
795116653.325306
795116653.325306
794770114.476374
794800607.561377
795268188.80218
795268188.80218
795314435.925052
795230498.261822
795230498.261822
795230498.261822
795464458.126197
795464458.126197
795464458.126197
795624297.39135
795624297.39135
795268055.379117
795268055.379117
795268055.379117
795268055.379117
795268055.379117
795036919.241296
795004257.444951
795004257.444951
795004257.444951
795004257.444951
795018534.316213
795018534.316213
794517285.294799
794517285.294799
794844444.009135
794844444.009135
795049521.727189
795049521.727189
795049521.727189
795049521.727189
795049521.727189
795049521.727189
795049521.727189
794545368.116381
794545368.116381
794545368.116381
795066284.107463
795066284.107463
795066284.107463
794627542.673622
794627542.673622
794627542.673622
795137577.337389
795137577.337389
795142705.176699
795152163.834316
795151678.253103
795151678.253103
795151678.253103
794898370.428086
794898370.428086
794898370.428086
794898370.428086
795540065.029558
795540065.029558
795540065.029558
795540065.029558
795540065.029558
795540065.029558
795540065.029558
795534739.948943
795225259.233648
795225259.233648
795225259.233648
795478014.961804
795478014.961804
795478014.961804
795478014.961804
795478014.961804
795478014.961804
795478014.961804
795478014.961804
795716401.306581
795716401.306581
795275169.4016
795140615.125327
796094123.537742
795472176.463338
795466988.971065
795466988.971065
795514592.472395
795514592.472395
795504914.076223
795504914.076223
795612630.493335
795488072.678358
795836460.638774
795229620.062962
795319510.075017
795003592.952357
795003592.952357
795003592.952357
795003592.952357
794903079.680488
795371287.063902
795371287.063902
795775996.889886
795775996.889886
795775996.889886
795210032.878204
795210032.878204
795210032.878204
795210032.878204
795210032.878204
795434834.434383
795131745.126179
795683332.273653
795683332.273653
795683332.273653
795901004.527913
795901004.527913
795901004.527913
795859823.375752
794907883.150751
794950762.620232
795330175.745827
795448455.200008
795448455.200008
795448455.200008
795448455.200008
795184288.488948
795184288.488948
795184288.488948
795184288.488948
795184288.488948
795184288.488948
795184288.488948
795184288.488948
795184288.488948
795184288.488948
795080013.693359
794824194.186691
794824194.186691
795237743.175067
795237743.175067
795375488.910757
795134939.352881
795248599.117997
795248599.117997
795248599.117997
795248599.117997
795248599.117997
795248599.117997
795248599.117997
795272916.32531
795272916.32531
795272916.32531
795263979.908848
794926042.246
794926042.246
794926042.246
794926042.246
794897236.544536
794897236.544536
794897236.544536
794897236.544536
794897236.544536
794897236.544536
794897236.544536
794897236.544536
795356731.277893
795356731.277893
795154470.046764
795154470.046764
795154470.046764
795746252.689639
795746252.689639
795746252.689639
795746252.689639
795687696.51877
795687696.51877
795285320.717913
795188752.434075
795261748.723731
795261748.723731
795261748.723731
795306446.383186
795306446.383186
795306446.383186
795537845.808193
795519082.906638
795519082.906638
795451544.615615
795275289.065581
795358704.145102
795358704.145102
795358704.145102
795358704.145102
795358704.145102
795358704.145102
794942378.469391
794942378.469391
794942378.469391
794942378.469391
794942378.469391
794942378.469391
795169262.129884
795169262.129884
795223293.622803
795223293.622803
795223293.622803
795223293.622803
795223293.622803
795331823.062356
795582123.728991
795582123.728991
795484537.063269
795484537.063269
795484537.063269
795122655.967075
795288687.698896
795158566.981229
795158566.981229
794987271.453722
794987271.453722
794826969.247306
794826969.247306
794826969.247306
794826969.247306
794826969.247306
794974973.730971
794974973.730971
795283594.355643
795235545.779577
795235545.779577
795255382.445586
795255382.445586
795557535.903229
795557535.903229
795411807.43051
795392263.340222
795392263.340222
794996109.796017
795089266.112535
795089266.112535
795089266.112535
795246333.316497
795370624.3219
795370624.3219
795370624.3219
795370624.3219
794926322.784926
794892480.220466
794892480.220466
795386126.547079
794586043.531995
794586043.531995
794586043.531995
794758489.652932
795031660.415127
794784322.883134
795518081.287788
795863741.68867
795863741.68867
795863741.68867
795858358.826693
795858358.826693
795802825.511624
795478711.679497
795421829.161904
795421829.161904
794760041.19018
795042957.072953
795678788.300801
795039763.057969
795369633.240237
795574455.291744
795574455.291744
795166658.51878
795166658.51878
795274364.371991
795274364.371991
795810887.370396
795546026.671467
795546026.671467
795546026.671467
795546026.671467
795552537.326536
795552537.326536
795552537.326536
795552537.326536
795552537.326536
795497682.049962
794951386.270722
794951386.270722
794696370.033996
794732217.190768
794732217.190768
794732217.190768
794732217.190768
794732217.190768
794732217.190768
794732217.190768
794732217.190768
794732217.190768
794732217.190768
794732217.190768
794739602.959476
794567843.929667
794567843.929667
795261957.896251
795261957.896251
795261957.896251
795397260.28507
795397260.28507
795397260.28507
795397260.28507
795397260.28507
795601422.047267
795601422.047267
794934999.115925
795049830.376619
795049830.376619
795049830.376619
795049830.376619
794575035.901761
794632322.597482
794559648.604355
794559648.604355
794559648.604355
794559648.604355
795452186.747516
795452186.747516
795452186.747516
795452186.747516
795452186.747516
795397627.786064
795397627.786064
795397627.786064
795397627.786064
795397627.786064
795397627.786064
795243099.189202
795243099.189202
794835986.75184
794835986.75184
795016164.784153
795056144.008643
795056144.008643
795056144.008643
795248352.750317
794943457.030865
794943457.030865
794943457.030865
794943457.030865
794943457.030865
794943457.030865
794943457.030865
795290367.786581
795290367.786581
795290367.786581
795290367.786581
795290367.786581
795284005.821532
795178493.362965
795178493.362965
795178493.362965
795014451.465315
795014451.465315
795206902.65588
795206902.65588
795206902.65588
795829466.592718
795519817.744009
795519817.744009
795519817.744009
795519817.744009
795509041.60954
795509041.60954
795561115.155193
795561115.155193
795561115.155193
795136531.21851
794994201.24701
795284635.161207
795284635.161207
795309085.242901
794805448.679605
795277106.577945
795277106.577945
795277106.577945
795277106.577945
795277106.577945
795277106.577945
794794210.389708
794881300.94601
794881300.94601
795470668.793076
794894685.34349
794894685.34349
794980184.359053
795043387.995669
795043387.995669
795058501.625504
794830231.566157
794830231.566157
794910412.823211
794910412.823211
795548526.084981
795548526.084981
795548526.084981
795265527.860235
794843897.185676
794843897.185676
794843897.185676
794843897.185676
794866218.479703
794983685.777519
794983685.777519
794855007.509111
794855007.509111
794855007.509111
795555641.604551
795471096.270137
795471096.270137
795471096.270137
795153930.409287
795153930.409287
795153930.409287
795153930.409287
795344792.00922
795344792.00922
795344792.00922
795254423.253056
795254423.253056
795254423.253056
795254423.253056
795465410.238583
795361474.659979
795361474.659979
795361474.659979
795361474.659979
794889641.378633
794889641.378633
794889641.378633
794889641.378633
794781799.285239
795232516.553035
795234974.324454
795406438.725437
795224706.85283
795224706.85283
795224706.85283
795224706.85283
795224706.85283
794998928.194828
794998928.194828
794998928.194828
794998928.194828
794998928.194828
794998928.194828
795180036.010561
794786455.730831
794831106.232076
794831106.232076
794830554.002886
795058617.436997
795001978.751043
795001978.751043
795001978.751043
795001978.751043
795001978.751043
795001978.751043
795001978.751043
795001978.751043
795264246.413329
795264246.413329
795205773.048004
795079244.200767
795079244.200767
794854591.908936
794900520.20865
795418522.838926
795256681.146379
795171533.597978
795171533.597978
795171533.597978
795171533.597978
795171533.597978
795503136.324121
795736423.618531
795736423.618531
795736423.618531
795483680.071086
795483680.071086
795462276.649464
795462276.649464
795462276.649464
795462276.649464
795462276.649464
795288325.370954
795288325.370954
795288325.370954
795153528.131371
795153528.131371
795153528.131371
795153528.131371
795153528.131371
795139148.355041
795325467.935627
795325467.935627
795334048.319947
795334048.319947
795334048.319947
794839228.717127
794839228.717127
795246928.744942
795246928.744942
795246928.744942
795246928.744942
795246928.744942
795124797.735359
795124797.735359
795249358.829856
795249358.829856
795249358.829856
795650804.959962
795650804.959962
795418761.223641
795033889.032678
795033889.032678
795033889.032678
795033889.032678
795033889.032678
795033889.032678
795033889.032678
795033889.032678
795426057.267218
795426057.267218
795426057.267218
795426057.267218
795426057.267218
795426057.267218
795426057.267218
795426057.267218
795216024.224384
795216024.224384
795216024.224384
795216024.224384
795216024.224384
795216024.224384
795403583.529994
795403583.529994
795403583.529994
795589276.749931
795489686.386827
795489686.386827
795544754.623622
795342839.808036
795342839.808036
795342839.808036
795307506.75021
795385986.088044
795385986.088044
795385986.088044
795385986.088044
795385986.088044
795385986.088044
795385986.088044
795385986.088044
795385986.088044
795385986.088044
795385986.088044
795385986.088044
795385986.088044
795461808.622638
795461808.622638
795461808.622638
795461808.622638
795561631.670726
795436751.769057
795411523.018264
795411523.018264
795411523.018264
795411523.018264
795411523.018264
794827106.953926
795332373.588228
795332373.588228
795332373.588228
795332373.588228
795594760.166128
795108428.191221
795263008.868445
795263008.868445
795263008.868445
795263008.868445
795263008.868445
795047909.114821
795047909.114821
795047909.114821
794920224.658621
794920224.658621
794920224.658621
795589147.530777
795589147.530777
795589147.530777
795589147.530777
794895064.852494
795053386.521948
794759455.245928
794998363.865179
794998363.865179
795093001.27028
795093001.27028
795093001.27028
795093001.27028
795665454.070505
795665454.070505
795211927.684477
795176589.261346
795216311.685861
795216311.685861
795216311.685861
795216311.685861
795216311.685861
795113915.296638
795113915.296638
795113915.296638
795113915.296638
795113915.296638
795113915.296638
795113915.296638
795113915.296638
795113915.296638
795500499.992045
795500499.992045
795491955.992053
795491955.992053
795491955.992053
795008149.616349
795055930.255554
794967844.3079
794967844.3079
795004576.403234
795004576.403234
795004576.403234
795304762.689649
795142148.846898
795220198.323038
795220198.323038
795220198.323038
795220198.323038
795220198.323038
795213188.638397
795213188.638397
795213188.638397
795213188.638397
795308395.873654
795308395.873654
795308395.873654
795308395.873654
795308395.873654
795308395.873654
795308395.873654
796024947.554067
795160260.799496
795160260.799496
795160260.799496
795306826.276961
795306826.276961
795094474.418799
795094474.418799
795094474.418799
795094474.418799
795094474.418799
795094474.418799
795094474.418799
795094474.418799
795094474.418799
794703535.313764
794703535.313764
794703535.313764
794703535.313764
794703535.313764
794703535.313764
794703535.313764
794828713.264089
794828713.264089
794828713.264089
794899221.787129
795241275.233514
795241275.233514
795547769.598842
795547769.598842
795547769.598842
795061659.704432
795488509.49685
795488509.49685
795488509.49685
794437079.667045
794300572.0466
794328301.661852
794328301.661852
794328301.661852
794875043.826982
794688675.084772
794986691.3017
795203551.059406
795203551.059406
795203551.059406
795203551.059406
795203551.059406
795203551.059406
795203551.059406
795203551.059406
795367180.090993
795367180.090993
795367180.090993
795367180.090993
795367180.090993
795460941.036124
795460941.036124
795255058.01093
795255058.01093
795255058.01093
795878583.507486
795199549.915328
795199549.915328
795199549.915328
795199549.915328
795199549.915328
795199549.915328
795199549.915328
795199549.915328
795199549.915328
795189353.031773
795189353.031773
794818515.900479
794818515.900479
795226573.578833
795226573.578833
795226573.578833
795226573.578833
795226573.578833
795226573.578833
794849217.110836
794849217.110836
794849217.110836
795199999.790769
795199999.790769
795199999.790769
795199999.790769
795199999.790769
795199999.790769
795199999.790769
795199999.790769
795199999.790769
795199999.790769
795199999.790769
795489177.525058
795593010.952613
795593010.952613
795436704.581843
795436704.581843
795436704.581843
795436704.581843
795436704.581843
795436704.581843
795436704.581843
795436704.581843
795436704.581843
795354358.6372
795806895.738227
795806895.738227
795806895.738227
795820746.091908
795820746.091908
795820746.091908
795820746.091908
795820746.091908
795820746.091908
795894173.886027
795894173.886027
795894173.886027
795348343.568852
795584964.02726
795584964.02726
795584964.02726
795584964.02726
795259668.070215
795192835.350793
794835115.125861
794902036.188369
794902036.188369
794902036.188369
794902036.188369
794902036.188369
794902036.188369
794902036.188369
794902036.188369
795134462.531257
794831571.725798
794831571.725798
795050544.710538
795050544.710538
794913469.087234
794913469.087234
794913469.087234
794913469.087234
794865151.447524
794825821.838454
794727218.508922
794727218.508922
794727218.508922
794727218.508922
795518823.732482
795013472.535547
795013472.535547
795013472.535547
795013472.535547
795013472.535547
795688265.707324
795688265.707324
795688265.707324
795688265.707324
795688265.707324
795688265.707324
795688265.707324
794984531.355672
794886986.279755
794886986.279755
794886986.279755
794886986.279755
794886986.279755
794886986.279755
794886986.279755
794877966.136111
794877966.136111
795359370.192928
795359370.192928
795070533.062866
795070533.062866
795618232.788813
795750041.488574
795768745.922302
795768745.922302
795768745.922302
795712831.350763
795712831.350763
795712831.350763
795712831.350763
795051100.903946
795051100.903946
795051100.903946
795051100.903946
795051100.903946
795051100.903946
795051100.903946
794878201.86106
795610552.783773
795610552.783773
795610552.783773
795604008.483274
795604008.483274
795192837.446899
795175457.227922
795043659.221496
795043659.221496
795043659.221496
795063739.019527
795063739.019527
794970247.783003
795523693.468292
795383591.916334
795183862.190045
795676817.116691
795676817.116691
795676817.116691
795676817.116691
795676817.116691
795137910.657408
794945675.488543
794945675.488543
795255989.172117
795255989.172117
795255989.172117
795255989.172117
795650632.348932
795650632.348932
795402148.796207
795402148.796207
795402148.796207
795402148.796207
795934928.948672
795148652.006629
795148652.006629
795465745.319769
795084595.220191
795084595.220191
795084595.220191
795084595.220191
795084595.220191
795084595.220191
795084595.220191
794987689.287676
795288544.491902
795288544.491902
795288544.491902
794885784.015012
794981496.84151
794981496.84151
794981496.84151
794981496.84151
794981496.84151
795379891.11491
795379891.11491
795379891.11491
795054771.252159
794886702.138702
794886702.138702
794808859.430114
795155782.05328
795155782.05328
795155782.05328
794925373.602347
794925373.602347
794925373.602347
794925373.602347
794925373.602347
795464910.843279
795499888.129377
795499888.129377
795689635.237075
795689635.237075
795635488.476106
795472631.62078
795132705.394423
795132705.394423
795132705.394423
795132705.394423
795354073.758987
795354073.758987
795354073.758987
795354073.758987
795354073.758987
795354073.758987
795354073.758987
795364717.28955
795364717.28955
794980144.422999
794980144.422999
794933969.390108
794933969.390108
794933969.390108
794933969.390108
794986238.690405
794986238.690405
794986238.690405
794986238.690405
795432186.005568
795432186.005568
795432186.005568
795432186.005568
795500276.403888
795500276.403888
795500276.403888
795500276.403888
795500276.403888
795274699.315524
795274699.315524
795274699.315524
795568135.168012
795185666.25113
795185666.25113
795080354.65073
795080354.65073
795080354.65073
795158524.904381
795022810.223554
795022810.223554
795022810.223554
795022810.223554
795022810.223554
795022810.223554
795022810.223554
795027856.267009
795027856.267009
795027856.267009
795027856.267009
795325588.118176
795465423.122801
795465423.122801
795465423.122801
795465423.122801
795465423.122801
795465423.122801
795465423.122801
795465423.122801
795465423.122801
795465423.122801
795620360.009558
795620360.009558
795620360.009558
795620360.009558
795620360.009558
795620360.009558
795620360.009558
795620360.009558
795620360.009558
795620360.009558
795620360.009558
795339007.463186
795041298.526092
795041298.526092
795041298.526092
794871873.530629
795082876.584795
795082876.584795
795082876.584795
795015085.902419
795253743.007405
795253743.007405
795077630.674374
795077630.674374
795077630.674374
795388192.416582
795388192.416582
794837885.551743
794837885.551743
795157369.946455
795945533.41442
795029880.18744
795029880.18744
795029880.18744
795077423.916021
795077423.916021
794825544.867782
795315707.533535
795315707.533535
795126764.433034
795228865.446019
795228865.446019
795228865.446019
795228865.446019
795228865.446019
795899356.943493
795359545.28233
795359545.28233
795028467.742005
795028467.742005
795028467.742005
795039299.441598
795039299.441598
795039299.441598
794524749.444991
794784325.130952
794948261.508978
794948261.508978
795702209.030905
795702209.030905
795702209.030905
795702209.030905
795780076.188525
795581127.804895
795581127.804895
795507487.999446
795507487.999446
795507487.999446
794845813.89123
795342119.611157
795342119.611157
795342119.611157
795342119.611157
795342119.611157
795342119.611157
795477276.000255
795477276.000255
795340891.05949
795340891.05949
795340891.05949
795340891.05949
795340891.05949
794968805.989959
794968805.989959
794532316.326077
794532316.326077
794496532.503232
794496532.503232
795243549.14911
795243549.14911
795243549.14911
795262169.548703
795262169.548703
795262169.548703
794334024.348687
794885953.068408
794885953.068408
794885953.068408
794885953.068408
795039007.127743
795039007.127743
795039007.127743
795089151.041245
795187962.986463
795187962.986463
794967679.675057
794967679.675057
794967679.675057
794967679.675057
794967679.675057
795045541.797629
795045541.797629
795045541.797629
795034835.78228
795034835.78228
795034835.78228
795342704.525797
795342704.525797
795342704.525797
795378591.372076
795378591.372076
795378591.372076
795320761.720859
795320761.720859
795320761.720859
795320761.720859
794769714.179537
795364762.00593
795364762.00593
795364762.00593
795016724.468364
795016724.468364
795325379.40935
795325379.40935
795223912.441042
795223912.441042
795223912.441042
795223912.441042
795223912.441042
795223912.441042
795330026.370719
795061806.138382
795086304.109647
795086304.109647
795086304.109647
795086304.109647
795241029.839128
795241029.839128
795592886.760951
795592886.760951
795389997.52759
795389997.52759
795389997.52759
795178123.655159
795203490.706862
795366389.903715
795366389.903715
795028315.883872
795503211.057765
795328628.009974
795328628.009974
795190970.530121
795190970.530121
795190970.530121
795190970.530121
795190970.530121
795173101.854378
795173101.854378
795283948.008961
795283948.008961
795283948.008961
795283948.008961
795283948.008961
795283948.008961
795283948.008961
794788896.035759
794788896.035759
794881947.815563
795304067.90292
795259780.842731
795259780.842731
795259780.842731
795071895.348521
795071895.348521
795233114.937965
795233114.937965
795233114.937965
795233114.937965
795233114.937965
795162349.499377
795162349.499377
795122639.872766
795122639.872766
795122639.872766
795122639.872766
795122639.872766
795219862.545621
795219862.545621
795219862.545621
794753238.626846
794753238.626846
794753238.626846
794753238.626846
794703825.31117
794798137.066393
794798137.066393
794798137.066393
794979502.457954
794979502.457954
794979502.457954
795315235.760187
795315235.760187
795658851.80812
795658851.80812
795371840.309868
795224843.707528
795123680.789993
795384926.884858
795384926.884858
795384926.884858
795384926.884858
795384926.884858
795384926.884858
795340827.002843
795226553.558329
795226553.558329
795226553.558329
795393866.163874
795393866.163874
795393866.163874
795393866.163874
794555646.672133
794921959.63389
794999096.971084
794999096.971084
795234007.066388
795084299.898416
795084299.898416
795246970.24132
795246970.24132
795246970.24132
795246970.24132
795568476.550969
795124243.698617
795124243.698617
795124243.698617
795124243.698617
795127432.917307
795127432.917307
795481090.158238
795481090.158238
795481090.158238
795481090.158238
795324012.686823
795324012.686823
795025508.965765
795025508.965765
795025508.965765
795025508.965765
795025508.965765
795025508.965765
795419803.053226
795442472.308109
795442472.308109
795442472.308109
795442472.308109
795543079.168634
795543079.168634
795360852.510748
795761044.692196
795761044.692196
795788517.283847
795609412.119915
795609412.119915
795370958.132652
795370958.132652
795370958.132652
795370958.132652
795084481.293535
795084481.293535
795084481.293535
795346128.018029
795346128.018029
795346128.018029
795346128.018029
795689833.471173
795689833.471173
795581604.118007
795581604.118007
795581604.118007
795583720.510897
795583720.510897
795098117.022399
795315899.355982
795315899.355982
795315899.355982
795315899.355982
795315899.355982
795315899.355982
795315899.355982
795315899.355982
794772419.103531
794772419.103531
794772419.103531
794771518.001251
794771518.001251
794771518.001251
794771518.001251
794767593.417213
794961248.245095
794961248.245095
795380468.504873
795380468.504873
795801119.187468
795338599.496989
795338599.496989
795338599.496989
795338599.496989
795205219.660513
794750269.966532
795156371.645286
795156371.645286
795156371.645286
795156371.645286
795156371.645286
795043734.709462
795092897.820716
795092897.820716
794984619.759023
794833530.829273
794920676.856346
794920676.856346
794920676.856346
794920676.856346
794920676.856346
795122100.998694
795122100.998694
795122100.998694
795122100.998694
795347677.366945
795347677.366945
795347677.366945
795232354.243528
795232354.243528
795232354.243528
795232354.243528
795696455.199789
795696455.199789
795696455.199789
795696455.199789
795696455.199789
795201166.405331
795201166.405331
795030745.163477
795030745.163477
795030745.163477
795156849.327843
795156849.327843
794433194.068577
794433194.068577
794433194.068577
794433194.068577
794433194.068577
794433194.068577
794433194.068577
794433194.068577
794884831.05531
794814412.343783
794814412.343783
794366412.016168
794409612.435295
794409612.435295
794409612.435295
794834730.295609
794834730.295609
795534698.841086
795044261.330519
795044261.330519
795044261.330519
795223081.537015
795461181.879835
795461181.879835
795461181.879835
795461181.879835
795461181.879835
795461181.879835
795461181.879835
795461181.879835
795461181.879835
795461181.879835
795149091.06647
795353138.43026
795353138.43026
795283037.474726
795742020.143603
795742020.143603
795742020.143603
795742020.143603
795742020.143603
795742020.143603
795742020.143603
795733209.239475
795733209.239475
795858079.298464
795858079.298464
795858079.298464
795393059.730686
795393059.730686
795020243.634989
795020243.634989
795020243.634989
795020243.634989
795092761.411306
795092761.411306
795092761.411306
795092761.411306
795092761.411306
794829233.140501
794829233.140501
794829233.140501
794829233.140501
795451771.342968
795398566.488783
794988391.110896
794988391.110896
795406865.808139
795450506.692062
795450506.692062
795450506.692062
795450506.692062
795450506.692062
795450506.692062
795450506.692062
795450506.692062
795350271.408686
795322812.07196
795322812.07196
795476122.578656
795485505.361375
794996471.460395
794996471.460395
795001594.339759
795001594.339759
795397464.070931
795397464.070931
795397464.070931
795393894.885962
795420614.175784
795328926.396615
795328926.396615
795328926.396615
795567613.719642
795567613.719642
795567613.719642
795567613.719642
795567613.719642
795567613.719642
795567613.719642
795567613.719642
795540727.418448
795283184.66408
795411284.62989
795411284.62989
795411284.62989
795411284.62989
795264424.938231
795182146.758893
795182146.758893
795182146.758893
795182146.758893
795437170.002488
795191376.364604
795123633.701897
795123633.701897
794985761.341297
794985761.341297
795083801.483965
794961788.437369
794961788.437369
795180743.714536
795180743.714536
795180743.714536
795449881.96741
795449881.96741
795449881.96741
795449881.96741
794978294.871413
794978294.871413
794934824.445531
795251165.786301
795236065.908749
795210589.39246
795210589.39246
794681571.353408
794633090.019362
794617954.264086
795097091.210545
795097091.210545
794995028.369937
794995028.369937
794995028.369937
795212717.121762
795010107.727961
795139751.272402
794908011.747107
795464905.152899
795238424.544462
795238424.544462
795307935.840885
795307935.840885
795307935.840885
795029615.350832
795029615.350832
795029615.350832
795029615.350832
795029615.350832
795029615.350832
795029615.350832
794697963.785615
794697963.785615
794754418.076057
794754418.076057
794654136.482385
794654136.482385
794620773.80882
794696193.626492
794696193.626492
794696193.626492
794840386.728597
794840386.728597
794874496.087598
794874496.087598
795659464.529668
795607987.381738
795607987.381738
795556394.845865
795556394.845865
795556394.845865
795951517.983507
795951517.983507
795720363.249331
795720363.249331
795720363.249331
795720363.249331
795720363.249331
795720363.249331
795164613.152167
795037465.39691
795702785.443951
795910301.705563
795910301.705563
795910301.705563
795382905.560753
795019814.538562
794963945.113171
795110987.039472
795110987.039472
794935801.003965
794994320.440519
794994320.440519
794994320.440519
795067798.261605
795067798.261605
795067798.261605
795067798.261605
795067798.261605
795435414.420841
795481117.055845
795481117.055845
795481117.055845
795481117.055845
794842595.819872
794842595.819872
794842595.819872
794842595.819872
795062161.230626
795155654.285445
795155654.285445
795338592.625835
795338592.625835
795338592.625835
795276181.322413
795276181.322413
795276181.322413
795276181.322413
795148543.769849
795148543.769849
795148543.769849
795148543.769849
795185982.245587
795185982.245587
795185982.245587
795185982.245587
795429061.755086
795429061.755086
795429061.755086
795578800.313974
795578800.313974
795669614.253217
795669614.253217
795581939.675883
795542626.727792
795542626.727792
795542626.727792
795542626.727792
795542626.727792
795242057.866938
795242057.866938
795242057.866938
795242057.866938
794963135.027775
794963135.027775
794988976.627899
794988976.627899
794988976.627899
794988976.627899
794988976.627899
794988976.627899
794988976.627899
795197079.09439
795197079.09439
794823018.458726
794823018.458726
794823018.458726
794823018.458726
795181059.95018
795181059.95018
795847633.586719
795847633.586719
795847633.586719
795847633.586719
795847633.586719
795847633.586719
795890029.539043
795119950.317049
795567294.217646
795696762.028492
795696762.028492
795768367.582509
794938246.954194
795321836.778621
795321836.778621
795321836.778621
795321836.778621
795356837.978712
795683405.760254
795683405.760254
795683405.760254
795683405.760254
795683405.760254
795689194.673472
795689194.673472
795689194.673472
795697831.209074
795679750.090455
795469419.410235
795558526.020736
795101633.604094
795101633.604094
795101633.604094
795173755.872052
795173755.872052
795173755.872052
795216201.396348
795517234.682895
795517234.682895
795517234.682895
795517234.682895
795517234.682895
795517234.682895
795517234.682895
795517234.682895
795254612.311825
795254612.311825
795254612.311825
795254612.311825
795254612.311825
795254612.311825
795254612.311825
795287793.848823
795126090.246351
794897463.996778
794897463.996778
794897463.996778
795676239.445077
795676239.445077
795100486.850204
795100486.850204
795100486.850204
795100486.850204
795100486.850204
795100486.850204
795100486.850204
795332751.210676
795332751.210676
795332751.210676
795332751.210676
795309144.693449
795131778.923471
795131778.923471
795131778.923471
795275413.436301
795275413.436301
795340114.130681
795340114.130681
795340114.130681
794795278.70539
794795278.70539
794795278.70539
794795278.70539
794795278.70539
794759988.953628
794954823.877101
794954823.877101
794954823.877101
794954823.877101
795166195.449575
795166195.449575
795513014.327635
795513014.327635
795513014.327635
795513014.327635
795513014.327635
795517933.791605
795685354.344225
795685354.344225
795188596.810049
795230111.933095
795230111.933095
795099870.461411
795330047.336727
795330047.336727
795330047.336727
795328701.968388
795328701.968388
794862665.830734
794657026.89665
794657026.89665
795230350.190124
795230350.190124
795230350.190124
795230350.190124
795230350.190124
795230350.190124
794953660.425094
794656941.978732
795168446.570685
795467163.135588
795467163.135588
795467163.135588
795467163.135588
795467163.135588
795467163.135588
795467163.135588
795177893.620455
795177893.620455
795177893.620455
795177893.620455
795177893.620455
795177893.620455
795177893.620455
795177893.620455
795177893.620455
795151497.782652
795151497.782652
795151497.782652
795151497.782652
794906741.094473
794906741.094473
794906741.094473
794906741.094473
794906741.094473
794906741.094473
794906741.094473
794906741.094473
795291751.477334
795291751.477334
795291751.477334
795291751.477334
795291751.477334
795291751.477334
794877797.631234
795039291.457066
795077069.196266
795077069.196266
795195432.451164
795195432.451164
795195432.451164
795195432.451164
794941421.178836
795049789.088385
795205968.096885
795230757.800799
795371194.120507
795503323.600978
795269634.026653
794982875.245619
794982875.245619
794982875.245619
795177440.665167
795177440.665167
795177440.665167
795177440.665167
795717937.624686
795739189.288845
795739189.288845
795739189.288845
795739189.288845
795778603.253982
795778603.253982
794929762.886086
794915138.265312
795603491.914304
795484183.219464
795484183.219464
795484183.219464
795004083.97909
794851997.349239
794851997.349239
794851997.349239
794851997.349239
794927953.302088
794842405.548832
794539023.950454
794539023.950454
794539023.950454
794858396.271925
794858396.271925
794858396.271925
795083545.73676
795083545.73676
794752877.772685
794980031.514593
794980031.514593
795055798.354014
795055798.354014
795055798.354014
795499917.609064
795499917.609064
795499917.609064
795499917.609064
795499917.609064
795499917.609064
795426629.40821
795426629.40821
795095989.339968
795221323.509438
795221323.509438
795221323.509438
795221323.509438
795318007.668749
795318007.668749
795318007.668749
795228721.757812
795228721.757812
795228721.757812
795228721.757812
795831995.604843
795831995.604843
795831995.604843
795800420.221082
795203342.853348
795203342.853348
795203342.853348
795374460.415787
795374460.415787
795453895.527008
795453895.527008
795487201.923614
795487201.923614
795487201.923614
795369475.840776
795369475.840776
795212497.491269
795212497.491269
795157475.53433
795157475.53433
795157475.53433
795157475.53433
795157475.53433
795157475.53433
794667127.878381
794824115.159277
794824115.159277
794824115.159277
794824115.159277
794824115.159277
794824115.159277
794749667.180277
794749667.180277
794749667.180277
794749667.180277
795086895.136668
795307955.162157
795307955.162157
795307955.162157
795408483.437259
795408483.437259
795408483.437259
795159451.038421
794943748.023728
794943748.023728
794691246.353427
794691246.353427
795136155.245587
795136155.245587
795518150.15177
795518150.15177
795518150.15177
795556379.450864
795481325.97399
795481325.97399
794726785.160181
795225530.050008
795311142.990929
795490728.736476
795490728.736476
795490728.736476
795601042.068434
795559412.460806
795656681.476177
795154481.463637
795154481.463637
795154481.463637
795126277.35887
795593172.87581
795593172.87581
795593172.87581
794886774.042007
795532422.146014
795532422.146014
795532422.146014
795532422.146014
795256074.115696
794887573.834682
794887573.834682
794887573.834682
795159885.288585
795409639.458607
795409639.458607
795409639.458607
795107125.905205
794912209.245298
795173637.398533
795536836.788933
795536836.788933
794985730.342991
794964710.201251
795210312.117261
795210312.117261
795210312.117261
794858588.17797
794766465.996602
794766465.996602
794766465.996602
794790204.015708
794790204.015708
794790204.015708
794790204.015708
795059082.230335
795059082.230335
794887256.812864
794887256.812864
794887256.812864
794887256.812864
794887256.812864
794887256.812864
795288742.993649
795480750.935679
795480750.935679
795480750.935679
795683338.256787
795275779.354264
795108699.273534
795452845.212978
795452845.212978
795452845.212978
795452845.212978
795559674.834099
794877767.471815
795535011.182938
795535011.182938
795076100.609689
795210807.577118
795210807.577118
795210807.577118
795210807.577118
795210807.577118
795210807.577118
794433922.761755
794729362.143227
794729362.143227
794729362.143227
794729362.143227
794729362.143227
794729362.143227
794882065.799057
794903065.967418
794903065.967418
795049265.663234
795049265.663234
795049265.663234
795049265.663234
795049265.663234
795049265.663234
795049265.663234
794877034.756624
794877034.756624
794877034.756624
794848116.776363
795216097.610647
794718066.003876
794718066.003876
794718066.003876
794889437.229367
794889437.229367
794889437.229367
794889437.229367
794929882.144736
795259513.447246
795259513.447246
795259513.447246
795259513.447246
795259513.447246
795259513.447246
795259513.447246
795259513.447246
795259513.447246
795259513.447246
795259513.447246
795259513.447246
795259513.447246
794962378.240123
794962378.240123
794962378.240123
794962378.240123
795272874.825184
795272874.825184
795546825.202516
795546825.202516
795068454.895597
795068454.895597
795068454.895597
795393561.448463
795393561.448463
795314133.454675
795197618.214034
795069658.086238
795069658.086238
795069658.086238
795069658.086238
794891593.999371
794891593.999371
795050621.03927
795050621.03927
795258031.46998
795258031.46998
795258031.46998
795258031.46998
795258031.46998
795135801.467618
795255900.181076
795255900.181076
795255900.181076
795255900.181076
795047607.0506
795248679.658415
795558834.546602
795558834.546602
794771298.022638
794771298.022638
794771298.022638
794753151.343393
794984330.549987
794984330.549987
795247529.006579
795247529.006579
795247529.006579
795247529.006579
795247529.006579
795453431.792254
795453431.792254
795453431.792254
795390626.36114
795390626.36114
795046072.305217
795651583.245441
795651583.245441
795651583.245441
795651583.245441
795651583.245441
795703415.523214
795703415.523214
795703415.523214
795703415.523214
795835203.627637
795835203.627637
795835203.627637
795835203.627637
795853362.06231
795853362.06231
795668189.246525
795668189.246525
795358773.392072
794677892.996207
794677892.996207
795185465.069181
795019983.080905
795019983.080905
795019983.080905
795019983.080905
795019983.080905
795019983.080905
795019983.080905
795019983.080905
795191972.487108
795191972.487108
795191972.487108
794722864.548967
794662912.841777
794897124.869833
794841366.60221
794841366.60221
794841366.60221
794841366.60221
794841366.60221
794841366.60221
794841366.60221
794841366.60221
794841366.60221
794841366.60221
794841366.60221
794841366.60221
795647775.832851
795647775.832851
795647775.832851
795647775.832851
795647775.832851
795647775.832851
795085198.34396
795049979.105579
795049979.105579
795049979.105579
795049979.105579
795159090.936585
795452984.386801
795452984.386801
795452984.386801
794664749.127267
795045102.750364
795045102.750364
794853907.234866
794853907.234866
794853907.234866
794638519.845618
794638519.845618
794638519.845618
794638519.845618
794638519.845618
794638519.845618
794638519.845618
795168025.704329
795168025.704329
795753738.032102
795753738.032102
795753738.032102
795753738.032102
795121545.071301
795121545.071301
795121545.071301
795121545.071301
795018109.774997
795018109.774997
795225102.108878
795225102.108878
795307116.474487
795307116.474487
795307116.474487
795363344.726051
795363344.726051
795447062.436949
795483808.356096
795483808.356096
795187337.518962
795187337.518962
794914552.012887
794914552.012887
794974732.847874
795576033.181294
795281650.730583
795281650.730583
795281650.730583
795281650.730583
795281650.730583
795281650.730583
795281650.730583
794921285.618829
794921285.618829
794921285.618829
794894072.029278
794894072.029278
794894072.029278
794894072.029278
794894072.029278
794894072.029278
794894072.029278
794894072.029278
795068585.773522
795508711.983632
795508711.983632
795687221.55674
795687221.55674
795706935.518739
795692478.967027
795318420.676718
795318420.676718
795069576.513877
795519953.852713
795519953.852713
795519953.852713
795519953.852713
795519953.852713
795519953.852713
795519953.852713
795519953.852713
795415172.102129
795446482.066195
795446482.066195
795568784.711563
795484433.692291
795484433.692291
795544652.888579
795544652.888579
795544652.888579
795544652.888579
795476998.611467
795682384.600634
795682384.600634
795682384.600634
795682384.600634
795682384.600634
795682384.600634
795976285.419714
795480267.632604
795480267.632604
795480267.632604
794952582.184223
794666348.843987
794666348.843987
794666348.843987
794666348.843987
794666348.843987
794725458.224929
794986626.468009
794986626.468009
794986626.468009
794986626.468009
794836638.421232
794836638.421232
794836638.421232
794836638.421232
794836638.421232
794668076.865608
794668076.865608
794885743.850495
794894784.093897
794894784.093897
794894784.093897
794894784.093897
794894784.093897
794894784.093897
794870289.970542
794870289.970542
794870289.970542
794870289.970542
795163129.254531
795163129.254531
795163129.254531
795163129.254531
795163129.254531
795054112.190123
795054112.190123
795054112.190123
794921395.056749
794854990.07894
795070596.211421
795484556.333457
795153398.843405
795153398.843405
795153398.843405
795153398.843405
795153398.843405
795153398.843405
795153398.843405
795153398.843405
795153398.843405
795229789.215072
795229789.215072
795341650.513843
795341650.513843
795209497.675583
795209497.675583
795209497.675583
795209497.675583
795209497.675583
795209497.675583
795414825.202757
795414825.202757
795414825.202757
795414825.202757
795420312.311426
794893818.03146
794893818.03146
795353027.052105
795321954.669529
795291155.06576
795294344.008764
795102444.810661
794893520.208991
795247686.981648
795523067.962816
795523067.962816
795523067.962816
795387774.204637
794922652.321942
794927552.521268
794927552.521268
794887890.617339
795275206.862159
795056548.435054
795056548.435054
795056548.435054
795056548.435054
795056548.435054
794830488.235096
794830488.235096
795055095.980905
795055095.980905
794772206.682556
794639422.202067
794639422.202067
794639422.202067
794860138.150103
794860138.150103
794718337.925934
794682885.286469
794643257.344738
794643257.344738
794655525.031516
795449332.407478
795449332.407478
795587693.02239
795240695.58434
795240695.58434
795240695.58434
795240695.58434
795240695.58434
795240695.58434
795240695.58434
795308930.765457
795377004.527192
795377004.527192
795079542.021564
795079542.021564
795079542.021564
795079542.021564
795079542.021564
795079542.021564
795443408.637081
795443408.637081
795173518.84436
795173518.84436
795628857.164288
795291854.110242
795291854.110242
795291854.110242
795291854.110242
795291854.110242
795291854.110242
795291854.110242
795632048.809274
795240537.104007
795240537.104007
795240537.104007
794656576.795081
794656576.795081
794656576.795081
794656576.795081
794656576.795081
794656576.795081
794656576.795081
795151721.58238
795151721.58238
795578323.521838
795231006.844391
795231006.844391
795231006.844391
795231006.844391
795231006.844391
795427241.26965
795498415.138485
795135158.893448
795135158.893448
795135158.893448
795135158.893448
794957219.828251
795004402.336283
794974057.323703
794895023.710433
794895023.710433
794895023.710433
795243432.026294
795243432.026294
795243432.026294
795243432.026294
795243432.026294
795243432.026294
795418358.148038
795038827.767501
795101909.897865
795076712.732995
795076712.732995
795076712.732995
795076712.732995
795076712.732995
795253964.479784
795253964.479784
795253964.479784
795253964.479784
795253964.479784
795009221.884313
795009221.884313
795010694.627429
795010694.627429
795010694.627429
795010694.627429
795150064.612489
795150064.612489
794994536.348143
794994536.348143
794994536.348143
794994536.348143
794994536.348143
794994536.348143
794994536.348143
794994536.348143
794994536.348143
794994536.348143
794994536.348143
794994536.348143
794994536.348143
795055491.896905
795055491.896905
795055491.896905
795227705.957754
795227705.957754
795227705.957754
794941293.65491
794941293.65491
794941293.65491
794941293.65491
794941293.65491
794941293.65491
794941293.65491
795055150.35093
795055150.35093
795219339.334542
795158558.206976
795158558.206976
795158558.206976
795158558.206976
795158558.206976
795158558.206976
795158558.206976
795268027.747737
795276563.280802
795276563.280802
795276563.280802
795276563.280802
795276563.280802
795276563.280802
795440354.341009
795440354.341009
795440354.341009
795709001.282352
795347396.655871
795347396.655871
795135226.107686
794998720.759634
794998720.759634
794998720.759634
794998720.759634
795262866.731666
795262866.731666
795262866.731666
795262866.731666
795262866.731666
795041040.429175
795041040.429175
795041040.429175
795041040.429175
795041040.429175
795041040.429175
795041040.429175
795045986.140892
795002137.691494
794645086.19941
794645086.19941
794695973.691894
794695973.691894
794955880.996031
794955880.996031
794955880.996031
795310743.683845
795310743.683845
795310743.683845
795312620.792542
795312620.792542
795697897.216735
795697897.216735
795530676.902757
795530676.902757
795530676.902757
795320810.184061
795320810.184061
795248525.808313
795248525.808313
795248525.808313
795248525.808313
795118543.570562
795118543.570562
795118543.570562
795118543.570562
795118543.570562
795118543.570562
795118543.570562
795118543.570562
795492517.240316
795492517.240316
795289728.501575
795480209.131806
795784921.340957
795307877.787533
795010009.463662
794873802.878919
795080391.976791
795080391.976791
795080391.976791
795080391.976791
795080391.976791
795080391.976791
795080391.976791
795080391.976791
795539434.473215
795223741.324462
795223741.324462
795223741.324462
795173085.636678
795173085.636678
795173085.636678
795173085.636678
795226157.142658
795105810.565534
795148540.876695
795148540.876695
795148540.876695
795015152.703284
795015152.703284
794925835.832025
794925835.832025
794925835.832025
794925835.832025
794925835.832025
795030967.482841
795030967.482841
795030967.482841
795030967.482841
795030967.482841
795030967.482841
795030967.482841
795030967.482841
795030967.482841
795030967.482841
795030967.482841
794870321.69254
794870321.69254
795363355.781785
795363355.781785
795363355.781785
795363355.781785
795063121.579968
795063121.579968
795063121.579968
795093657.606314
795093657.606314
795093657.606314
795093657.606314
795333597.68521
795333597.68521
795475820.074375
795475820.074375
795475820.074375
795256883.317843
795256883.317843
795256883.317843
795256883.317843
795256883.317843
795256883.317843
795256883.317843
795302606.417185
795302606.417185
795233409.714386
795233409.714386
795233409.714386
795233409.714386
795602322.318571
795602322.318571
795602322.318571
795602322.318571
795602322.318571
795602322.318571
795602322.318571
795602322.318571
795463350.68741
795463350.68741
795463350.68741
795289603.969033
795289603.969033
795289603.969033
794914805.199781
794914805.199781
794914805.199781
794914805.199781
794914805.199781
794914805.199781
794914805.199781
794914805.199781
795016376.489295
795235787.994557
795197480.080448
795197480.080448
795107927.959583
795107927.959583
795107927.959583
795107927.959583
795388308.689976
795287112.832878
795287112.832878
795287112.832878
795287112.832878
795219548.011722
795050779.423235
795050779.423235
795050779.423235
795050779.423235
795050779.423235
795050779.423235
795383966.527131
795383966.527131
795383966.527131
794952210.608181
794974294.121606
795132062.462133
795132062.462133
795241349.466173
795241349.466173
795241349.466173
795391320.498261
795520232.726174
795204581.927688
795674838.196375
795674838.196375
795340173.586164
795227014.071938
795479295.932467
795479295.932467
795479295.932467
795479295.932467
795479295.932467
795479295.932467
795479295.932467
795479295.932467
795355123.219957
795275141.085116
795144631.279224
795144631.279224
795328239.541835
795253546.764939
795253546.764939
795253546.764939
795253546.764939
795253546.764939
795253546.764939
794973626.681663
794973626.681663
794685577.190421
794542630.34594
794880182.681481
794880182.681481
795128366.60403
795128366.60403
795128366.60403
795128366.60403
795150076.194888
795150076.194888
795150076.194888
795150076.194888
794950399.093845
794872459.160418
794872459.160418
794872459.160418
794872459.160418
794872459.160418
795125349.699093
794844848.35834
794844848.35834
794844848.35834
794844848.35834
794844848.35834
794844848.35834
794993742.439409
794953736.051267
794953736.051267
795100499.643576
794423162.011601
795040388.279164
795040388.279164
795040388.279164
795040388.279164
795040388.279164
795317162.384476
795317162.384476
795317162.384476
795317162.384476
795317162.384476
795150349.061351
795933264.717218
795655277.831368
795655277.831368
795655277.831368
795343002.805835
795343002.805835
795232305.586394
795232305.586394
795232305.586394
795232305.586394
795232305.586394
795232305.586394
795232305.586394
795232305.586394
795232305.586394
795232305.586394
795232305.586394
795232305.586394
795495730.81445
795189540.496741
795189540.496741
795189540.496741
795189540.496741
795037278.262445
795037278.262445
795037278.262445
795037278.262445
795037278.262445
795037278.262445
795037278.262445
795037278.262445
795037278.262445
795037278.262445
795037278.262445
795037278.262445
795037278.262445
795037278.262445
795037278.262445
795354704.935653
795291246.533266
794998982.483263
794998982.483263
794998982.483263
794998982.483263
795399825.726297
795399825.726297
795159778.425438
794815653.286324
794835319.995412
794835319.995412
794835319.995412
794768805.032711
794844572.860079
794844572.860079
794844572.860079
794855788.088708
794855788.088708
794855788.088708
794855788.088708
794997693.937619
794997693.937619
794936332.13142
794936332.13142
794914583.824268
794914583.824268
794914583.824268
795019529.368808
795019529.368808
794907179.995871
794907179.995871
794782207.492417
794782207.492417
794782207.492417
794782207.492417
794782207.492417
794782207.492417
794946738.694055
794946738.694055
794946738.694055
794946738.694055
794946738.694055
794946738.694055
794946738.694055
794946738.694055
794946738.694055
794946738.694055
794914710.688271
794914710.688271
794914710.688271
795080837.463645
795080837.463645
795080837.463645
795080837.463645
795080837.463645
795398303.509703
795398303.509703
795398303.509703
795398303.509703
795398303.509703
795398303.509703
795398303.509703
795610670.083294
795531310.241187
795531310.241187
795416303.064065
795482670.24169
795482670.24169
795482670.24169
795167164.159813
795345095.174972
795345095.174972
795345095.174972
795135196.840562
795135196.840562
795135196.840562
795135196.840562
795135196.840562
795135196.840562
795135196.840562
795179905.089672
795179905.089672
795179905.089672
795352983.116982
795201420.786309
795201420.786309
794972200.051029
794972200.051029
794972200.051029
794999971.088978
794913448.117295
794913448.117295
794954560.260836
794954560.260836
795401097.735609
795401097.735609
795363980.163635
795363980.163635
795729623.178725
795421175.331494
795421175.331494
795441608.229243
795441608.229243
795025010.131381
795025010.131381
795025010.131381
795025010.131381
795025010.131381
795025010.131381
795025010.131381
795535905.390234
795463748.913456
795463748.913456
796034712.311428
796034712.311428
796034712.311428
796034712.311428
796034712.311428
795888666.259608
795888666.259608
795642145.853798
795573366.800071
795573366.800071
795573366.800071
795617611.203004
795617611.203004
795617611.203004
795617611.203004
795248007.661254
795248007.661254
795248007.661254
795369146.067033
795392804.041765
795392804.041765
795392804.041765
795321149.106457
795277126.011911
795277126.011911
795277126.011911
795556535.647719
795245435.282575
795245435.282575
795073159.958441
795073159.958441
794974193.028356
794974193.028356
794791933.699989
794745174.895906
794745174.895906
794811405.429906
794811405.429906
794811405.429906
794811405.429906
794811405.429906
794811405.429906
794811405.429906
795380726.477317
795380726.477317
795380726.477317
795380726.477317
795369274.639732
795369274.639732
795457000.696982
795457000.696982
795457000.696982
795457000.696982
795309121.091619
795287961.988198
795287961.988198
795361877.449697
795361877.449697
795361877.449697
795361877.449697
795361877.449697
795423717.766074
794963358.59814
795366368.03821
795366368.03821
795122029.959983
795122029.959983
795122029.959983
794701405.850438
794701405.850438
794868839.034673
795297591.846831
795297591.846831
795297591.846831
795297591.846831
795297591.846831
795191829.122854
795191829.122854
795191829.122854
795045545.727459
795326336.804412
795326336.804412
795326336.804412
795155047.684398
795386549.263778
795543023.885461
795543023.885461
795775702.433036
795775702.433036
795775702.433036
795576984.468174
795576984.468174
795576984.468174
795576984.468174
795576984.468174
795835553.197985
795691791.838992
795170760.487172
795170760.487172
795533199.425105
795518427.096603
795721997.167758
795721997.167758
795721997.167758
795721997.167758
795721997.167758
795458370.272505
795458370.272505
795458370.272505
795458370.272505
795458370.272505
795458370.272505
795458370.272505
795458370.272505
795458370.272505
795458370.272505
795338820.721035
794846488.805274
794819820.030473
795162369.046574
795310552.87148
795310552.87148
795310552.87148
795304701.891808
795304701.891808
795304701.891808
795884096.133956
795884096.133956
795344547.590124
795344547.590124
795344547.590124
795344547.590124
795344547.590124
795072158.149784
795072158.149784
795072158.149784
795072158.149784
795072158.149784
795091712.357122
794944396.359335
795496549.982618
794449905.327662
794711108.664827
794711108.664827
794711108.664827
795275061.339895
795197960.585252
795197960.585252
795197960.585252
795197960.585252
795197960.585252
794984056.529177
794995283.599382
794995283.599382
795071779.126273
795071779.126273
794978916.455413
794978916.455413
794978916.455413
795129377.649041
795129377.649041
794899274.939018
794744629.21007
794744629.21007
794920104.947287
795434287.549295
795434287.549295
795434287.549295
795434287.549295
795434287.549295
795434287.549295
795434287.549295
795434287.549295
795434287.549295
795434287.549295
795434287.549295
795434287.549295
795434287.549295
795434287.549295
795153837.378563
795153837.378563
794874303.172545
794874303.172545
794874303.172545
794874303.172545
794493543.202966
794858681.909395
794570700.772063
794570700.772063
794919829.920161
794919829.920161
794919829.920161
794919829.920161
794919829.920161
794919829.920161
794919829.920161
795361298.700245
795506051.5708
795106307.366856
794979310.261513
794979310.261513
794979310.261513
794979310.261513
794735689.790765
794735689.790765
794735689.790765
794735689.790765
794735689.790765
794735689.790765
794757055.232362
795249694.00553
795249694.00553
795170820.844242
795170820.844242
795146356.726041
795146356.726041
795146356.726041
795146356.726041
795146356.726041
795146356.726041
795146356.726041
795449535.702488
795389588.526543
795389588.526543
795019110.947749
795019110.947749
794856739.285448
794976194.510514
794976194.510514
794976194.510514
794976194.510514
794976194.510514
794976194.510514
794976194.510514
795007324.964579
795007324.964579
795007324.964579
795007324.964579
794859403.438793
794859403.438793
794859403.438793
794989241.520792
794989241.520792
794989241.520792
795013440.994674
795013440.994674
795106348.738136
795106348.738136
795644800.530715
795644800.530715
795185464.973323
795366712.83046
795366712.83046
795131449.931403
795216306.127548
795216306.127548
795401387.431283
795401387.431283
795401387.431283
795401387.431283
795056739.325334
795056739.325334
795056739.325334
795316496.198468
795316496.198468
795316496.198468
795316496.198468
795316496.198468
794895340.28083
795037076.752788
794986298.028161
794986298.028161
794986298.028161
794961127.848775
794961127.848775
794862366.894774
794862366.894774
794862366.894774
794903944.133787
794835782.101686
795230888.206184
795230888.206184
795149320.706822
795149320.706822
795149320.706822
795149320.706822
795149320.706822
795261982.251927
795261982.251927
795261982.251927
795148016.682276
794937158.536061
794937158.536061
795145698.448306
795145698.448306
795145698.448306
794810300.678279
794756490.791241
795314027.816365
795314027.816365
795314027.816365
795314027.816365
795314027.816365
795314027.816365
795314027.816365
795231546.179691
795231546.179691
795231546.179691
795231546.179691
795165857.168239
795165857.168239
795165857.168239
795430851.993629
795430851.993629
795166693.84315
794835986.571548
794835986.571548
794835986.571548
794835986.571548
794655128.166045
794879860.118825
794879860.118825
794879860.118825
794630589.229046
794630589.229046
794974284.666399
794974284.666399
794974284.666399
794997470.151046
794997470.151046
795274779.673195
795256988.249086
794759513.998258
794855734.614985
794550291.418041
794550291.418041
795241179.437491
795090719.010109
795029930.9256
795029930.9256
795029930.9256
795029930.9256
795029930.9256
795029930.9256
795397075.65766
794749689.459569
794749689.459569
794749689.459569
795312142.847799
795312142.847799
795312142.847799
795312142.847799
795312142.847799
795312142.847799
795263410.443226
795263410.443226
795263410.443226
795122047.417897
795122047.417897
795471358.420229
795052906.082789
795000453.883503
795000453.883503
795000453.883503
795085611.38011
795085611.38011
795085611.38011
795072765.633386
795072765.633386
795072765.633386
795231038.347373
795300133.33733
795300133.33733
794969635.99015
794969635.99015
794969635.99015
794969635.99015
794969635.99015
795078276.202932
795078276.202932
795078276.202932
795095413.239441
795095413.239441
794844076.407102
794844076.407102
794818224.211153
794818224.211153
795085133.738872
795085133.738872
795085133.738872
795354443.26509
795354443.26509
795354443.26509
795127194.080271
795340079.658752
795340079.658752
795340079.658752
795340079.658752
795340079.658752
795340079.658752
795340079.658752
795104709.255674
795104709.255674
795211780.850226
795109180.356879
795109180.356879
795109180.356879
795109180.356879
795109180.356879
795006755.003658
795006755.003658
795006755.003658
795006755.003658
795006755.003658
795006755.003658
795006755.003658
795807532.536755
795807532.536755
795752602.501276
795752602.501276
795373615.776859
795286580.780682
795286580.780682
795518357.811028
795518357.811028
795518357.811028
795565080.447528
795603192.800645
795603192.800645
795603192.800645
795603192.800645
795316002.159341
795316002.159341
795316002.159341
794898026.134126
794898026.134126
794898026.134126
794898026.134126
794898026.134126
795290775.595946
795164935.659048
795164935.659048
795010932.812663
794885243.658164
795120598.89817
795051721.740899
795051721.740899
795051721.740899
795051721.740899
795051721.740899
794916361.948792
794916361.948792
795357079.720881
794869175.906732
794869175.906732
794869175.906732
795270699.231735
795184845.508238
795184845.508238
795184845.508238
795184845.508238
795184845.508238
795184845.508238
795184845.508238
795184845.508238
795184845.508238
795184845.508238
795041040.033048
795041040.033048
795041040.033048
795447054.161019
795447054.161019
795447054.161019
795806062.345884
795195007.703459
795195007.703459
795195007.703459
795316056.621568
795316056.621568
795382659.20503
795382659.20503
795481438.535406
795481438.535406
795481438.535406
795481438.535406
795481438.535406
795465644.582154
795465644.582154
795367032.104555
795367032.104555
795367032.104555
795554298.148531
795019758.159313
795232457.485663
795374012.832418
795425459.713016
794563095.411057
794797683.593807
794797683.593807
795390366.02257
795390366.02257
795595617.2342
795595617.2342
795230345.767235
794956221.068395
795150511.673608
795150511.673608
795150511.673608
795229448.171296
795229448.171296
795229448.171296
795229448.171296
795229448.171296
794988775.117038
794988775.117038
795077050.099025
795077050.099025
795077050.099025
795077050.099025
795077050.099025
795077050.099025
795077050.099025
795077050.099025
795368854.69643
795368854.69643
795368854.69643
795368854.69643
794811747.760567
794788823.03521
794966258.896911
794966258.896911
794974618.194024
794974618.194024
794974618.194024
794974618.194024
795488650.34571
795488650.34571
795220422.470459
795220422.470459
795220422.470459
795543531.843787
795471600.540488
795471600.540488
795456365.261245
794915162.571252
794915162.571252
794923821.741794
794863773.633451
794747236.165423
794747236.165423
794747236.165423
794747236.165423
794857254.535453
795265539.644637
795265539.644637
795265539.644637
795176856.705548
794809646.152349
795125835.801347
795125835.801347
795125835.801347
795125835.801347
795207581.20559
795207581.20559
795206432.165993
795206432.165993
795206432.165993
795206432.165993
794944140.341826
794944140.341826
795123482.99565
795123482.99565
795123482.99565
795123482.99565
794889103.312169
795072351.08839
795072351.08839
795106404.68471
795106404.68471
795164544.611664
795164544.611664
795164544.611664
795164544.611664
795164544.611664
795516869.900424
795699573.061872
795399135.656899
795399135.656899
795119063.052062
795119063.052062
795119063.052062
795119063.052062
795119063.052062
795119063.052062
795119063.052062
795119063.052062
794810877.38053
794810877.38053
794810877.38053
795219879.184877
795765657.575649
795765657.575649
795765657.575649
795765657.575649
795563417.451219
795563417.451219
795345927.793126
795463106.622411
795186701.673787
795186701.673787
795186701.673787
795287028.823663
794909280.920667
794909280.920667
794909280.920667
795462891.78501
795462891.78501
795462891.78501
795981688.297996
795981688.297996
795962060.668167
795962060.668167
795962060.668167
795730600.2223
796044869.593029
796044869.593029
796044869.593029
795230713.920313
795509046.869062
795509046.869062
795509046.869062
795236254.954193
795116537.418277
795116537.418277
795035497.541141
795035497.541141
795035497.541141
795035497.541141
795239022.737256
795239022.737256
795239022.737256
795239022.737256
795239022.737256
795239022.737256
795239022.737256
795239022.737256
795239022.737256
795239022.737256
795239022.737256
795239022.737256
794831610.252958
794831610.252958
794485693.973855
794485693.973855
794485693.973855
794485693.973855
795060878.207135
795439836.227183
795439836.227183
795696069.178931
795696069.178931
794756377.126268
794875864.992781
794875864.992781
794875864.992781
795256674.15069
795256674.15069
795256674.15069
795256674.15069
795360782.809083
795360782.809083
795504368.072795
795526791.330319
795526791.330319
795430718.243616
795291129.091159
795291129.091159
795291129.091159
795291129.091159
795291129.091159
795255589.89148
795226521.691045
795226521.691045
795226521.691045
795314314.731604
795314314.731604
795314314.731604
795314314.731604
795314314.731604
795314314.731604
795314314.731604
795537264.735957
795537264.735957
795162059.215416
795162059.215416
795162059.215416
795398003.187851
795078396.528157
795078396.528157
795078396.528157
795078396.528157
795078396.528157
795078396.528157
795161566.200035
795161566.200035
795161566.200035
795477185.762093
795663353.130257
795663353.130257
795663353.130257
795382834.689138
795013236.966974
794927506.951663
795145499.838421
795448243.329894
795205408.850042
795159387.172885
795159387.172885
794978382.21071
794827013.4527
794827013.4527
795016207.625595
795016207.625595
795016207.625595
795016207.625595
795016207.625595
795016207.625595
795016207.625595
794932411.780248
794932411.780248
794932411.780248
794932411.780248
794932411.780248
794932411.780248
795105905.119821
795105905.119821
795105905.119821
795105905.119821
795275994.861383
795275994.861383
795275994.861383
795275994.861383
795275994.861383
795177322.573773
795177322.573773
795177322.573773
795177322.573773
795177322.573773
795177322.573773
795177322.573773
795327553.480317
795413417.373261
795413417.373261
795581340.16757
795680004.005746
795996748.603226
795996748.603226
795576224.099723
795576224.099723
795814362.400198
795814362.400198
795430794.926942
795430794.926942
795711133.774312
795711133.774312
795840615.566212
795970332.658434
795970332.658434
795393296.097903
795393296.097903
795393296.097903
795393296.097903
795129670.642511
795129670.642511
795129670.642511
795129670.642511
794935883.754244
794935883.754244
794935883.754244
794935883.754244
794935883.754244
794836565.263685
795283643.1769
795860342.941296
794829850.921644
794829850.921644
794829850.921644
795099582.084818
795099582.084818
795099582.084818
795356934.563987
795356934.563987
795356934.563987
795356934.563987
795356934.563987
795356934.563987
795441345.613789
795441345.613789
795441345.613789
795728954.046409
795762294.29738
795762294.29738
795762294.29738
795548919.03407
795211937.554894
795196194.666722
795872865.134527
795662351.279897
795662351.279897
795662351.279897
795503849.171728
795503849.171728
795551917.177044
795551917.177044
795551917.177044
795754946.112735
795754946.112735
795754946.112735
795754946.112735
795754946.112735
795754946.112735
794945646.281629
794945646.281629
794945646.281629
794945646.281629
794945646.281629
794945646.281629
794945646.281629
794945646.281629
795101994.650145
795101994.650145
795101994.650145
795101994.650145
795101994.650145
795190510.476585
795190510.476585
795692390.739196
795414917.104669
795373474.776889
795373474.776889
794595648.11404
794729823.081565
794729823.081565
795399858.780697
795399858.780697
795399858.780697
795399858.780697
795010660.22901
795495160.716647
796052188.053537
795222100.254021
795222100.254021
795222100.254021
795222100.254021
795222100.254021
795222100.254021
795222100.254021
795222100.254021
794873322.254846
794873322.254846
794873322.254846
795543001.488113
795022745.7138
795022745.7138
795022745.7138
795022745.7138
795022745.7138
795022745.7138
795022745.7138
794795986.325709
794795986.325709
794795986.325709
794795986.325709
795408574.478904
795408574.478904
795469785.62975
795469785.62975
795353144.261257
795353144.261257
794937186.661835
794986256.650048
794986256.650048
795117574.687638
795509728.659219
795195593.098125
795057770.208706
795057770.208706
795057770.208706
794890958.546944
794868660.993561
794949607.263523
794949607.263523
795222370.377701
795222370.377701
794932067.837915
794932067.837915
794435798.191359
794745644.983892
794745644.983892
794745644.983892
794876799.073202
795930815.251437
795008159.041882
795008159.041882
795008159.041882
794701537.668179
794486373.663734
794486373.663734
794963333.444222
794963333.444222
794963333.444222
794963333.444222
794963333.444222
794963333.444222
795148216.405428
795148216.405428
795148216.405428
795148216.405428
795148216.405428
795148216.405428
795143400.413664
795143400.413664
795187606.22487
795187606.22487
795187606.22487
795094443.939326
795094443.939326
795094443.939326
794792645.377533
795158834.155114
795285542.41682
795327496.441804
795327496.441804
795872268.189818
795096567.749335
795129889.090096
795129889.090096
795129889.090096
795129889.090096
795129889.090096
795129889.090096
795129889.090096
795380006.455783
795380006.455783
795380006.455783
795380006.455783
795380006.455783
795380006.455783
795702104.995025
795702104.995025
795702104.995025
795141977.065938
795316009.143866
795369504.78136
795255894.790904
795255894.790904
795255894.790904
795255894.790904
795255894.790904
795255894.790904
795255894.790904
795255894.790904
795255894.790904
795255894.790904
795255894.790904
795434281.608769
795434281.608769
795434281.608769
795434281.608769
795580697.551304
795852505.406161
795852505.406161
795852505.406161
795446963.668709
795446963.668709
795572115.306635
794754709.069345
794754709.069345
795003318.738537
795003318.738537
794863380.710981
795290874.179651
795290874.179651
795567100.728455
795129928.91973
795129928.91973
795129928.91973
795129928.91973
795129928.91973
795129928.91973
795129928.91973
794658585.667663
794480984.589296
795089092.352224
795413054.713511
795413054.713511
795488681.903757
795488681.903757
795488681.903757
795488681.903757
795488681.903757
795577880.700673
795224334.042145
795224334.042145
795224334.042145
795224334.042145
795362711.911975
795153824.219962
795153824.219962
795042073.623195
795042073.623195
795272041.014011
795356448.980711
795356448.980711
795356448.980711
795356448.980711
794960414.897831
794960414.897831
794960414.897831
794960414.897831
794960414.897831
794960414.897831
794960414.897831
794960414.897831
794882935.058867
794882935.058867
794882935.058867
794882935.058867
795272993.709741
795272993.709741
795272993.709741
795167216.181901
795167216.181901
795167216.181901
794944157.098875
794944157.098875
794944157.098875
794944157.098875
794944157.098875
794845840.580841
794845840.580841
794845840.580841
795160481.591767
795409649.269077
795409649.269077
795409649.269077
795409649.269077
795409649.269077
795267186.198648
795452669.78543
795326634.247689
795826204.287294
795826204.287294
795826204.287294
795615375.090628
795615375.090628
795615375.090628
795615375.090628
795797285.585582
795748908.865491
795748908.865491
795214637.343435
795224113.232546
795224113.232546
795133531.704213
795133531.704213
795133531.704213
795133531.704213
795554928.272845
795372011.238918
795372011.238918
795244589.057179
795339933.103215
795371247.226646
795371247.226646
795167888.864981
795167888.864981
795167888.864981
795167888.864981
795167888.864981
795167888.864981
795452937.650068
795308687.444098
795308687.444098
795308687.444098
795308687.444098
795283762.924762
795344733.661302
795344733.661302
795344733.661302
795344733.661302
795344733.661302
795344733.661302
795344733.661302
795344733.661302
795344733.661302
795344733.661302
795344733.661302
794892132.70419
794892132.70419
794892132.70419
794892132.70419
794892132.70419
794892132.70419
794892132.70419
795198305.164058
795198305.164058
795198305.164058
795227241.379365
795227241.379365
795227241.379365
795227241.379365
795280095.997698
795280095.997698
795567024.632288
794989591.563967
794989591.563967
794989591.563967
794989591.563967
794989591.563967
794989591.563967
795299880.944692
795449337.475141
795254041.101489
795254041.101489
795055470.722026
795189750.272547
795189750.272547
795189750.272547
795189750.272547
795189750.272547
795189750.272547
795189750.272547
795224632.150488
794867495.30873
794867495.30873
794849595.752748
794884982.729422
795067246.705036
795067246.705036
794774188.50507
795004836.921219
795004836.921219
795004836.921219
794933762.499529
794933762.499529
795283972.8254
795283972.8254
795283972.8254
795283972.8254
795283972.8254
795241339.024493
794969038.084535
794969038.084535
794969038.084535
794791925.6991
794791925.6991
794791925.6991
795262620.386034
795262620.386034
795262620.386034
795262620.386034
795833492.775949
795576760.187244
795576760.187244
795094504.564696
795094504.564696
795094504.564696
795094504.564696
795094504.564696
795236828.297041
795236828.297041
795236828.297041
795236828.297041
795160826.764049
795160826.764049
795387108.317836
795249605.624308
795249605.624308
795344517.572679
795344517.572679
795078524.962422
795078524.962422
795078524.962422
795078524.962422
795078524.962422
795078524.962422
795124674.71674
795124674.71674
795388599.907108
795388599.907108
795478661.268243
795478661.268243
795092844.434553
795092844.434553
795092844.434553
795092844.434553
795092844.434553
795092844.434553
795252902.983029
795450616.304804
795450616.304804
795305669.770739
795305669.770739
795305669.770739
794754980.819656
795077062.209809
795077062.209809
794907112.223057
794907112.223057
794973052.244905
794799495.562256
794946778.796585
795785538.174719
795785538.174719
795785538.174719
795785538.174719
795785538.174719
795787650.010989
795787650.010989
795787650.010989
795787650.010989
795379036.151297
795379036.151297
795379036.151297
795073839.159422
795073839.159422
795073839.159422
794652954.735826
794652954.735826
795003076.452421
795196985.766405
795196985.766405
795196985.766405
795312391.456906
795312391.456906
795312391.456906
795377289.796655
795377289.796655
795246586.479315
795567723.720784
795567723.720784
795014023.384834
795134957.578378
795270934.590909
794944874.956293
794944874.956293
794944874.956293
795310479.592002
795300602.95139
795300602.95139
795684985.125008
794975936.804197
794903723.911098
794903723.911098
794903723.911098
794903723.911098
794903723.911098
795171358.1857
795433500.854637
795047242.673067
795126583.205559
795090039.597411
795090039.597411
795090039.597411
795090039.597411
795090039.597411
795371323.722442
795371323.722442
795412681.673567
795114825.655456
795114825.655456
795114825.655456
795114825.655456
795114825.655456
795114825.655456
795114825.655456
795114825.655456
795114825.655456
795114825.655456
795114825.655456
795302204.710599
795302204.710599
795302204.710599
795302204.710599
795302204.710599
795302204.710599
795302204.710599
795404074.804247
795404074.804247
795404074.804247
794827453.620038
794827453.620038
795145203.854575
795145203.854575
795500756.002008
795500756.002008
795500756.002008
795500756.002008
795500756.002008
795500756.002008
795298525.169896
795298525.169896
795384422.641562
794977738.341051
795138100.664996
795138100.664996
795550189.835475
795204612.110152
795204612.110152
795204612.110152
795204612.110152
795204612.110152
795320849.446607
795072105.532167
795072105.532167
794942464.807489
794942464.807489
794942464.807489
794917027.25547
794917027.25547
795232564.783584
795232564.783584
795049881.278986
794979841.389049
795624803.279846
795624803.279846
795624803.279846
795681965.18428
795220766.662283
795220766.662283
795034557.231807
795034557.231807
795034557.231807
795058212.633282
795058212.633282
795058212.633282
795088079.539593
795088079.539593
795034461.601113
795320939.721056
795320939.721056
795320939.721056
795320939.721056
795673180.226939
795673180.226939
795690362.939909
795690362.939909
795690362.939909
795690362.939909
795771841.238724
795678698.512124
795257996.116218
795257996.116218
795257996.116218
795524130.767456
794986131.230236
794986131.230236
795406011.950214
795413023.12607
795413023.12607
795413023.12607
795413023.12607
795135286.815369
795135286.815369
795135286.815369
795135286.815369
795231025.544164
795231025.544164
795482069.837881
795482069.837881
795533721.296858
795533721.296858
795533721.296858
795372480.524769
795372480.524769
795372480.524769
795372480.524769
795313525.430465
795387475.893241
794954759.431923
794746444.602825
794902683.886237
794902683.886237
794902683.886237
794974930.138558
795512849.758589
795512849.758589
795512849.758589
795512849.758589
795460665.285067
795460665.285067
795415154.103282
795161749.016473
795161749.016473
795527291.999762
795527291.999762
795527291.999762
795527291.999762
795527291.999762
795527291.999762
795527291.999762
795527291.999762
795527291.999762
795527291.999762
795527291.999762
795527291.999762
795074637.869105
795153875.071043
795153875.071043
795153875.071043
795153875.071043
795348879.976823
795348879.976823
795348879.976823
795348879.976823
795348879.976823
795348879.976823
795348879.976823
794967602.29002
795759274.6164
795759274.6164
795759274.6164
795575509.987544
795575509.987544
795575509.987544
795575509.987544
795575509.987544
795257795.286822
795257795.286822
795257795.286822
795257795.286822
795257795.286822
795257795.286822
795257795.286822
795257795.286822
795440761.824259
795440761.824259
795076984.224549
795532423.106789
795532423.106789
795532423.106789
795532423.106789
795532423.106789
795150541.637363
795150541.637363
795150541.637363
794753992.610417
794753992.610417
794753992.610417
794753992.610417
794603440.695754
794944044.023464
795186022.766505
795186022.766505
795186022.766505
795589259.001228
795416813.159762
795346657.040126
795346657.040126
795712019.414328
795555239.692291
795555239.692291
795919799.651647
795468291.397298
794984071.892016
794984071.892016
795243572.544655
794841323.832648
794841323.832648
794841323.832648
794841323.832648
795284021.839326
795462812.531118
795380265.144096
795380265.144096
795380265.144096
795380265.144096
794987464.769931
794987464.769931
794916517.868927
794916517.868927
794916517.868927
794822393.083033
794822393.083033
794659713.548352
794659713.548352
794659713.548352
794709909.825311
794709909.825311
794709909.825311
794943686.1449
795219864.563432
795219864.563432
795219864.563432
795219864.563432
795361804.349385
795361804.349385
795361804.349385
795258063.677516
795606531.999977
795606531.999977
795606531.999977
795606531.999977
795606531.999977
795606531.999977
795601547.045099
795601547.045099
796097148.729031
796507044.400013
796507044.400013
795621159.540355
795621159.540355
795621159.540355
795621159.540355
795621159.540355
795621159.540355
795621159.540355
795030878.332953
795030878.332953
794957874.051475
795042914.23944
795042914.23944
795042914.23944
794896123.332879
794896123.332879
794896123.332879
795200109.309722
795200109.309722
795200109.309722
795200109.309722
795200109.309722
795200109.309722
795200109.309722
795130036.539138
795023993.650898
795023993.650898
795214684.233814
794788236.797021
794788236.797021
794952894.447819
794952894.447819
795725881.299763
795725881.299763
794810260.580211
795101756.851555
795101756.851555
795101756.851555
795101756.851555
794552211.689173
794552211.689173
795248708.308261
794908028.510589
794908028.510589
795475347.109126
795475347.109126
795394603.490872
795394603.490872
795323231.362818
795282269.494256
795283969.453982
795283969.453982
795652064.237501
795619869.926406
795327302.043417
795327302.043417
794967662.641052
795159969.740368
795159969.740368
794975202.092252
794975202.092252
794975202.092252
794975202.092252
795269500.458681
795269500.458681
795269500.458681
795269500.458681
795418964.531358
795539229.720829
795448427.500752
795448427.500752
795448427.500752
795448427.500752
795306175.455414
795306175.455414
795306175.455414
795300477.577938
795300477.577938
795300477.577938
795585789.095662
795585789.095662
795558872.891269
795357847.434844
795357847.434844
795357847.434844
795357847.434844
795357847.434844
795481650.170271
795481650.170271
795481650.170271
795227824.252627
795654789.97493
795654789.97493
795654789.97493
795654789.97493
795655787.601934
795792900.054884
795792900.054884
795792900.054884
795792900.054884
795732008.361017
795279336.479678
795842949.906026
795842949.906026
795842949.906026
795842949.906026
796054625.400885
794787215.586879
795133367.131975
795133367.131975
795133367.131975
795258224.959025
795258224.959025
795258224.959025
795215536.276277
795215536.276277
795359503.225262
795605947.909552
795605947.909552
795605947.909552
795605947.909552
795418445.673904
795315437.006042
795315437.006042
795315437.006042
794961396.2291
795446900.133452
795446900.133452
795199036.572012
795199036.572012
795199036.572012
795191320.441192
795161056.936077
795092347.046686
795092347.046686
795092347.046686
795092347.046686
795092347.046686
795092347.046686
795092347.046686
795092347.046686
795092347.046686
795092347.046686
795816442.028722
795816442.028722
794669036.128689
794669036.128689
795083642.207361
795083642.207361
795083642.207361
795083642.207361
795083642.207361
795083642.207361
794920729.650368
795015101.902457
794988986.277536
794962477.924729
794962477.924729
795313645.8126
795090605.929133
794868657.051485
794685581.163211
794685581.163211
795130095.266565
795130095.266565
795130095.266565
795130095.266565
795130095.266565
795130095.266565
795130095.266565
795130095.266565
795423610.443955
795293874.51571
795293874.51571
795293874.51571
795293874.51571
795293874.51571
794993208.574025
794993208.574025
794995642.758585
794995642.758585
795125726.411514
795125726.411514
795125726.411514
795125726.411514
795767722.177384
795767722.177384
795400201.655527
795400201.655527
795400201.655527
795400201.655527
795400201.655527
795009634.724642
795009634.724642
795009634.724642
794991166.613693
795006856.358315
795006856.358315
795006856.358315
795006856.358315
795006856.358315
795630316.63115
795630316.63115
795390029.883263
795376603.931372
795376603.931372
795376603.931372
794876111.444404
794876111.444404
794876111.444404
795118332.755987
795118332.755987
795118332.755987
795118332.755987
795118332.755987
795087910.038344
795158083.859138
795158083.859138
795426965.160296
795426965.160296
795128082.447856
794994534.230131
794994534.230131
794994534.230131
794935956.807982
794935956.807982
794935956.807982
794935956.807982
795390208.85235
795035116.878272
794792482.071153
794792482.071153
794792482.071153
795083809.688221
795171936.226097
795353497.531787
795353497.531787
795007529.273227
795200981.328999
795200981.328999
795200981.328999
795200981.328999
795246561.388753
795246561.388753
795550861.525388
795550861.525388
795282704.351462
795282704.351462
795299717.293362
795299717.293362
795510077.976731
795619874.926391
795619874.926391
795883563.33116
795537854.852388
795502575.306237
795502575.306237
795502575.306237
794830085.299063
794830085.299063
794830085.299063
794830085.299063
794830085.299063
794830085.299063
794830085.299063
794830085.299063
795158386.169523
795158386.169523
795294485.536566
795294485.536566
795294485.536566
795294485.536566
795242614.099201
794711223.09469
795948015.116593
795975568.64137
795975568.64137
795975568.64137
795975568.64137
795975568.64137
795488664.393071
794976391.964321
794976391.964321
795002702.006155
795002702.006155
795002702.006155
795255913.491896
795255913.491896
794986268.846616
794986268.846616
794986268.846616
794978253.793515
794978253.793515
794978253.793515
794978253.793515
794978253.793515
794978253.793515
795402356.671053
794855512.460213
794855512.460213
794855512.460213
794855512.460213
795134569.722727
795134569.722727
795392674.561301
795392674.561301
795392674.561301
795392674.561301
795289033.683894
795289033.683894
794390817.79906
794390817.79906
794923998.940885
794807205.277154
794807205.277154
794807205.277154
794807205.277154
794807205.277154
794807205.277154
794807205.277154
795611930.90552
795611930.90552
796063509.000072
795391174.453448
795085149.404505
795199518.000338
795199518.000338
795199518.000338
795159851.06346
795159851.06346
795464243.669685
795448693.402843
795448693.402843
794765044.28921
795128805.466499
795128805.466499
795128805.466499
795411679.73935
795309193.082278
795324536.294805
795324536.294805
795358718.194289
795337001.74079
795186431.901001
795186431.901001
795283885.836182
795283885.836182
795283885.836182
795283885.836182
795283885.836182
795283885.836182
795283885.836182
795363815.355475
795211672.543533
795211672.543533
795441144.836937
795441144.836937
795441144.836937
795441144.836937
794970077.263531
794970077.263531
794970077.263531
794970077.263531
794970077.263531
794970077.263531
794970077.263531
794970077.263531
794970077.263531
794970077.263531
795283109.384858
795283109.384858
795283109.384858
795283109.384858
795283109.384858
795328756.106323
794943693.009564
794943693.009564
794943693.009564
795358393.816578
795358393.816578
795358393.816578
795358393.816578
795358393.816578
795358393.816578
795202521.340148
795202521.340148
795202521.340148
794998981.901223
795124640.581418
795124640.581418
795124640.581418
795124640.581418
794882175.628628
795496465.588266
795545357.719413
795545357.719413
795189877.77967
795189877.77967
795189877.77967
795189877.77967
795189877.77967
795189877.77967
795255484.195975
795255484.195975
795534104.698489
795293742.088689
795293742.088689
795293742.088689
795293742.088689
794795218.501012
795268639.618568
795137337.044507
795137337.044507
795137337.044507
795206552.579052
794841089.593079
794841089.593079
794868777.037422
795348795.827432
795187459.969023
795187459.969023
794965961.990851
795115124.138867
795115124.138867
795115124.138867
795115124.138867
795115124.138867
795333085.408988
795333085.408988
795333085.408988
795192094.939462
795192094.939462
795192094.939462
795192094.939462
795192094.939462
795192094.939462
795192094.939462
795180527.623079
795180527.623079
795180527.623079
794928771.609772
794857672.962422
794856390.152733
794856390.152733
794856390.152733
794856390.152733
795310669.88106
795310669.88106
795462817.414224
795772314.171184
795514428.195388
795514428.195388
795514428.195388
795496580.77946
795496580.77946
795496580.77946
795496580.77946
795496580.77946
795047532.888072
795484415.116485
795484415.116485
795446747.560328
795072132.08695
794953863.661867
794953863.661867
795592438.79891
795324157.416286
795324157.416286
795728795.401661
795867580.491285
796110958.233286
796110958.233286
795877548.910048
795877548.910048
795220223.183133
795220223.183133
795220223.183133
795220223.183133
795220223.183133
795316178.760193
794865290.093422
795627099.060459
795553029.82795
795091949.805867
795089698.949222
795259745.031813
795259745.031813
795259745.031813
795259745.031813
795163086.492799
795163086.492799
795163086.492799
795163086.492799
795163086.492799
795163086.492799
795326172.985743
795326172.985743
794690588.933701
794697769.635865
794697769.635865
794407089.720616
794457991.117279
794457991.117279
794457991.117279
794457991.117279
794457991.117279
794366553.050647
794366553.050647
794782579.071223
794782579.071223
794882226.937582
795142786.803584
795142786.803584
795142786.803584
795654481.981493
795654481.981493
795654481.981493
795343324.456376
795058314.012603
795058314.012603
795058314.012603
795058314.012603
795135574.439121
795464540.416678
795074307.569356
795165760.994292
795165760.994292
795165760.994292
795165760.994292
795165760.994292
795165760.994292
795714215.972196
795714215.972196
795809646.853932
794994206.56972
794994206.56972
794994206.56972
794994206.56972
794994206.56972
795363895.947471
795363895.947471
795363895.947471
795363895.947471
795363895.947471
795363895.947471
795363895.947471
795492651.260725
795492651.260725
795492651.260725
795492651.260725
795492651.260725
795492651.260725
795492651.260725
795418529.744104
795418529.744104
795418529.744104
795196065.673241
795591872.488224
795591872.488224
795431252.761782
795431252.761782
795168684.282321
795036896.245293
795036896.245293
794906823.282652
794870896.89612
795240471.24965
795240471.24965
795240471.24965
795240471.24965
795240471.24965
795240471.24965
795240471.24965
795240471.24965
795240471.24965
795240471.24965
795243800.322084
795243800.322084
795243800.322084
795110782.811502
795110782.811502
795110782.811502
795110782.811502
795110782.811502
794877065.725541
794877065.725541
794877065.725541
795454764.90673
795454764.90673
795454764.90673
795454764.90673
795454764.90673
795454764.90673
795454764.90673
795536923.836039
795536923.836039
795536923.836039
794844150.879841
794808904.732239
795243615.869685
795243615.869685
795243615.869685
795243615.869685
795243615.869685
795243615.869685
795243615.869685
795292517.413971
794826119.458494
795110090.583489
795110090.583489
795110090.583489
795132326.167241
795907090.395203
795687573.720532
795591742.020081
795496873.571747
795496873.571747
796072783.950034
795531523.100693
795531523.100693
795531523.100693
795531523.100693
795471258.217788
795471258.217788
794972829.699512
794972829.699512
794972829.699512
794826615.543291
794826615.543291
794826615.543291
794826615.543291
794826615.543291
795335687.958707
794533211.301733
794533211.301733
794533211.301733
794533211.301733
794533211.301733
794533211.301733
794684640.148122
794684640.148122
794684640.148122
794684640.148122
795253109.700966
794803312.573089
794842155.691485
794842155.691485
794842155.691485
794842155.691485
794842155.691485
794701812.722998
794701812.722998
794701812.722998
794701812.722998
794886275.102588
794886275.102588
794886275.102588
794886275.102588
794886275.102588
794886275.102588
794886275.102588
795714382.822911
795714382.822911
795714382.822911
795204551.879399
795136894.323408
794891261.561009
794870010.12582
795077116.003603
795077116.003603
795077116.003603
795077116.003603
795077116.003603
795038611.140878
794282955.16309
794607632.019807
795140706.772588
795049562.499563
795049562.499563
795049562.499563
795049562.499563
795046459.357259
795046459.357259
795236491.525782
795236491.525782
795236491.525782
795076770.19198
795200930.952792
795609625.436205
795609625.436205
795609625.436205
795609625.436205
795609625.436205
795609625.436205
795600660.56457
795600660.56457
795600660.56457
795409118.213495
795409118.213495
795547145.059465
795547145.059465
795547145.059465
795018129.683615
795018129.683615
795018129.683615
795018129.683615
795018129.683615
795018129.683615
795018129.683615
795261368.192495
795261368.192495
795350434.944546
795350434.944546
795350434.944546
795263756.16231
795175409.756697
795387194.469767
795387194.469767
795387194.469767
795510986.049519
795510986.049519
795510986.049519
795510986.049519
794997548.699864
795125082.581147
795125082.581147
795207609.336374
795207609.336374
795207609.336374
795207609.336374
795207609.336374
795207609.336374
795207609.336374
795467198.038006
795467198.038006
795467198.038006
795467198.038006
795467198.038006
795467198.038006
795467198.038006
795467198.038006
795467060.154126
795467060.154126
795467060.154126
795522974.866217
795522974.866217
795522974.866217
795522974.866217
795522974.866217
795522974.866217
795522974.866217
795522974.866217
795522974.866217
795522974.866217
795522974.866217
795522974.866217
795522974.866217
795501023.931128
795232924.509094
795232924.509094
795232924.509094
794705496.839488
794786066.269897
794786066.269897
794611031.528101
794611031.528101
794611031.528101
794611031.528101
794611031.528101
794490860.292228
794490860.292228
794490860.292228
794490860.292228
794576364.298844
794678556.032659
795229407.515556
794901302.593255
795311059.609129
795311059.609129
795311059.609129
795311059.609129
795282013.516925
795282013.516925
795282013.516925
795282013.516925
795282013.516925
795282013.516925
795563525.926281
795563525.926281
795563525.926281
795787460.804623
795593557.298679
795593557.298679
795593557.298679
795609748.400749
795609748.400749
795609748.400749
795609748.400749
795609748.400749
795326141.119759
795326141.119759
795326141.119759
795326141.119759
795762743.781818
795762743.781818
795843586.268713
795717084.323806
795588220.952725
795588220.952725
795595161.151679
795826494.93828
795084239.054614
795084239.054614
795409020.126591
795409020.126591
795409020.126591
795409020.126591
794796524.000843
794796524.000843
795201406.734174
795201406.734174
795201406.734174
795092767.506104
795472232.108875
795202673.463449
795202673.463449
795202673.463449
795688824.410664
795523039.070593
795246392.505961
795246392.505961
795246392.505961
795246392.505961
795523424.534063
795620277.235194
795298832.930198
795331552.78416
795331552.78416
795331552.78416
795094602.107418
794807776.185483
794807776.185483
795316829.774483
795316829.774483
795316829.774483
795316829.774483
795046053.695926
795046053.695926
795046053.695926
795046053.695926
795046053.695926
795428145.97602
795428145.97602
795445679.809402
795445679.809402
795445679.809402
795041983.603505
795007723.030552
795254602.093809
795254602.093809
795292407.004159
795292407.004159
795582947.578364
795582947.578364
795465936.389549
795465936.389549
795427208.026644
795427208.026644
795427208.026644
795216518.518311
795336651.194197
795336651.194197
795266187.473179
795266187.473179
795266187.473179
795266187.473179
795266187.473179
795142174.609826
795142174.609826
794985089.980564
794985089.980564
794985089.980564
795125450.140941
795247396.528494
795254560.601699
795254560.601699
795200420.098259
795200420.098259
795012876.360629
795012876.360629
794782384.836305
795222408.895965
795222408.895965
794580166.797509
794893525.941196
794838873.76072
795430647.518661
795430647.518661
795122053.306566
795122053.306566
795202036.393586
795296756.589301
795286243.406103
794956424.077077
794956424.077077
794956424.077077
794956424.077077
794956424.077077
794956424.077077
794956424.077077
795600294.45198
795600294.45198
795600294.45198
795339674.027332
795339674.027332
795339674.027332
795339674.027332
795603034.402377
795603034.402377
794978198.163968
794880601.342565
794967028.450517
795256422.7163
795256422.7163
795256422.7163
795317608.400784
795317608.400784
795317608.400784
795592265.970741
795592265.970741
794514668.368499
794514668.368499
794793569.920463
794793569.920463
794793569.920463
794793569.920463
794793569.920463
794793569.920463
795199294.074437
795759642.38904
795759642.38904
795759642.38904
795759642.38904
795759642.38904
795566874.205569
795077833.131478
794803450.502934
795270822.987129
795270822.987129
795270822.987129
795478972.392222
795534054.881325
795194399.057042
795194399.057042
795194399.057042
795194399.057042
795375565.374638
795375565.374638
795375565.374638
795375565.374638
795375565.374638
795375565.374638
795354619.854616
795354619.854616
795354619.854616
795059227.850546
795059227.850546
795059227.850546
795059227.850546
795493131.773453
795493131.773453
795423096.851518
795423096.851518
795108712.495333
795108712.495333
795108712.495333
795108712.495333
795108712.495333
795081927.530806
795152306.918692
795152306.918692
795152306.918692
795179465.754237
795179465.754237
794736797.205762
794736797.205762
794740924.700436
794740924.700436
795358403.608643
795358403.608643
795358403.608643
795358403.608643
795358403.608643
795358403.608643
795262067.312412
795262067.312412
795262067.312412
795369076.781662
795369076.781662
795456250.806139
795456250.806139
795357014.675987
795255334.374844
795255334.374844
795255334.374844
795255334.374844
795255334.374844
795255334.374844
795255334.374844
795255334.374844
795255334.374844
795255334.374844
795421962.0266
795421962.0266
795421962.0266
795341361.482759
795341361.482759
795107251.088642
795107251.088642
795602342.897701
795376778.869627
795376778.869627
795290902.295169
795103313.027683
795126477.552868
795443308.238299
795341600.634458
794772731.076992
795108910.35679
795116623.440312
795519400.745461
795414951.005979
794891267.53603
795086623.954584
795206648.177304
795206648.177304
795206648.177304
795206648.177304
795270121.403841
795051929.341624
795051929.341624
795051929.341624
795071242.322851
795071242.322851
795071242.322851
794635114.781528
794635114.781528
794784754.421771
795311514.0623
795311514.0623
795427241.421961
795427241.421961
795427241.421961
795572709.984164
795572709.984164
795572709.984164
795572709.984164
795460023.505733
795460023.505733
795460023.505733
795460023.505733
795467093.275683
795467093.275683
795467093.275683
795169179.100118
795169179.100118
795142701.617036
795142701.617036
795142701.617036
794872160.241882
795686220.035233
795686220.035233
795686220.035233
795417278.925368
794954160.519708
794954160.519708
794703648.271692
794971651.760266
795086369.433836
795253286.547101
795253286.547101
795253286.547101
795253286.547101
795253286.547101
795253286.547101
795182908.635143
795182908.635143
795182908.635143
795401031.654372
795401031.654372
795401031.654372
795341840.892558
795341840.892558
795341840.892558
795341840.892558
795341840.892558
795341840.892558
795341840.892558
795341840.892558
795341840.892558
795341840.892558
795341840.892558
795648019.403236
795648019.403236
795648019.403236
795316811.189919
795316811.189919
795316811.189919
795316811.189919
795075638.99296
795075638.99296
795075638.99296
795075638.99296
795075638.99296
795075638.99296
795075638.99296
795075638.99296
795075638.99296
795075638.99296
795119491.879705
794852375.2484
794852375.2484
794852375.2484
794709613.240015
794886135.634003
794859830.633001
795510020.258425
795510020.258425
795450604.992684
795450604.992684
795303356.936182
795266557.741764
795234566.91553
795214870.719385
795106128.162759
795106128.162759
795100414.315316
795100414.315316
795100414.315316
795100414.315316
795100414.315316
795620080.077414
795620080.077414
795620080.077414
795620080.077414
795035758.451151
795035758.451151
795035758.451151
795035758.451151
794803528.104119
794803528.104119
794803528.104119
795439182.80428
795006063.487325
795006063.487325
795006063.487325
795265778.802706
795265778.802706
795279943.711758
795279943.711758
795279943.711758
795637812.633459
795637812.633459
794627963.619291
795220821.339695
795280060.733341
795280060.733341
795280060.733341
795280060.733341
795216389.260692
795216389.260692
795071341.382747
795071341.382747
795071341.382747
795071341.382747
795071341.382747
795071341.382747
795480179.54564
795341679.349987
795106050.559775
794776715.082431
794776715.082431
794915582.653153
794807390.536499
794342159.445327
794507727.027959
794920216.598439
794920216.598439
795080366.094595
795080366.094595
795080366.094595
795080366.094595
794835883.989683
794977099.627074
794977099.627074
794977099.627074
794977099.627074
794977099.627074
794977099.627074
794977099.627074
794977099.627074
794977099.627074
794977099.627074
794977099.627074
794977099.627074
794977099.627074
794764995.127348
795669210.496927
795669210.496927
795395340.174334
795395340.174334
795295252.118782
795295252.118782
795391073.053015
795124437.307127
795323265.001115
794960384.445183
795200843.394315
795200843.394315
795200843.394315
795200843.394315
795330797.021926
795330797.021926
794587673.017968
794587673.017968
794587673.017968
794868376.850842
794868376.850842
794868376.850842
794868376.850842
794730518.75908
794730518.75908
794840932.058727
794840932.058727
794630383.628825
794948629.731167
794948629.731167
794948629.731167
794948629.731167
794948629.731167
795222066.729177
795222066.729177
795222066.729177
794967691.132484
795089692.098615
795118647.350483
795118647.350483
795224471.380545
795224471.380545
795224471.380545
795224471.380545
795224471.380545
795224471.380545
795224471.380545
795224471.380545
795110281.078912
795287896.227093
795792802.882668
795792802.882668
795792802.882668
795792802.882668
795792802.882668
795792802.882668
795792802.882668
795792802.882668
795792802.882668
795792802.882668
795792802.882668
795792802.882668
795792802.882668
795611515.107539
795228587.019308
795228587.019308
795090320.21082
795090320.21082
795069442.174637
795069442.174637
795510784.3124
795510784.3124
795878284.277563
795562388.7136
795562388.7136
795562388.7136
795137095.542603
795137095.542603
795137095.542603
794945900.891399
795561551.298533
795561551.298533
795561551.298533
795561551.298533
795371362.092406
795371362.092406
795371362.092406
795238018.518381
795111584.454133
795111584.454133
795045137.325139
794697086.639504
794878616.98465
794878616.98465
794829962.18814
794829962.18814
794829962.18814
794829962.18814
795392450.686627
795392450.686627
795392450.686627
795295214.277379
795295214.277379
795094646.137774
795094646.137774
794602809.572937
794693802.906857
794693802.906857
794693802.906857
794693802.906857
794736934.129191
795131201.282515
795489123.447155
794873844.394517
794873844.394517
795516386.910959
795516386.910959
795516386.910959
795516386.910959
795548965.813813
795548965.813813
795548965.813813
795548965.813813
795548965.813813
795548965.813813
795548965.813813
795270229.161828
795039007.203718
795039007.203718
795106525.677844
795362929.947973
794858159.13409
794858159.13409
794858159.13409
794858159.13409
794858159.13409
794858159.13409
794858159.13409
794858159.13409
794858159.13409
794858159.13409
794858159.13409
794858159.13409
794858159.13409
794858159.13409
794911533.265126
794911533.265126
794911533.265126
794911533.265126
794911533.265126
794907382.894947
794907382.894947
794907382.894947
794907382.894947
794907382.894947
794907382.894947
794838301.984358
794926739.548928
794926739.548928
794896637.691172
794896637.691172
794896637.691172
794896637.691172
794780764.914126
794780764.914126
794780764.914126
794578721.940833
794578721.940833
794941384.429298
795046422.613341
795046422.613341
795199178.453119
795199178.453119
795169491.796528
795303639.961807
794967788.890958
794967788.890958
794967788.890958
795462586.044039
795462586.044039
795269208.208022
795004889.416255
795143756.062573
795143756.062573
795204354.67044
795204354.67044
795053287.693614
794601824.64445
794601824.64445
794601824.64445
794950860.317014
795470363.781152
795470363.781152
795623448.844046
795623448.844046
795623448.844046
794963125.461711
794963125.461711
794963125.461711
794963125.461711
794709165.198526
794709165.198526
794709165.198526
794709165.198526
794709165.198526
794786362.756645
794871102.409911
794871102.409911
795416978.415577
795416978.415577
795416978.415577
795416978.415577
795416978.415577
795490299.101817
795490299.101817
795490299.101817
795574176.887535
795574176.887535
795574176.887535
795574176.887535
795574176.887535
795574176.887535
795704023.122113
795211167.626359
795211167.626359
795211167.626359
794697424.97582
794697424.97582
794697424.97582
794697424.97582
794697424.97582
794697424.97582
794622549.206531
794622549.206531
794580723.239758
794090728.976102
794462805.213989
794891357.362333
794891357.362333
794891357.362333
794891357.362333
795100845.065777
795100845.065777
795100845.065777
795285599.49074
795329154.536592
795246535.662381
795238778.46404
795209669.953743
794903849.444575
794987597.403578
795310317.599556
795310317.599556
795585620.020385
795585620.020385
795512831.899866
795512831.899866
795512831.899866
795512831.899866
795594256.943701
795594256.943701
795594256.943701
795594256.943701
795594256.943701
795594256.943701
795594256.943701
795165647.301555
795382713.675484
795027241.083507
795089708.346136
795089708.346136
795306566.402989
795306566.402989
795085665.216956
795085665.216956
795085665.216956
795085665.216956
795085665.216956
794971044.734366
794744707.184499
794744707.184499
794744707.184499
794744707.184499
794744707.184499
794448038.257425
794729368.656842
795106034.979389
795106034.979389
795298648.852128
795298648.852128
795298648.852128
795640412.857968
795640412.857968
795640412.857968
795397752.950909
795375473.414158
795375473.414158
795375473.414158
795375473.414158
795375473.414158
794906554.775343
795014106.662061
795014106.662061
795014106.662061
795014106.662061
795014106.662061
795014106.662061
795014106.662061
795132680.461121
794987646.867541
794987646.867541
794987646.867541
794987646.867541
794987646.867541
795072524.456618
795072524.456618
795072524.456618
795161864.857623
795161864.857623
795065387.391376
795065387.391376
795065387.391376
795451204.628729
795200330.522779
795155198.369883
795155198.369883
795155198.369883
795301497.666669
795301497.666669
795301497.666669
794990259.606639
794990259.606639
794990259.606639
795106618.110618
795106618.110618
795106618.110618
795106618.110618
795106618.110618
795106618.110618
795106618.110618
795106618.110618
795414360.166015
795362054.292597
795362054.292597
795430001.341625
795175665.840869
794650284.028379
794650284.028379
794650284.028379
794478321.43019
794602432.224764
794602432.224764
794564728.364401
794564728.364401
795787265.308033
794981210.445877
795330567.872691
795330567.872691
795330567.872691
795330567.872691
795330567.872691
795330567.872691
795330567.872691
795330567.872691
795074551.508257
795074551.508257
794432836.707126
794432836.707126
794432836.707126
794432836.707126
794432836.707126
794450383.002287
794704785.444931
794704785.444931
794865471.013991
794865471.013991
795056481.20536
795056481.20536
795056481.20536
795479929.748874
795479929.748874
795479929.748874
795479929.748874
795479929.748874
795479929.748874
795479929.748874
795479929.748874
795479929.748874
795479929.748874
795479929.748874
795479929.748874
795314531.66892
795270314.827213
795022916.042601
795022916.042601
794892157.079006
794892157.079006
794969291.444419
794969291.444419
794969291.444419
794969291.444419
794969291.444419
794969291.444419
794969291.444419
794969291.444419
794969291.444419
794969291.444419
795477722.380762
795477722.380762
794936842.465392
794936842.465392
795090372.02275
795218217.19256
795218217.19256
795062209.310797
795062209.310797
795062209.310797
795062209.310797
795062209.310797
795062209.310797
795062209.310797
795062209.310797
795111682.850225
795111682.850225
795111682.850225
795018306.566029
795018306.566029
795018306.566029
795505656.602494
795505656.602494
795505656.602494
795553966.878053
795553966.878053
795553966.878053
795553966.878053
795553966.878053
795553966.878053
795551943.858431
795551943.858431
795551943.858431
795551943.858431
795551943.858431
795246273.105833
795246273.105833
795246273.105833
795246273.105833
795213662.517411
795213662.517411
795213662.517411
795171436.229099
795171436.229099
795171436.229099
795171436.229099
795171436.229099
795171436.229099
795171436.229099
795171436.229099
795171436.229099
795171436.229099
795171436.229099
795171436.229099
795207178.57667
795637288.649657
795637288.649657
795637288.649657
795637288.649657
795637288.649657
795637288.649657
795300482.696272
795300482.696272
795300482.696272
795300482.696272
795461842.551895
795461842.551895
795461842.551895
794993409.267566
795271084.491344
795375033.808909
795375033.808909
795375033.808909
795284304.37366
795284304.37366
795284304.37366
795560049.04469
795354223.805636
795354223.805636
795205817.06558
795143658.106391
795143658.106391
795143658.106391
795143658.106391
795143658.106391
795429668.572727
795429668.572727
795429668.572727
795429668.572727
795429668.572727
795429668.572727
795429668.572727
795180188.342237
795495026.354423
795495026.354423
795495026.354423
795495026.354423
795495026.354423
795495026.354423
795495026.354423
795320630.487127
795320630.487127
795320630.487127
795320630.487127
795414951.522121
795161216.315784
795161216.315784
795031093.507796
795126812.841745
795392534.707649
795516525.111548
795516525.111548
795599347.603352
795599347.603352
795599347.603352
795599347.603352
794751408.470094
794751408.470094
794751408.470094
795010981.071264
795010981.071264
795288902.362677
795248084.855187
795248084.855187
795248084.855187
795248084.855187
795248084.855187
795407190.891932
795407190.891932
795407190.891932
795407190.891932
795407190.891932
795134545.189198
795134545.189198
795134545.189198
795134545.189198
795202085.950498
795202085.950498
795202085.950498
795414069.116872
795414069.116872
795414069.116872
795414069.116872
795414069.116872
795414069.116872
795414069.116872
795414069.116872
795414069.116872
795414069.116872
795830498.593953
795674318.657178
795674318.657178
795253731.368022
794836694.291511
795145295.136995
794816920.256973
795566888.932497
795566888.932497
795573264.059222
795369965.016263
795111699.999681
795111699.999681
795111699.999681
795111699.999681
795175422.166545
795175422.166545
795530133.470144
795530133.470144
795530133.470144
795219692.857313
795540653.869044
795320610.712883
795320610.712883
795320610.712883
795560027.720892
795464012.495388
795277384.770798
795312532.38988
794997066.024447
794997066.024447
794997066.024447
794997066.024447
794906876.284644
794906876.284644
794906876.284644
795083967.168371
795083967.168371
795083967.168371
795397372.186566
795397372.186566
795397372.186566
795397372.186566
795397372.186566
795354816.651461
794969658.612393
795179367.983129
794624614.517072
794624614.517072
794624614.517072
794823870.123284
794823870.123284
794823870.123284
794823870.123284
795192521.033014
795113640.021794
795113640.021794
795113640.021794
795714410.480093
795714410.480093
795714410.480093
795440573.525455
795440573.525455
795440573.525455
795440573.525455
795440573.525455
795440573.525455
795302687.58561
795302687.58561
795302687.58561
795125395.695698
795125395.695698
795643136.522141
795643136.522141
795187266.921399
795235282.489134
795524703.627944
795694466.816425
795521042.576967
795109975.256598
795109975.256598
795109975.256598
795109975.256598
795088894.695805
795192316.014135
795307031.039691
794622698.450162
794622698.450162
794622698.450162
794568997.452051
794568997.452051
794568997.452051
794568997.452051
794568997.452051
794568997.452051
794568997.452051
794574995.103609
794574995.103609
794464301.955193
794464301.955193
794464301.955193
794464301.955193
794589732.468207
794589732.468207
794865892.869506
794865892.869506
795025592.337563
795376385.309909
795376385.309909
795376385.309909
795376385.309909
795047707.776315
795047707.776315
795047707.776315
795047707.776315
795206393.904574
795206393.904574
795206393.904574
795206393.904574
795206393.904574
795179356.015118
795179356.015118
794686038.640662
794653933.681814
794653933.681814
794653933.681814
795400459.741272
795400459.741272
795400459.741272
795400459.741272
795400459.741272
795400459.741272
795400459.741272
795400459.741272
795400459.741272
795400459.741272
795442446.731968
795442446.731968
795029128.970349
795029128.970349
795029128.970349
795029128.970349
795029128.970349
795054636.012918
795054636.012918
795054636.012918
794941513.724827
794941513.724827
794881962.8963
794881962.8963
794881962.8963
795157447.715186
795157447.715186
795157447.715186
795483091.610394
795483091.610394
795440364.158078
795440364.158078
795252669.378529
795252669.378529
795252669.378529
795181402.337764
795181402.337764
795216870.22504
794951390.895154
794951390.895154
795729424.233341
794930953.104648
794930953.104648
794930953.104648
794674535.044935
794674535.044935
794674535.044935
794674535.044935
794674535.044935
794674535.044935
794740426.507037
794780666.295089
794780666.295089
794780666.295089
794826279.537041
794739637.38564
794739637.38564
794727489.32825
794611126.611245
794611126.611245
795050225.058619
795050225.058619
795050225.058619
795050225.058619
795009733.002746
795009733.002746
794963853.280808
795063160.422736
795063160.422736
795063160.422736
795994065.14422
795493840.949246
795243308.288319
794814679.74977
794814679.74977
794814679.74977
794814679.74977
794814679.74977
794814679.74977
794814679.74977
794814679.74977
794814679.74977
795182291.889669
795182291.889669
795683227.35113
795683227.35113
795683227.35113
795694607.92322
795694607.92322
795694607.92322
795074105.280306
795074105.280306
795074105.280306
795279965.019973
795828579.498608
795828579.498608
795828579.498608
795484721.124028
795484721.124028
795484721.124028
795484721.124028
795621982.993407
795621982.993407
795278370.110256
795278370.110256
795265445.081197
795265445.081197
795265445.081197
795265445.081197
795336620.212773
795123667.182786
795123667.182786
795123667.182786
795077566.976261
795077566.976261
795077566.976261
795081525.064834
795139454.026302
794943899.470076
794719781.994685
794864710.458338
794857758.467867
795295291.026337
795295291.026337
795295291.026337
795295291.026337
795295291.026337
795310856.216036
795310856.216036
795310856.216036
795275119.722042
795225033.812356
795225033.812356
795225033.812356
795094541.490111
795347706.516221
795948685.779765
795948685.779765
795526455.647424
795132221.976688
795132221.976688
795644246.455014
794951451.390006
795381868.373255
795021866.205631
795021866.205631
795021866.205631
795156100.519903
795156100.519903
795156100.519903
795558870.717081
795029246.331883
795193887.369894
795193887.369894
795193887.369894
795193887.369894
795193887.369894
795284903.67055
795284903.67055
795284903.67055
795284903.67055
795284903.67055
795284903.67055
795284903.67055
794955642.868446
794955642.868446
794955642.868446
794955642.868446
794955642.868446
794955440.346886
794955440.346886
794955440.346886
794955440.346886
794955440.346886
794955440.346886
794955440.346886
795382625.829072
795382625.829072
795382625.829072
795382625.829072
795409776.708874
795021609.29907
795021609.29907
795290364.154228
795162721.792864
795457416.348224
795457416.348224
795457416.348224
795457416.348224
794891316.455528
794891316.455528
794958010.891752
795239802.560961
795239802.560961
795239802.560961
795239802.560961
795239802.560961
794738466.11861
794738466.11861
794882518.65546
794882518.65546
794942997.089616
795006433.453357
795006433.453357
795059760.33254
795059760.33254
795059760.33254
795059760.33254
795059760.33254
795059760.33254
795059760.33254
795328292.068547
795328292.068547
795328292.068547
795328292.068547
795328292.068547
795328292.068547
795328292.068547
795328292.068547
795328292.068547
795988250.137339
795988250.137339
795405583.74397
795405583.74397
795405583.74397
795861710.202469
795370539.162734
795548326.494557
795648285.847813
795060189.854659
795060189.854659
795060189.854659
794608662.024787
794608662.024787
795362629.024478
795390307.089773
795390307.089773
795390307.089773
795422242.50595
795422242.50595
795422242.50595
795422242.50595
795422242.50595
795422242.50595
795422242.50595
795209332.696135
795207587.537197
795207587.537197
794905742.892314
794997827.215175
794997827.215175
794997827.215175
795527380.446202
794990228.223328
795481166.148514
795481166.148514
795206846.105827
795206846.105827
795206846.105827
794888184.293214
794888184.293214
794888184.293214
794888184.293214
794888184.293214
794888184.293214
795010166.587028
794725287.418168
794725287.418168
795267415.702349
795267415.702349
795267415.702349
795267415.702349
795267415.702349
795267415.702349
795340855.355735
795340855.355735
795340855.355735
795340855.355735
795340855.355735
795340855.355735
795340855.355735
795340855.355735
795340855.355735
795340855.355735
795340855.355735
795343943.556443
795343943.556443
795343943.556443
795343943.556443
795343943.556443
795343943.556443
794736299.001754
794736299.001754
795026973.014741
795087251.894254
795295886.377175
795295886.377175
794929933.037729
794946432.506575
794946432.506575
794946432.506575
794985701.633871
795116292.548082
795513872.359458
795513872.359458
795163814.542303
795248111.878874
795248111.878874
795248111.878874
795248111.878874
795248111.878874
795248111.878874
795277964.46595
795277964.46595
795277964.46595
795277964.46595
795652100.852655
795652100.852655
795652100.852655
795322134.967427
795322134.967427
795322134.967427
795322134.967427
794983241.501072
794983241.501072
794799650.72189
794799650.72189
794799650.72189
794799650.72189
794799650.72189
794945560.724908
795222232.142823
795222232.142823
795222232.142823
795222232.142823
795222232.142823
795222232.142823
794745059.964579
794951809.716643
795091657.102724
795091657.102724
795091657.102724
794691205.99972
794691205.99972
794736129.677693
794377201.076549
794377201.076549
794377201.076549
794824148.921545
794824148.921545
794985245.425624
794985245.425624
794665749.502963
794926031.439029
794926031.439029
794926031.439029
794926031.439029
794926031.439029
794926031.439029
794980944.62383
794980944.62383
794980944.62383
794980944.62383
794980944.62383
794660650.111656
794660650.111656
794660650.111656
794660650.111656
794728782.362457
794728782.362457
794728782.362457
794728782.362457
794746020.713002
794746020.713002
794746020.713002
794746020.713002
794746020.713002
794694009.243136
794694009.243136
794694009.243136
795064623.512515
795064623.512515
795064623.512515
795064623.512515
795064623.512515
794811640.285375
794811640.285375
794811640.285375
794811640.285375
794811640.285375
794811640.285375
794645915.048171
794645915.048171
795275626.993116
794856790.087686
794856790.087686
794856790.087686
795314488.416894
795314488.416894
794822297.602013
794822297.602013
794822297.602013
795375194.795405
795375194.795405
795375194.795405
795525637.155509
794950623.035527
794950623.035527
794950623.035527
794950623.035527
795279106.773218
795279106.773218
795185569.388637
795353315.61046
795353315.61046
795353315.61046
794986828.140313
794986828.140313
795252867.36321
795126284.497287
795304461.977492
795304461.977492
795158704.913225
795158704.913225
794833086.810696
794746974.098784
795087783.517534
795351742.589998
795665494.811396
795387151.742522
795262948.013711
795262948.013711
795262948.013711
795262948.013711
795262948.013711
795262948.013711
795262948.013711
795262948.013711
795262948.013711
795262948.013711
795262948.013711
795262948.013711
795262948.013711
795262948.013711
795048585.645061
795048585.645061
795048585.645061
794942628.237607
795016826.536393
795837214.295573
795837214.295573
795837214.295573
795837214.295573
795837214.295573
795786730.874243
795786730.874243
795649919.091543
795566215.513587
795267808.407073
795267808.407073
795067471.859015
795422063.686657
795422063.686657
795422063.686657
795422063.686657
795422063.686657
795614633.689641
795614633.689641
795614633.689641
795541297.974766
795541297.974766
795241440.887406
795293546.778297
795293546.778297
795020708.641463
795020708.641463
795069986.561387
795069986.561387
795069986.561387
795044971.630177
795044971.630177
795044971.630177
795044971.630177
795044971.630177
795044971.630177
795044971.630177
795044971.630177
795044971.630177
795011926.431442
795011926.431442
795011926.431442
795062774.083179
795421364.037912
795421364.037912
795421364.037912
795421364.037912
795421364.037912
795421364.037912
795505222.236554
795029598.353778
794987864.74109
794987864.74109
794987864.74109
794987864.74109
794987864.74109
795165839.460908
795165839.460908
795165839.460908
795165839.460908
794980673.820565
794798439.570226
794798439.570226
794798439.570226
794912448.262833
794668225.347885
794668225.347885
794668225.347885
794661834.862391
794661834.862391
794878120.887783
794878120.887783
794878120.887783
794878120.887783
795525321.556545
795274324.592026
795195116.057845
795195116.057845
795325164.854589
795321812.384663
795321812.384663
795271522.583247
795271522.583247
795464462.320561
795245213.319411
795245213.319411
795245213.319411
795435700.146063
795435700.146063
795435700.146063
795435700.146063
795435700.146063
795315339.578727
795104338.968845
795186987.386119
795186987.386119
795796876.68505
795533623.58229
795533623.58229
795533623.58229
795533623.58229
795252687.493556
795252687.493556
795252687.493556
795252687.493556
795739174.31999
795954960.277418
795954960.277418
795954960.277418
795954960.277418
795954960.277418
795694746.391596
795281455.844437
795281455.844437
795281455.844437
795281455.844437
795281455.844437
795281455.844437
795348614.665856
795348614.665856
795348614.665856
795283614.557097
794954813.535886
794954813.535886
794784843.574173
794784843.574173
794534671.196362
794534671.196362
794534671.196362
794612375.154124
795066557.839221
795066557.839221
794924259.729372
794924259.729372
794924259.729372
794924259.729372
794924259.729372
794924259.729372
794924259.729372
794924259.729372
794924259.729372
795009646.228839
795009646.228839
795105441.724914
795105441.724914
795105441.724914
795105441.724914
795105441.724914
795515633.810365
795515633.810365
795515633.810365
795515633.810365
795371122.511535
795371122.511535
795404657.21151
795404657.21151
795404657.21151
795404657.21151
795278852.455419
795278852.455419
795278852.455419
795278852.455419
795278852.455419
795278852.455419
795048990.403579
795281329.240251
795235877.915075
795235877.915075
795012659.28388
795012659.28388
795012659.28388
795012659.28388
795012659.28388
795020180.57665
795020180.57665
795020180.57665
795020180.57665
795012540.428526
795012540.428526
795012540.428526
794712528.200066
794712528.200066
795225601.473483
795225601.473483
795225601.473483
795225601.473483
795074678.308539
795074678.308539
795074678.308539
794889790.714573
794889790.714573
794889790.714573
794889790.714573
794566157.27867
794862561.290583
794862561.290583
795255003.915861
794999519.01464
794999519.01464
795059382.477601
795059382.477601
795059382.477601
794697407.612009
794828619.56795
794935709.669329
794935709.669329
795053893.678772
795124340.343719
795124340.343719
795124340.343719
795124340.343719
795137884.104652
795137884.104652
795137884.104652
795137884.104652
795570880.019643
795570880.019643
795299643.887594
795720380.059009
795409248.692232
795403567.530782
795722327.187966
795575166.72812
794737027.625239
794947448.474406
795266902.424121
795266902.424121
795266902.424121
795266902.424121
795266902.424121
795266902.424121
795210812.824829
795210812.824829
795210812.824829
795210812.824829
795195845.147464
795195845.147464
795195845.147464
795195845.147464
795195845.147464
795195845.147464
795195845.147464
795195845.147464
795195845.147464
795516930.475733
795516930.475733
795747403.207809
795747403.207809
795747403.207809
795747403.207809
795747403.207809
795747403.207809
795582173.781378
795582173.781378
795582173.781378
795571009.051472
795571009.051472
795571009.051472
795375390.996307
795192972.590011
795192972.590011
795192972.590011
794874476.642587
794886648.125031
794804593.169582
795290068.628358
795290068.628358
795290068.628358
795290068.628358
795290068.628358
795290068.628358
795290068.628358
795458772.764163
795458772.764163
795458772.764163
795458772.764163
795602749.078287
794919974.205164
795289965.815603
795289965.815603
795389305.679634
795389305.679634
795389305.679634
795351498.92079
795351498.92079
795265315.315072
795118251.706832
794807396.601016
795167842.608949
795167842.608949
795167842.608949
795320659.080575
795320659.080575
795484599.455653
795391138.667462
795391138.667462
795573289.905723
795573289.905723
795573289.905723
795261326.338706
795336417.501163
795336417.501163
795264177.722579
795264177.722579
795150626.902858
795457287.195667
795457287.195667
795457287.195667
795436781.122388
795484916.66415
795488816.643314
795122116.300603
795690642.306683
795671176.563292
795381862.658934
795381862.658934
795302927.345718
795118077.351171
795118077.351171
795197583.784975
795098183.382695
795006293.8648
795356114.037907
795356114.037907
795778105.028343
794980441.604187
794980441.604187
794980441.604187
794944637.002676
794944637.002676
794944637.002676
794944637.002676
794944637.002676
795009504.223132
795276418.997368
795276418.997368
795239031.141662
795239031.141662
795239031.141662
795411106.8293
795177735.525214
795177735.525214
795301976.804599
795063540.707243
795063540.707243
795063540.707243
795063540.707243
795599216.10046
795599216.10046
795816444.025772
795224792.127459
795224792.127459
795399935.062099
795399935.062099
795306668.17971
795306668.17971
794956084.710435
794956084.710435
794956084.710435
795643373.313049
795506543.256247
795506543.256247
795506543.256247
795410390.072462
795127101.345281
795127101.345281
795127101.345281
794913909.675861
795275461.271306
795275461.271306
795778059.31919
795283405.225397
795383629.791881
795383629.791881
794936850.748567
794936850.748567
794936850.748567
794936850.748567
795229712.211372
795229712.211372
795011199.036815
795011199.036815
794959231.584503
794959231.584503
794937309.943144
795140195.571766
795140195.571766
795140195.571766
795140195.571766
795226295.818611
795226295.818611
795226295.818611
794809207.578839
794863880.669006
794863880.669006
794853392.206339
794853392.206339
794853392.206339
795006815.597381
794559396.65966
794559396.65966
794559396.65966
794559396.65966
794559396.65966
794559396.65966
795170395.650092
795170395.650092
795127737.640873
795127737.640873
795127737.640873
795084951.110723
795084951.110723
794986360.454071
794986360.454071
794986360.454071
795004671.565135
794883368.118343
794883368.118343
794701916.336965
794763187.971058
794763187.971058
794875375.819237
794782067.28629
794782067.28629
795238779.443752
795238779.443752
795630999.436035
795630999.436035
795630999.436035
795630999.436035
795630999.436035
795699459.974648
795699459.974648
795699459.974648
795699459.974648
794778790.616803
795191841.207106
795191841.207106
794979533.486599
794979533.486599
795404566.389466
794982656.871627
795117926.528327
795117926.528327
795117926.528327
795141564.099588
795132103.562119
795132103.562119
795162227.322356
795520322.35656
795539626.267779
795439236.820862
795677049.420378
795677049.420378
795677049.420378
795677049.420378
795677049.420378
795677049.420378
795677049.420378
795634425.824318
795634425.824318
795634425.824318
795531324.199868
795531324.199868
795531324.199868
795531324.199868
795415428.183447
795415428.183447
795415428.183447
795589566.029043
795589566.029043
795200579.164642
795200579.164642
794956089.418674
794883732.829226
795010179.687798
795010179.687798
795010179.687798
795010179.687798
795010179.687798
795010179.687798
794943700.792473
794943700.792473
794824207.069181
795476843.87663
795476843.87663
795731138.787901
795731138.787901
796049267.154669
795317611.521569
795317611.521569
795317611.521569
795317611.521569
795317611.521569
795317611.521569
795342771.229986
795342771.229986
795026011.273489
795036057.722116
795036057.722116
795162784.623143
795162784.623143
795078243.011685
795235987.193376
795235987.193376
795363536.880934
795363536.880934
795363536.880934
795363536.880934
795363536.880934
795363536.880934
795363536.880934
795363536.880934
795653183.356604
795538302.851215
795538302.851215
795538302.851215
795620700.334628
795505350.910217
795410237.947211
794874021.864103
794874021.864103
795367275.772166
795367275.772166
795367275.772166
795367275.772166
795138089.999217
795146206.96164
795146206.96164
795146206.96164
795070665.678136
795070665.678136
794993600.40449
794993600.40449
794993600.40449
794993600.40449
795152162.010078
795152162.010078
795152162.010078
795152162.010078
795223383.475166
795223383.475166
795223383.475166
795223383.475166
795060902.680989
795060902.680989
795293041.28984
795293041.28984
795293041.28984
795184272.640777
795184272.640777
795184272.640777
795184272.640777
795184272.640777
795184272.640777
795297482.032983
795297482.032983
795297482.032983
795544227.909124
795544227.909124
795572641.799475
795572641.799475
795572641.799475
795572641.799475
795572641.799475
794456002.713779
794500666.708433
794500666.708433
795070795.073925
795070795.073925
795070795.073925
795070795.073925
795044775.647158
795478977.175926
795741445.921453
795014955.147115
795014955.147115
795014955.147115
795014955.147115
795014955.147115
795014955.147115
794934852.077523
794934852.077523
794934852.077523
794934852.077523
794934852.077523
794934852.077523
794914520.191411
794455741.653521
794878231.472438
795278238.355232
795278238.355232
794979707.197148
794979707.197148
795317529.872773
795317529.872773
795260992.525523
795283711.534235
795283711.534235
795283711.534235
795283711.534235
795283711.534235
795283711.534235
795283711.534235
795283711.534235
795283711.534235
795596059.404087
795243213.549085
795243213.549085
795243213.549085
795243213.549085
795243213.549085
795243213.549085
795421358.431519
795421358.431519
795421358.431519
795421358.431519
795421358.431519
794995596.074932
794861302.900342
795064859.641593
795064859.641593
795064859.641593
795064859.641593
795064859.641593
795064859.641593
795064859.641593
795098227.122808
795098227.122808
795098227.122808
795098227.122808
795098227.122808
795252804.701939
795304837.254509
795304837.254509
795304837.254509
795304837.254509
795304837.254509
795086582.756792
795282740.374581
795282740.374581
795282740.374581
795282740.374581
795282740.374581
795282740.374581
795162818.355908
795162818.355908
795162818.355908
795162818.355908
795162818.355908
795162818.355908
795162818.355908
794925646.342024
794925646.342024
794925646.342024
794925646.342024
795429868.60379
795429868.60379
795827823.249226
795736745.366795
795736745.366795
795657681.471987
795084315.061252
795084315.061252
795084315.061252
795084315.061252
795084315.061252
795084315.061252
795084315.061252
794985567.842318
794881791.727292
794881791.727292
794881791.727292
795352917.419907
795320343.943289
795320343.943289
795354541.515548
795200867.411716
795138661.354146
795138661.354146
794992994.060302
794992994.060302
795040569.484616
794910744.859027
795359447.809661
794910587.107772
794913231.107455
795474890.025991
795474890.025991
795474890.025991
795474890.025991
795474890.025991
795286332.871509
794564168.948078
794564168.948078
794957919.631942
794957919.631942
794957919.631942
794937937.963486
794738175.531546
794834596.588857
794834596.588857
794834596.588857
794834596.588857
794834596.588857
794834596.588857
794834596.588857
795179965.589791
795179965.589791
795179965.589791
795179965.589791
795179965.589791
795179965.589791
795179965.589791
794730732.153186
794730732.153186
794730732.153186
794730732.153186
794730732.153186
794730732.153186
794802793.890766
794802793.890766
794802793.890766
794802793.890766
794760775.456937
794760775.456937
795129028.295748
795129028.295748
795164280.112072
795243138.467686
795243138.467686
795243138.467686
795243138.467686
795243138.467686
795181204.686737
795239336.909666
795239336.909666
795239336.909666
795239336.909666
795612133.968541
795612133.968541
795649603.424485
795518188.061771
795104730.986509
795104730.986509
795609277.242967
795664674.768733
795664674.768733
795533654.997676
795533654.997676
795533654.997676
795366906.554521
795088316.902119
794957892.114566
794696333.720657
794696333.720657
795223195.03472
794943419.543784
794910578.878582
795112463.948613
795112463.948613
795112463.948613
795112463.948613
795112463.948613
795112463.948613
795112463.948613
795112463.948613
795620186.34444
795620186.34444
795412302.757772
795412302.757772
795412302.757772
795337811.016262
795135920.116727
794661100.451688
794717170.375798
794717170.375798
794717170.375798
795265964.54434
795265964.54434
795265964.54434
795265964.54434
795265964.54434
795265964.54434
795265964.54434
795378433.638325
795378433.638325
795378433.638325
795304344.684585
795304344.684585
795162095.662531
795162095.662531
795162095.662531
795539887.425476
795539887.425476
795539887.425476
795086794.201917
795086794.201917
795086794.201917
795086794.201917
795168095.252859
795168095.252859
795100633.764446
795100633.764446
794595519.760106
794518032.656738
794518032.656738
794518032.656738
794518032.656738
795398746.830271
795398746.830271
795319379.278324
795029373.974064
795029373.974064
795254616.251828
795254616.251828
795254616.251828
795254616.251828
795154150.685998
795154150.685998
795248750.675201
795385451.700374
795385451.700374
795385451.700374
795385451.700374
795385451.700374
794822136.635546
794822136.635546
795107481.787965
795107481.787965
794914579.740917
795178225.635488
795807246.513669
795807246.513669
795506458.173069
795506458.173069
795506458.173069
795411823.013133
795411823.013133
795313715.781541
795313715.781541
795313715.781541
795221078.468685
795221078.468685
795479232.626136
795432565.966344
795094721.985
795195305.455534
795195305.455534
795195305.455534
795195305.455534
795195305.455534
795195305.455534
794648706.710515
795425257.950553
795372798.952459
795371962.484842
795371962.484842
795371962.484842
794965041.973122
795177343.395283
795177343.395283
795177343.395283
795177343.395283
795177343.395283
795177343.395283
795177343.395283
795179749.905101
795179749.905101
795179749.905101
795290814.014038
795290814.014038
795290814.014038
795678378.261228
795678378.261228
795458265.401328
795473163.169017
795056238.896435
795056238.896435
795056238.896435
795056238.896435
795056238.896435
795056238.896435
794786190.596616
794786190.596616
794786190.596616
795038294.731704
795038294.731704
795038294.731704
795038294.731704
795038294.731704
795038294.731704
795142215.494634
795208025.957022
795235292.925923
795235292.925923
795235292.925923
795235292.925923
795235292.925923
795235292.925923
795235292.925923
795406423.250328
795406423.250328
795125648.194796
795260157.933857
795255454.2428
795255454.2428
795255454.2428
795255454.2428
795255454.2428
795255454.2428
795369096.610749
795494177.391822
795494177.391822
795494177.391822
795596975.942258
795596975.942258
795401500.064011
795164953.559756
795164953.559756
795164953.559756
795164953.559756
795164953.559756
795164953.559756
795164953.559756
795212620.086665
795606536.578665
795606536.578665
795606536.578665
795606536.578665
795606536.578665
794885300.39773
795257741.970857
795257741.970857
795257741.970857
795257741.970857
795670657.684366
795399907.411494
795399907.411494
795194594.330745
795194594.330745
794971812.712454
794971812.712454
794971812.712454
794971812.712454
794963701.53394
795284108.056364
795228187.273088
795228187.273088
795228187.273088
795005486.296635
795395894.58075
795395894.58075
795395894.58075
795395894.58075
795395894.58075
795395894.58075
795395894.58075
795395894.58075
795395894.58075
795395894.58075
795395894.58075
795004876.830023
794778103.63321
794778103.63321
794778103.63321
794947011.959748
795243719.436883
795243719.436883
795243719.436883
795243719.436883
795222918.958119
795222918.958119
795222918.958119
795222918.958119
795222918.958119
795222918.958119
795222918.958119
795222918.958119
795462881.449701
795462881.449701
795462881.449701
795462881.449701
795462881.449701
795462881.449701
795462881.449701
795462881.449701
795462881.449701
795462881.449701
795281959.292695
795281959.292695
795281959.292695
795281959.292695
795281959.292695
795281959.292695
795213011.48457
795214953.064861
795214953.064861
795214953.064861
795214953.064861
795214953.064861
795214953.064861
795214953.064861
795214953.064861
795544746.567015
795544746.567015
795544746.567015
795504596.612906
795504596.612906
795359683.328035
795359683.328035
795359683.328035
795317711.103646
795317711.103646
795035387.65338
795035387.65338
795035387.65338
795182219.293099
794800664.478181
795252183.963425
795252183.963425
795252183.963425
795252183.963425
795252183.963425
795214167.101838
795214167.101838
795214167.101838
795206740.928624
795401105.97694
795309801.490376
795309801.490376
795309801.490376
795309801.490376
795217267.443811
795109685.187393
795109685.187393
795241831.426171
795241831.426171
795241831.426171
795241831.426171
795241831.426171
795319492.442112
795319492.442112
794939237.842179
794939237.842179
794939237.842179
794751980.487207
794751980.487207
794751980.487207
795251409.749007
795251409.749007
795320685.946501
795320685.946501
795320685.946501
795320685.946501
795320685.946501
795320685.946501
795369840.591396
795369840.591396
795385240.049234
795385240.049234
795292277.293888
795292277.293888
795292277.293888
795491772.760696
795491772.760696
795491772.760696
795471433.095594
795401860.768111
795401860.768111
795047631.994309
795047631.994309
795047631.994309
795047631.994309
795047631.994309
795047631.994309
795149282.1297
794834773.274808
794834773.274808
794834773.274808
794834773.274808
795074278.095783
795074278.095783
795074278.095783
795074278.095783
794944295.963145
794944295.963145
794940979.05458
794935581.758292
795166073.769834
795166073.769834
795522482.044771
795522482.044771
795522482.044771
795522482.044771
795522482.044771
795522482.044771
795350253.671817
794336987.230075
795222659.59008
795222659.59008
795248310.14347
795657320.679653
795477218.81554
795477218.81554
795477218.81554
795477218.81554
795477218.81554
795477218.81554
795477218.81554
795354655.632592
795474908.251046
795474908.251046
795474908.251046
795429039.806644
795429039.806644
795429039.806644
795429039.806644
795429039.806644
795429039.806644
795429039.806644
795429039.806644
795366449.258002
795366449.258002
795366449.258002
795380656.962126
795521987.181666
795521987.181666
795521987.181666
795119189.148234
795119189.148234
795041202.364271
795041202.364271
795041202.364271
794745283.148497
795059860.239534
795059860.239534
795059860.239534
795059860.239534
795059860.239534
795428023.771595
795428023.771595
795428023.771595
794851545.104027
794851545.104027
794851545.104027
794596755.530464
794596755.530464
794637586.901584
794637586.901584
794637586.901584
794686396.106127
794914134.142058
794914134.142058
794914134.142058
794914134.142058
795336405.841143
795336405.841143
795336405.841143
795336405.841143
795336405.841143
795336405.841143
795317951.774633
795317951.774633
795317951.774633
795338179.667336
795112526.382394
795112526.382394
794634711.470407
795228520.24557
795228520.24557
795228520.24557
795228520.24557
795228520.24557
795228520.24557
795228520.24557
795184916.70883
795184916.70883
795184916.70883
795184916.70883
795184916.70883
795652370.791942
795652370.791942
795652370.791942
795652370.791942
795652370.791942
795652370.791942
795303394.436225
794992629.294092
794992629.294092
794370929.969093
794618603.48483
794618603.48483
794618603.48483
794618603.48483
794618603.48483
794618603.48483
794623727.550131
794929573.953277
794929573.953277
794787538.331727
795000319.076756
795000319.076756
795000319.076756
794948349.144727
794948349.144727
794948349.144727
795036790.014373
795036790.014373
795105722.22038
795105722.22038
795105722.22038
795359962.403139
795126626.796075
795126626.796075
795126626.796075
794841448.541893
794841448.541893
794841448.541893
794834595.031499
794834595.031499
794834595.031499
794834595.031499
795092659.159945
795369974.026139
794961264.355938
794961264.355938
794961264.355938
794961264.355938
794875872.598662
794875872.598662
794875872.598662
794875872.598662
795042034.548409
795042034.548409
795042034.548409
795194714.354704
795454670.080947
795454670.080947
795454670.080947
795454670.080947
795454670.080947
795454670.080947
795454670.080947
795454670.080947
794663323.584309
795009876.590481
795009876.590481
795056923.576638
795056923.576638
795056923.576638
795056923.576638
795056923.576638
795056923.576638
795056923.576638
795056923.576638
795477305.166036
795477305.166036
794621588.88114
794621588.88114
795215976.223266
795215976.223266
795215976.223266
795215976.223266
795453986.564583
795375105.183314
795375105.183314
795621694.760683
795362678.306639
795362678.306639
794739373.911875
794803321.411277
794803321.411277
794803321.411277
794803321.411277
794803321.411277
794883668.031298
794883668.031298
794883668.031298
794883668.031298
795027195.106996
795679923.267606
795897191.477493
795897191.477493
795468863.07028
795468863.07028
795556119.19041
795556119.19041
795556119.19041
795043510.641967
795043510.641967
795043510.641967
795094671.550371
795094671.550371
794993753.463246
795347715.285991
795223998.040868
794789885.661393
794789885.661393
794789885.661393
794789885.661393
794758030.262441
794758030.262441
795057972.4457
794775061.379726
794917691.778207
794917691.778207
794917691.778207
794917691.778207
794917691.778207
795009959.022661
794891433.24031
794891433.24031
794891433.24031
794891433.24031
794891433.24031
794736110.355909
794735276.190377
794735276.190377
794943623.181461
794882616.358701
795598823.312093
795515309.070053
795917857.057044
795917857.057044
795668473.848913
795668473.848913
795668473.848913
795668473.848913
795668473.848913
795668473.848913
795668473.848913
795668473.848913
795668473.848913
795668473.848913
795668473.848913
795668473.848913
795072288.045152
795053536.758422
795053536.758422
795053536.758422
795053536.758422
795053536.758422
795053536.758422
795275346.803647
794662584.310889
794662584.310889
794662584.310889
794662584.310889
794980910.082914
794980910.082914
794980910.082914
794710099.295902
794891752.855026
794891752.855026
795544941.649471
795544941.649471
795566869.058363
795644145.476275
795644145.476275
795339413.366443
795339413.366443
795656546.167313
795656546.167313
795656546.167313
795335198.818222
795300309.550171
795300309.550171
795566100.5247
795566100.5247
795566100.5247
795566100.5247
795566100.5247
795566100.5247
795566100.5247
795566100.5247
795145284.096521
794524018.823339
794673548.387205
794673548.387205
794673548.387205
794673548.387205
794673548.387205
795228078.000073
794897231.720575
794791891.86083
794791891.86083
794801261.384937
794801261.384937
794748202.497939
794748202.497939
794748202.497939
794748202.497939
794748202.497939
794748202.497939
795471355.28026
795595895.563209
795595895.563209
795595895.563209
795787319.641091
795718622.873423
795718622.873423
795515920.402504
795515920.402504
795515920.402504
795004996.999376
795004996.999376
795004996.999376
795004996.999376
795004996.999376
795004996.999376
795004996.999376
795365145.11586
795365145.11586
795365145.11586
795365145.11586
795365145.11586
795365145.11586
794801718.724608
794801718.724608
795419582.422747
795419582.422747
795465361.023106
795465361.023106
795465361.023106
795465361.023106
795465361.023106
795465361.023106
795465361.023106
795362010.60319
795302655.015729
795302655.015729
795302655.015729
795302655.015729
795517049.381914
795517049.381914
795538067.957979
795538067.957979
795538067.957979
795538067.957979
795538067.957979
795522138.024106
795522138.024106
795522138.024106
795522138.024106
795250916.555977
795250916.555977
795250916.555977
795250916.555977
795119816.772732
795119816.772732
795119816.772732
795119816.772732
795200552.545777
795200552.545777
795200552.545777
795200552.545777
794883208.964087
794883208.964087
794883208.964087
795542580.799037
795132345.90733
795132345.90733
795132345.90733
795132345.90733
795004577.597071
795004577.597071
795004577.597071
795004577.597071
795004577.597071
795004577.597071
795004577.597071
795061554.024106
795621659.865018
795621659.865018
795660617.857031
795660617.857031
795660617.857031
795505604.297223
795704979.303449
795704979.303449
795638146.785046
795491167.172917
795543754.583354
795543754.583354
795658175.695594
795658175.695594
795658175.695594
795205180.539038
795205180.539038
795205180.539038
795205180.539038
794866647.763656
794866647.763656
795165617.03236
795165617.03236
795099445.529724
795099445.529724
795099445.529724
795099445.529724
795099445.529724
795099445.529724
795099445.529724
795099445.529724
795201162.078293
795201162.078293
795201162.078293
795201162.078293
795332999.929844
795448251.697565
795428130.385357
795184034.683286
795184034.683286
795323239.304029
795172417.464608
795172417.464608
795012012.715119
795012012.715119
794826648.09229
794826648.09229
794826648.09229
795476023.862244
795239177.70284
795239177.70284
795106999.267254
795346746.681301
795346746.681301
795346746.681301
795346746.681301
795346746.681301
795346746.681301
795346746.681301
795346746.681301
795346746.681301
795346746.681301
795346746.681301
795425951.142417
795425951.142417
795425951.142417
795106686.358246
795106686.358246
795537166.38187
795537166.38187
795656568.757741
795285762.679504
795285762.679504
795003674.685195
795003674.685195
795003674.685195
794953532.041251
795345050.30977
795345050.30977
795482472.435216
795653349.929863
795305277.388047
795860951.293207
795860951.293207
795904522.289446
795710606.366181
795106002.44751
795106002.44751
795106002.44751
795106002.44751
794900859.98165
794900859.98165
794900859.98165
794900859.98165
794688161.45795
794688161.45795
795053125.655848
794869714.089607
795277526.036028
795021015.309343
794884301.195719
794884301.195719
795236228.885819
795236228.885819
795236228.885819
795684565.010445
795684565.010445
795684565.010445
795313294.647328
795690448.102496
794986871.584648
794986871.584648
794986871.584648
794986871.584648
794986871.584648
794999233.18502
794731335.069437
795033238.972659
795033238.972659
795033238.972659
795283583.928791
795426559.994339
795426559.994339
795236719.56726
795236719.56726
795236719.56726
795236719.56726
795236719.56726
795236719.56726
794944877.467647
794878260.651117
794878260.651117
795093409.600648
795093409.600648
795181816.593679
795181816.593679
795181816.593679
795004019.350547
794962548.49414
795453129.652329
795453129.652329
795453129.652329
795411527.006905
795411527.006905
795411527.006905
795411527.006905
795411527.006905
795260275.242522
795260275.242522
795260275.242522
795304236.633137
795304236.633137
795304236.633137
795304236.633137
795304236.633137
795304236.633137
795171907.699887
795183237.713699
795183237.713699
795183237.713699
795204337.713894
795204337.713894
795204337.713894
795345756.573509
795345756.573509
795620442.382378
795620442.382378
795690553.979255
795690553.979255
795690553.979255
795612706.713986
795427263.154313
795427263.154313
795427263.154313
795427263.154313
795427263.154313
795427263.154313
795427263.154313
795427263.154313
794862943.363189
795487649.812048
795017629.907884
795341855.618374
795148119.472262
795148119.472262
795148119.472262
795294558.006797
795294558.006797
795388213.940523
795388213.940523
795609196.060936
795609196.060936
795252612.268073
795151967.602099
795319785.550678
795319785.550678
795154695.827086
795080435.766098
795143175.212753
795376119.412675
795376119.412675
795387568.66231
795479419.456993
795479419.456993
795479419.456993
795479419.456993
795597457.173723
795297717.697436
795256910.596826
794808209.403949
794808209.403949
794808209.403949
794654644.081802
794654644.081802
794654644.081802
794654644.081802
795213824.349852
795213824.349852
795314823.42337
795314823.42337
795329223.183463
795329223.183463
795329223.183463
795421457.017788
795421457.017788
795421457.017788
795735686.452059
795735686.452059
795843358.390173
795843358.390173
795641960.789559
795370040.853946
795424487.423691
795027202.471508
795661567.081999
795661567.081999
795325447.750646
795078888.617992
795139021.923695
795139021.923695
795442232.51153
795442232.51153
795442232.51153
795442232.51153
795442232.51153
794978595.04912
794978595.04912
794753847.822899
794753847.822899
794826783.941337
795017653.260966
795017653.260966
795017653.260966
795017653.260966
795092473.536753
794938702.152535
794938702.152535
794938702.152535
794938702.152535
794938702.152535
794938702.152535
794938702.152535
794938702.152535
795129309.207073
795129309.207073
795129309.207073
795129309.207073
795129309.207073
795129309.207073
795115419.989019
795115419.989019
795115419.989019
795115419.989019
795189891.606621
795189891.606621
795189891.606621
795189891.606621
795189891.606621
795189891.606621
795189891.606621
795189891.606621
795189891.606621
795100770.222859
795100770.222859
795100770.222859
795100770.222859
795053370.446346
795053370.446346
795053370.446346
795153812.225388
795153812.225388
795474168.252912
795474168.252912
795611438.732326
795611438.732326
795611438.732326
795611438.732326
795611438.732326
795611438.732326
795611438.732326
795611438.732326
795611438.732326
795611438.732326
795611438.732326
795560516.610881
795481527.441254
795481527.441254
795481527.441254
795481527.441254
795802786.04503
795374096.79257
795374096.79257
795374096.79257
795374096.79257
795374096.79257
795374096.79257
795556616.878686
795556616.878686
795556616.878686
795162255.181725
795162255.181725
795162255.181725
795162255.181725
795800394.234427
795800394.234427
795800394.234427
795918877.296633
796162486.244838
796162486.244838
795779868.896457
795169488.973422
795169488.973422
795169488.973422
795260522.259413
795260522.259413
795260522.259413
795260522.259413
795260522.259413
795260522.259413
795260522.259413
795260522.259413
795240569.090599
794888637.962279
794990593.201139
794990593.201139
794990593.201139
794990593.201139
794990593.201139
794990593.201139
795118617.703717
795118617.703717
795118617.703717
795270731.571159
795270731.571159
795270731.571159
795270731.571159
795339465.196791
795445772.408899
795445772.408899
795445772.408899
795418124.798824
795599899.103389
795599899.103389
795629094.553204
795617886.058775
795066706.569005
795066706.569005
795066706.569005
795008612.365255
795008612.365255
795008612.365255
794992328.971264
794992328.971264
794992328.971264
795216918.576029
795216918.576029
795216918.576029
795216918.576029
795073340.038825
795368031.715586
795368031.715586
795368031.715586
795368031.715586
795368031.715586
795368031.715586
795368031.715586
795127706.296752
795127706.296752
795127706.296752
795127706.296752
795127706.296752
795127706.296752
795213739.490291
795213739.490291
795532375.019105
795680657.496611
795826624.390209
795952561.95959
795952561.95959
795173516.710223
795173516.710223
794938928.563558
795531558.273575
795531558.273575
795829802.395386
795829802.395386
795829802.395386
795829802.395386
795829802.395386
795190748.583862
795470084.583148
795470084.583148
795553746.531018
795908742.968389
795931537.671481
795931537.671481
795767506.424343
795359754.288672
795342593.705482
795304542.151491
795304542.151491
795304542.151491
795304542.151491
795304542.151491
795391950.972649
795391950.972649
795391950.972649
795512480.01761
795512480.01761
795745209.235443
795745209.235443
794962510.815765
794962510.815765
794999532.634928
794999532.634928
794999532.634928
794999532.634928
794999532.634928
794999532.634928
795536730.248042
795536730.248042
795536730.248042
795146264.337862
795146264.337862
794916181.405632
794980373.199396
794980373.199396
794980373.199396
794893540.276591
794887037.056676
794887037.056676
794887037.056676
794887037.056676
795420430.190315
795519711.829878
795519711.829878
795547449.905886
795547449.905886
795547449.905886
795547449.905886
795547449.905886
795363441.671332
795363441.671332
795363441.671332
795363441.671332
795363441.671332
795589586.431666
795589586.431666
795589586.431666
796121000.238229
796121000.238229
795578705.680154
795578705.680154
795578705.680154
795578705.680154
795578705.680154
795578705.680154
795496238.016757
795496238.016757
795152998.734168
795152998.734168
795152998.734168
795152998.734168
795152998.734168
795745047.906901
795745047.906901
795782610.701851
794886340.051792
794807785.877946
794807785.877946
794807785.877946
794807785.877946
794807785.877946
794807785.877946
794807785.877946
794807785.877946
794807785.877946
794807785.877946
794638296.837595
794638296.837595
795745109.968393
795485871.113903
795485871.113903
795485871.113903
794838492.026041
794838492.026041
794838492.026041
794838492.026041
795151698.40154
794937752.544588
795524698.010215
795524698.010215
795834264.04237
795358256.363444
795335829.901944
795077077.129515
795178392.798561
795099544.076528
795099544.076528
795922435.90003
795747680.750389
795756434.016334
795756434.016334
795756434.016334
795657300.833828
795657300.833828
795855791.125523
795855791.125523
795573666.883324
795628143.318946
795628143.318946
795628143.318946
795628143.318946
795628143.318946
795628143.318946
795628143.318946
795628143.318946
794788888.864136
794788888.864136
794788888.864136
794788888.864136
794687412.793309
794687412.793309
794808319.714413
794808319.714413
794808319.714413
795296216.926535
795296216.926535
795296216.926535
795296216.926535
795296216.926535
795296216.926535
795296216.926535
795280457.607618
795280457.607618
795151092.252765
795807117.633705
795496231.311912
795496231.311912
795496231.311912
795034495.69782
795313017.048837
795074778.287366
795049956.884539
795049956.884539
795166264.057534
795166264.057534
795166264.057534
795203730.65493
795185336.454695
795685414.620243
795685414.620243
795685414.620243
795685414.620243
795685414.620243
795685414.620243
795685414.620243
795462507.097384
795164351.966644
795579035.223614
795579035.223614
795477558.347978
795293975.767073
795293975.767073
795499970.67637
795499970.67637
795499970.67637
795499970.67637
795325064.554659
795549475.863938
795549475.863938
795549475.863938
794932201.144354
794737463.866445
794737463.866445
795131451.307323
795131451.307323
795131451.307323
794588579.714999
794588579.714999
794943485.209486
795431968.134607
795431968.134607
795431968.134607
795431968.134607
795431968.134607
795171523.351373
795082179.28142
795082179.28142
795082179.28142
795082179.28142
795082179.28142
795082179.28142
795271415.454924
795468509.042392
795468509.042392
795468509.042392
795170134.170752
795180304.255792
795180304.255792
795180304.255792
795180304.255792
795180304.255792
795377769.919331
795377769.919331
795377769.919331
795377769.919331
795146244.596137
795637251.119628
795637251.119628
795637251.119628
795211467.133879
795211467.133879
794667012.620164
795232376.201675
795232376.201675
795093407.562262
795241439.022454
795241439.022454
795241439.022454
795158224.884036
795158224.884036
795158224.884036
795158224.884036
795158224.884036
795099150.116428
795099150.116428
795099150.116428
795099150.116428
795099150.116428
795099150.116428
795137260.723401
794967299.31094
795229772.568298
795229772.568298
795229772.568298
795229772.568298
795229772.568298
795215278.878445
795215278.878445
795145587.0305
795145587.0305
795488037.847566
795063910.385262
795063910.385262
795423528.70621
795423528.70621
795423528.70621
795423528.70621
794933964.043255
795121557.196512
795325332.900187
795325332.900187
795325332.900187
795325332.900187
795322497.951014
795430791.983852
795430791.983852
795430791.983852
795430791.983852
795430791.983852
795494616.854945
795279595.493858
795279595.493858
795367246.19751
795367246.19751
795353139.644609
795353139.644609
795353139.644609
795352832.98315
795352832.98315
795352832.98315
795537408.099125
795118991.408985
795392783.30619
795393301.922373
795144945.516587
795138666.818709
795138666.818709
795138666.818709
795138666.818709
795138666.818709
795138666.818709
795138666.818709
795138666.818709
795332907.983461
795332907.983461
795332907.983461
795332907.983461
795008678.810674
795008678.810674
795008678.810674
795054562.351621
795054562.351621
794922954.429916
794922954.429916
795217555.38169
795217555.38169
795217555.38169
795217555.38169
795217555.38169
795217555.38169
795217555.38169
795424299.86747
795424299.86747
795424299.86747
795567264.360013
795567264.360013
795213317.919759
795123207.408684
795123207.408684
795123207.408684
795385747.642011
795351613.844718
795351613.844718
795115848.549368
795115848.549368
794881309.353105
794881309.353105
794889403.036507
794889403.036507
794956389.93219
794942089.049836
794942089.049836
795170670.666829
795146074.358175
795146074.358175
795146074.358175
795146074.358175
795334101.588257
795350770.079383
795350770.079383
795350770.079383
795350770.079383
795463898.113632
794851153.523
794690405.305607
794690405.305607
794690405.305607
794690405.305607
795163260.748814
795163260.748814
795053591.82834
795202375.909833
795330489.360004
795282069.862756
795282069.862756
794972824.109708
794972824.109708
794947405.275618
794947405.275618
794980682.659794
794980682.659794
794980682.659794
795117257.862531
795117257.862531
795117257.862531
795117257.862531
795117257.862531
795016602.387635
795016602.387635
795084134.726051
794977652.221824
794977652.221824
794977652.221824
794977652.221824
794977652.221824
795053014.209112
795053014.209112
795143270.54026
795143270.54026
795143270.54026
795143270.54026
795143270.54026
795143270.54026
795143270.54026
795143270.54026
795143270.54026
795143270.54026
795143270.54026
795194075.582334
795389577.798209
795389577.798209
795196293.637893
795020966.943996
795020966.943996
794860571.431956
794860571.431956
795062029.454525
795062029.454525
795062029.454525
795062029.454525
795062029.454525
794857683.915769
794886599.520083
794898403.362353
794898403.362353
794688302.735323
794957757.817549
794957757.817549
794957757.817549
794957757.817549
795195937.589959
795195937.589959
795195937.589959
795195937.589959
795195937.589959
795841488.595744
795537334.353652
795137013.484254
795137013.484254
795137013.484254
794890490.461491
794824870.523268
794956910.474048
795097592.853063
794982751.292094
795424998.364129
795424998.364129
795424998.364129
795699252.040448
795699252.040448
795699252.040448
795699252.040448
795752596.595822
795775761.509829
795775761.509829
795775761.509829
795161782.35448
795161782.35448
794981665.875021
794981665.875021
794981665.875021
795567546.199724
795567546.199724
795567546.199724
795533026.489084
795471733.029362
795471733.029362
794628926.25762
794628926.25762
795402182.743958
795085981.196549
795085981.196549
795085981.196549
795085981.196549
795085981.196549
795402899.050028
795832868.733421
795832868.733421
795832868.733421
795832868.733421
795832868.733421
795832868.733421
795832868.733421
795832868.733421
795832868.733421
795832868.733421
795558213.880581
795558213.880581
795558213.880581
795558213.880581
795558213.880581
795413885.489573
795413885.489573
795413885.489573
795413885.489573
795332000.92771
795332000.92771
795332000.92771
795332000.92771
795386318.543071
795386318.543071
795386318.543071
795386318.543071
795500915.482306
795500915.482306
795602038.580989
795602038.580989
795602038.580989
795602038.580989
795010608.630987
795010608.630987
795010608.630987
795041959.339583
795041959.339583
795477998.301397
795477998.301397
795477998.301397
795477998.301397
795477998.301397
795737419.704008
795737419.704008
795483822.330697
795298798.702411
795298798.702411
795298798.702411
795298798.702411
795298798.702411
795270881.353732
795270881.353732
795270881.353732
795270881.353732
795255766.390997
795255766.390997
795255766.390997
795399792.363223
795399792.363223
795461307.566198
795461307.566198
795461307.566198
795461307.566198
795461307.566198
795461307.566198
794925768.679454
795170346.001465
795170346.001465
795419234.635306
795419234.635306
794848809.634048
794848809.634048
794848809.634048
795589963.415035
795422805.838327
795144207.734396
795174584.414701
795174584.414701
795174584.414701
795388308.907995
795388308.907995
795388308.907995
795388308.907995
794810289.313775
795199528.109202
795199528.109202
795199528.109202
795199528.109202
795308119.944433
795308119.944433
795308119.944433
795234481.479598
795234481.479598
795317548.74014
795317548.74014
795545082.522941
795545082.522941
795477950.427405
795477950.427405
795477950.427405
795477950.427405
795349283.758191
795349283.758191
795204981.08133
795204981.08133
795204981.08133
794888888.600866
794888888.600866
795154144.067515
795154144.067515
795005592.656084
795005592.656084
794913910.95462
794913910.95462
794935850.930418
794935850.930418
794935850.930418
794862671.790722
794862671.790722
795062533.259325
794972837.684339
795610294.383445
795610294.383445
795610294.383445
795036698.299414
795036698.299414
795232344.346725
795232344.346725
795232344.346725
795232344.346725
795232344.346725
795317658.339307
795317658.339307
794905087.845876
794905087.845876
795045383.214086
795045383.214086
795045383.214086
795045383.214086
795045383.214086
795477133.542956
795477133.542956
795596062.669918
795596062.669918
795596062.669918
795596062.669918
795596062.669918
795596062.669918
795556881.560225
795556881.560225
795556881.560225
795556881.560225
795428717.387522
795428717.387522
795428717.387522
795428717.387522
795693638.14198
795215933.443118
795215933.443118
795215933.443118
795195326.629689
795195326.629689
795195326.629689
795195326.629689
795195326.629689
795195326.629689
795195326.629689
794940194.407137
794886072.323504
794886072.323504
794886072.323504
795374481.737963
795374481.737963
795437886.659499
795547979.998682
795547979.998682
795017785.227797
795017785.227797
795017785.227797
795066496.129453
795066496.129453
795066496.129453
795362202.494536
795362202.494536
795362202.494536
794929794.436975
794929794.436975
794929794.436975
794929794.436975
794929794.436975
794929794.436975
794929794.436975
794929794.436975
794929794.436975
794972278.0325
794972278.0325
795334608.934227
795334608.934227
795334608.934227
795334608.934227
795334608.934227
795334608.934227
795334608.934227
795334608.934227
795440120.449876
795440120.449876
795440120.449876
795318574.597873
795318574.597873
794817602.025526
794810088.367345
795119235.504401
795119235.504401
795415858.380672
794747167.442377
794747167.442377
794747167.442377
794772114.214787
794938033.779292
794938033.779292
794938033.779292
795162114.539192
795673016.415418
795673016.415418
795112768.255137
795112768.255137
795112768.255137
795208286.862377
795490683.570341
795490683.570341
795490683.570341
795490683.570341
795490683.570341
795490683.570341
795612040.479427
795612040.479427
795612040.479427
795612040.479427
795612040.479427
795612040.479427
795612040.479427
795322546.423252
795231710.61568
795231710.61568
795231710.61568
795231710.61568
795231710.61568
795231710.61568
795231710.61568
795231710.61568
795231710.61568
795231710.61568
795229387.392272
795229387.392272
795229387.392272
795554438.963649
795493676.33116
795447191.115714
795521307.379337
795521307.379337
795521307.379337
795556899.808546
795556899.808546
795556899.808546
795556899.808546
795556899.808546
795556899.808546
795556899.808546
795556899.808546
795743085.278655
795743085.278655
795743085.278655
795681384.94728
795681384.94728
795681384.94728
795507628.037219
795507628.037219
795507628.037219
795507628.037219
795507628.037219
794904934.494161
794904934.494161
794904934.494161
794904934.494161
794749010.98765
794749010.98765
795177547.245557
795177547.245557
795285653.151686
795657781.505841
795041432.922035
794948532.847471
794948532.847471
795205649.761781
795225727.86286
795531530.410331
795531530.410331
795531530.410331
795531530.410331
795531530.410331
795120247.184276
795120247.184276
795120247.184276
795338269.451433
795338269.451433
795338269.451433
794837176.587964
794902808.56579
794902808.56579
794902808.56579
794902808.56579
795411894.995299
795411894.995299
795411894.995299
795411894.995299
795411894.995299
795411894.995299
794891131.610557
795284846.774124
795284846.774124
795284846.774124
795284846.774124
795284846.774124
795284846.774124
795284846.774124
795284846.774124
795284846.774124
795284846.774124
795284846.774124
795284846.774124
795284846.774124
795284846.774124
795284846.774124
795284846.774124
795284846.774124
795378679.970315
795378679.970315
795378679.970315
795378679.970315
795378679.970315
795378679.970315
795116704.802229
795116704.802229
795116704.802229
795224242.12833
794899059.930864
794988535.789871
794988535.789871
795182770.710528
795182770.710528
795182770.710528
795182770.710528
795303131.238217
795303131.238217
795303131.238217
795303131.238217
795116528.084338
795116528.084338
795116528.084338
795116528.084338
795116528.084338
795126366.930795
795483953.413468
795193357.35762
795193357.35762
795193357.35762
795193357.35762
795179066.889117
795179066.889117
795426220.464685
795426220.464685
795426220.464685
795426220.464685
795312735.512088
795312735.512088
795312735.512088
795312735.512088
795312735.512088
795336830.825102
795124520.820774
795124520.820774
795124520.820774
795056699.895216
794907622.502998
794907622.502998
794907622.502998
795309548.684412
795451141.931198
795693446.965074
795536629.772198
795494620.559733
795494620.559733
795368149.739404
795368149.739404
795021444.319851
795021444.319851
795021444.319851
795021444.319851
795021444.319851
795021444.319851
795062314.717967
795062314.717967
795062314.717967
795062314.717967
795023088.03172
795004802.272788
795004802.272788
795004802.272788
795004802.272788
795004802.272788
795352091.240008
795346525.210663
795377435.905118
795377435.905118
795377435.905118
795377435.905118
795377435.905118
795122954.040169
795122954.040169
795122954.040169
795122954.040169
795122954.040169
795122954.040169
795122954.040169
795015834.910546
795015834.910546
795064669.149861
795064669.149861
795064669.149861
795064669.149861
795064669.149861
795432924.505736
795432924.505736
795432924.505736
795432924.505736
795393928.231437
795393928.231437
795036991.817399
795057483.123257
795618066.874536
795628994.264616
795168072.412915
795168072.412915
795447482.020457
795148857.512206
795148857.512206
795148857.512206
795148857.512206
795136929.956257
795201358.212741
795201358.212741
795201358.212741
795201358.212741
795201358.212741
795080819.555463
795080819.555463
795080819.555463
795080819.555463
795414940.021147
795414940.021147
795414940.021147
795414940.021147
795162459.3444
795162459.3444
795162459.3444
795162459.3444
795162459.3444
795181217.341539
795181217.341539
795181217.341539
795040881.6251
795040881.6251
795040881.6251
795140386.04939
795140386.04939
795140386.04939
795140386.04939
795166163.460831
795166163.460831
795166163.460831
795166163.460831
795166163.460831
795166163.460831
794693498.484639
794693498.484639
794916180.063025
795468204.833706
795468204.833706
795115790.40844
795115790.40844
795102290.833788
795102290.833788
794954496.022771
794954496.022771
795378939.213408
795378939.213408
795200199.340935
795200199.340935
795200199.340935
795011724.516891
795011724.516891
795011724.516891
795004581.89573
795004581.89573
795004581.89573
795175293.172476
795175293.172476
795175293.172476
795109627.170686
795109627.170686
795109627.170686
795109627.170686
795506927.212878
795506927.212878
795189885.113022
795189885.113022
795189885.113022
795189885.113022
795682128.128838
795682128.128838
795210616.850226
795210616.850226
794629049.870603
794789518.14442
794789518.14442
795336975.564206
795336975.564206
795336975.564206
795336975.564206
795463902.839785
795352608.459593
795352608.459593
795352608.459593
795352608.459593
795352608.459593
795352608.459593
795352608.459593
795352608.459593
795352608.459593
795352608.459593
795352608.459593
795700309.839464
795527924.01685
795527924.01685
795527924.01685
795527924.01685
795527924.01685
795413703.025552
795413703.025552
795413703.025552
795367184.204914
794914086.154294
794769504.904821
794769504.904821
794769504.904821
794915216.501487
794915216.501487
795485242.554967
795485242.554967
795178772.490158
795376940.670918
795376940.670918
795462841.95823
795462841.95823
794931827.790603
794931827.790603
794931827.790603
794931827.790603
794931827.790603
794931827.790603
794931827.790603
794920450.489838
794920450.489838
794920450.489838
794920450.489838
794920450.489838
795200645.405352
795026283.297221
795026283.297221
795026283.297221
794916816.39202
794916816.39202
795354722.736619
795354722.736619
795354722.736619
795529344.72965
795509568.913763
795509568.913763
795583385.001398
795583385.001398
795583385.001398
795583385.001398
795589580.236609
795589580.236609
795589580.236609
795436115.134184
795436115.134184
795436115.134184
795436115.134184
795436115.134184
795436115.134184
795559332.992839
795559332.992839
795687895.578977
795687895.578977
795442985.951705
795442985.951705
795442985.951705
795186910.222724
795186910.222724
794870165.703609
795068573.395208
795068573.395208
795068573.395208
795068573.395208
795068573.395208
794907829.189114
795355134.410576
795355134.410576
795355134.410576
795248334.466141
795248334.466141
794666104.163848
794850888.994357
794850888.994357
794646394.16566
794646394.16566
794646394.16566
794646394.16566
794646394.16566
795024822.644406
795024822.644406
795024822.644406
795024822.644406
795299175.708259
795299175.708259
795299175.708259
795299175.708259
795156338.637724
795156338.637724
795156338.637724
794768901.931631
794768901.931631
794768901.931631
794768901.931631
794881723.483081
794552910.198174
794552910.198174
794552910.198174
794708663.464401
794708663.464401
794708663.464401
795252164.295774
795252164.295774
795252164.295774
795252164.295774
795252164.295774
795503414.681388
795503414.681388
795251089.249654
795251089.249654
795251089.249654
795251089.249654
795251089.249654
795251089.249654
795251089.249654
794373326.31468
794373326.31468
794720451.307249
794694925.897267
795210045.688024
795042688.522214
795042688.522214
795042688.522214
795212074.212156
795230790.36492
795582313.536205
795589895.841218
795038672.887013
795001734.27313
795618775.561449
795636077.650059
795615283.264353
795615283.264353
795615283.264353
795615283.264353
795039334.542038
795039334.542038
795425968.635706
795425968.635706
795310359.651358
795310359.651358
795310359.651358
795310359.651358
795310359.651358
795310359.651358
795310359.651358
795199160.492813
795199160.492813
795199160.492813
795199160.492813
795199160.492813
795199160.492813
795199160.492813
795199160.492813
795199160.492813
795199160.492813
795199160.492813
795199160.492813
795199160.492813
795199160.492813
795199160.492813
795249068.864443
795249068.864443
795413976.852227
795413976.852227
795512524.086734
795545987.045318
795545987.045318
795545987.045318
795136574.949378
795123583.844223
795123583.844223
795123583.844223
795220482.593962
795284571.260391
795542929.931082
795542929.931082
795542929.931082
795291875.091149
795291875.091149
795291875.091149
795291875.091149
795291875.091149
795291875.091149
795106415.363381
794905505.602302
794959190.300085
795352043.028157
795492365.251957
795492365.251957
795492365.251957
795492365.251957
795492365.251957
795492365.251957
795276299.956216
795250078.330761
795000328.161254
795238170.318394
795238170.318394
795238170.318394
795238170.318394
795238170.318394
794892356.842123
794947984.166728
794987764.589669
794987764.589669
794987764.589669
794987764.589669
794987764.589669
794987764.589669
794987764.589669
794987764.589669
794988453.217281
795024505.01668
795395706.636812
795395706.636812
795306729.774668
795306729.774668
795306729.774668
795301599.40924
795664767.288569
795310155.8911
795310155.8911
795310155.8911
795310155.8911
795310155.8911
795339273.494183
795339273.494183
795339273.494183
795319412.825305
795319412.825305
795623637.34145
795623637.34145
795623637.34145
795223456.893005
795223456.893005
794982546.657733
795319523.872379
795602245.032144
795602245.032144
795528307.283255
795528307.283255
795594012.666782
795594012.666782
795470433.035078
795446829.720807
795564552.109781
795564552.109781
795548360.413313
795548360.413313
795754413.512981
795443543.728146
795443543.728146
795443543.728146
795143605.273306
795143605.273306
795288486.734491
795288486.734491
795288486.734491
795288486.734491
795089485.934601
795089485.934601
795089485.934601
795089485.934601
795089485.934601
795089485.934601
795089485.934601
795152392.383726
795032291.932819
794818679.10062
794818679.10062
795080001.34001
794857229.401969
794899908.651646
795131024.568909
795417836.994414
795417836.994414
795417836.994414
795417836.994414
795417836.994414
795417836.994414
795417836.994414
795417836.994414
795417836.994414
795417836.994414
795332295.373652
795332295.373652
795332295.373652
795332295.373652
795332295.373652
795332295.373652
794931369.72426
794931369.72426
794908628.683787
794908628.683787
794908628.683787
794723316.340805
794723316.340805
794872895.382365
794872895.382365
794872895.382365
794872895.382365
794893253.315205
794893253.315205
794893253.315205
794583358.562323
794583358.562323
794663692.723265
794663692.723265
794663692.723265
794663692.723265
794637538.617702
794927717.728129
794927717.728129
794927717.728129
794927717.728129
794927717.728129
794927717.728129
794927717.728129
794927717.728129
794927717.728129
795536533.701495
795536533.701495
795536533.701495
795211363.851415
795619411.647731
795619411.647731
795619411.647731
795619411.647731
795619411.647731
795262399.190077
795197195.982022
795197195.982022
795197195.982022
795197195.982022
795540333.816721
795540333.816721
795540333.816721
795540333.816721
795540333.816721
795540333.816721
795453721.639881
795463505.61811
795168273.32334
795168273.32334
795168273.32334
795287299.441996
795287299.441996
795567970.722613
795567970.722613
795374215.042921
795374215.042921
794989944.106077
794860567.469183
794860567.469183
795193362.138642
795133572.542059
795133572.542059
795133572.542059
795223316.463819
795223316.463819
795223316.463819
795223316.463819
794719685.855519
794719685.855519
794719685.855519
794719685.855519
794719685.855519
794719685.855519
794719685.855519
794852151.032109
794852151.032109
794852151.032109
794852151.032109
794852151.032109
795289030.061244
795228894.582353
795228894.582353
795069693.408517
795069693.408517
795258281.380951
795258281.380951
795258281.380951
795087210.532361
795087210.532361
794985474.046147
795196922.121258
795196922.121258
795225603.239211
795289401.034076
795197518.358484
795197518.358484
795197518.358484
795381647.373513
795381647.373513
795312938.241551
795312938.241551
795312938.241551
795312938.241551
795312938.241551
795312938.241551
795210285.785892
795210285.785892
795102208.101403
795036297.359344
794929538.311449
794929538.311449
795045428.537804
795170671.844677
795170671.844677
795170671.844677
795127235.9118
795127235.9118
795127235.9118
795127235.9118
794843589.827062
794843589.827062
794843589.827062
794871360.318463
794871360.318463
795113443.205836
794908703.950248
794908703.950248
794908703.950248
794966363.198725
794966363.198725
794966363.198725
795096830.390447
795096830.390447
795078209.929249
795340628.828032
795340628.828032
795340628.828032
795340628.828032
795340628.828032
795359150.71337
795359150.71337
795525532.789726
795321335.795343
795321335.795343
795321335.795343
795293348.402738
795293348.402738
795293348.402738
795293348.402738
795255503.367241
795255503.367241
795581133.771694
795021074.667721
795042141.891007
794994787.074664
794994787.074664
795099121.591928
795099121.591928
795099121.591928
795099121.591928
795031420.992174
795191774.898975
795191774.898975
795191774.898975
795191774.898975
795191774.898975
795018912.183942
795261918.968561
795261918.968561
795261918.968561
795261918.968561
795261918.968561
795261918.968561
795261918.968561
795261918.968561
795233560.259913
794789251.858657
794789251.858657
794789251.858657
794789251.858657
794789251.858657
794789251.858657
794789251.858657
794644970.754763
794644970.754763
795052673.911631
795171063.425301
795291560.866252
795291560.866252
795291560.866252
795291560.866252
794823736.140861
794823736.140861
794742940.445599
794742940.445599
794812666.313132
794812666.313132
794812666.313132
794735373.80992
794735373.80992
794735373.80992
794763523.519405
794763523.519405
795176252.637818
794733461.261688
794733461.261688
795048351.066339
794967756.646412
794967756.646412
794929203.058401
794827197.692417
794827197.692417
794881322.153496
794881322.153496
795245328.603231
795245328.603231
795234369.700431
795234369.700431
795234369.700431
795237031.528208
795237031.528208
795237031.528208
794686254.416232
794686254.416232
794538388.126073
794752300.919546
794752300.919546
794752300.919546
794752300.919546
794752300.919546
794752300.919546
794752300.919546
794752300.919546
794752300.919546
794752300.919546
794752300.919546
795171261.017566
795421453.67391
795421453.67391
795421453.67391
794997782.473911
794997782.473911
794997782.473911
794997782.473911
794997782.473911
794650530.700858
794871222.901507
794871222.901507
794871222.901507
794871222.901507
794871222.901507
794928209.203627
794840462.919764
794840462.919764
794840462.919764
794840462.919764
795093424.522056
795149427.352658
795149427.352658
795153127.048307
795088905.29097
795088905.29097
795472343.292156
795709554.87362
795709554.87362
795709554.87362
795709554.87362
795656773.059388
795238537.81493
795238537.81493
795238537.81493
795238537.81493
795238537.81493
795238537.81493
795238537.81493
795238537.81493
795238537.81493
795261505.924518
795213919.595574
795202293.497687
795228008.296325
795228008.296325
795228008.296325
795228008.296325
795720129.483211
795720129.483211
795774575.191532
795774575.191532
795774575.191532
795409231.708181
795409231.708181
795695461.411371
795695461.411371
795386088.799641
795545612.529328
795170330.194662
795250487.948645
795336889.1477
795538198.059932
795013767.880232
795013767.880232
795343241.457063
795343241.457063
795343241.457063
795392505.816609
795289343.576343
795289343.576343
795289343.576343
795289343.576343
795349906.383536
795349906.383536
795349906.383536
795248201.578853
795248201.578853
795377642.245888
795204892.635619
795204892.635619
794993106.264251
794993106.264251
794993106.264251
795096046.876994
795096046.876994
794859846.693585
794859846.693585
795160602.14635
794866448.308349
794866448.308349
795108764.353862
795110992.094299
795110992.094299
794984361.19762
794984361.19762
794984361.19762
794624420.069834
794624420.069834
794684207.804297
794684207.804297
794684207.804297
794684207.804297
795122276.130669
795122276.130669
795122276.130669
794806437.581367
794806437.581367
794812343.013461
794812343.013461
794812343.013461
794812343.013461
794812343.013461
794812343.013461
795355035.237637
795355035.237637
795355035.237637
794914887.976096
795013151.731821
795013151.731821
795013151.731821
795013151.731821
795193271.836002
794693167.373857
794693167.373857
794693167.373857
794693167.373857
794693167.373857
794693167.373857
794798205.574619
794798205.574619
794960161.264655
794960161.264655
794868389.632275
794868389.632275
794868389.632275
795054291.80619
795215471.826246
795175309.386603
795175309.386603
795175309.386603
795365504.660866
795365504.660866
794956147.576037
794956147.576037
795428172.571328
795428172.571328
795139190.965178
795139190.965178
795139190.965178
795139190.965178
795139190.965178
795139190.965178
795420004.518503
795420004.518503
795420004.518503
795420004.518503
795420004.518503
795161864.638379
795161864.638379
795161864.638379
795161864.638379
795186929.054489
795186929.054489
795186929.054489
795339633.692101
795339633.692101
795339633.692101
795339633.692101
794999005.959905
794999005.959905
794999005.959905
795342139.126348
795342139.126348
795342139.126348
795342139.126348
795342139.126348
795342139.126348
795342139.126348
795342139.126348
795342139.126348
795342139.126348
795342139.126348
795342139.126348
795342139.126348
795385507.316887
795385507.316887
795385507.316887
795054039.406992
795054039.406992
795054039.406992
795054039.406992
795054039.406992
795147511.131053
795147511.131053
795326679.399082
795326679.399082
795326679.399082
795141186.743097
795141186.743097
795141186.743097
795506882.500981
795506882.500981
795199368.483226
795485396.256359
795485396.256359
795426741.619219
795426741.619219
794964269.480791
794911463.456622
794911463.456622
794784690.613569
794784690.613569
794784690.613569
794784690.613569
794903658.933899
794880733.322237
794246761.451583
794670349.715391
794466903.572985
794849694.659241
794802541.297666
794764262.483423
794764262.483423
795070417.223427
794966147.827607
794966147.827607
795164042.78479
795164042.78479
794774309.649321
794774309.649321
795051055.470841
794999681.654724
794999681.654724
795063141.016909
795368236.610808
795368236.610808
795391836.846915
795391836.846915
795391836.846915
795391836.846915
795231014.745574
795210122.77703
795210122.77703
795210122.77703
795218616.979372
795218616.979372
795218616.979372
795218616.979372
795268412.699659
795494434.489076
795494434.489076
795494434.489076
795494434.489076
795494434.489076
795494434.489076
795494434.489076
795494434.489076
795494434.489076
795029739.001942
795029739.001942
795029739.001942
795029739.001942
794821880.318293
794821880.318293
795091505.568963
795091505.568963
795091505.568963
795091505.568963
795091505.568963
795091505.568963
795091505.568963
795716036.23101
795432749.048102
795057026.869626
795448551.092292
795049501.339121
795049501.339121
795253071.6157
795253071.6157
795025523.517085
794814261.939648
794814261.939648
794814261.939648
795425935.120069
795214259.754779
795214259.754779
795214259.754779
795214259.754779
795214259.754779
795886727.576478
795279706.995833
795279706.995833
795193594.258139
795193594.258139
795148156.726024
795619558.636017
795619558.636017
795645360.068402
795645360.068402
795645360.068402
795587129.163677
795587129.163677
795587129.163677
795587129.163677
795587129.163677
795587129.163677
795587129.163677
795587129.163677
795587129.163677
795587129.163677
795587129.163677
795587129.163677
795587129.163677
795588749.28471
795588749.28471
795349309.962141
795349309.962141
795349309.962141
795349309.962141
795349309.962141
795349309.962141
795349309.962141
795349309.962141
795349309.962141
795349309.962141
795349309.962141
795349309.962141
795349309.962141
795349309.962141
795349309.962141
795349309.962141
795434267.706904
795452522.630393
795452522.630393
795036169.395672
795036169.395672
795038173.091837
794940812.984041
794940812.984041
794940812.984041
794940812.984041
794919050.086174
795072236.196011
795072236.196011
795072236.196011
795072236.196011
795072236.196011
795072236.196011
795072236.196011
795072236.196011
795072236.196011
795072236.196011
795072236.196011
795072236.196011
795088585.397401
795088585.397401
795088585.397401
795088585.397401
795088585.397401
795088585.397401
795088585.397401
794862485.495641
794862485.495641
795605715.838808
795605715.838808
795605715.838808
795605715.838808
795624185.710226
795624185.710226
795624185.710226
795559149.958853
795576936.695429
795230223.795149
795230223.795149
795230223.795149
795230223.795149
795230223.795149
795230223.795149
795230223.795149
795230223.795149
795230223.795149
795230223.795149
794635253.871288
794635253.871288
795390648.328497
795102856.266917
795102856.266917
795083884.348839
795083884.348839
795132063.430953
795132063.430953
795144245.397614
794740345.431545
794740345.431545
795271008.786314
795271008.786314
795271008.786314
795271008.786314
795271008.786314
795165671.175979
795103093.502301
795103093.502301
795103093.502301
795103093.502301
795103093.502301
795000632.696266
795000632.696266
795000632.696266
794385048.780048
795141484.745119
795268416.83078
795250641.061633
795250641.061633
795250641.061633
795119193.107337
795119193.107337
795119193.107337
795119193.107337
795119193.107337
795432265.320333
795432265.320333
795432265.320333
795432265.320333
795432265.320333
795432265.320333
795432265.320333
795041520.216461
795140316.595876
795140316.595876
794988703.69438
794988703.69438
794697158.456671
794697158.456671
795456299.396616
795183223.09845
795183223.09845
795183223.09845
795183223.09845
795183223.09845
795092638.251553
795092638.251553
795092638.251553
795092638.251553
795092638.251553
795092638.251553
795092638.251553
795092638.251553
795092638.251553
795092638.251553
795092638.251553
795041909.324864
794942562.401382
794942562.401382
794942562.401382
794942562.401382
794942562.401382
794942562.401382
794883626.073869
794883626.073869
795389843.910234
795389843.910234
795389843.910234
795389843.910234
795389843.910234
795389843.910234
795406977.847095
795611987.019826
795611987.019826
795340094.362026
795340094.362026
795340094.362026
795340094.362026
795340094.362026
795155219.669155
795364204.053692
795376634.532266
795376634.532266
795376634.532266
794618489.401286
794618489.401286
795193212.544845
794982091.994712
794660969.682482
794849383.967275
794849383.967275
794849383.967275
794849383.967275
794849383.967275
794849383.967275
795012072.652918
795012072.652918
795012072.652918
795012072.652918
795012072.652918
794869416.249531
794869416.249531
794869416.249531
794869416.249531
794869416.249531
794869416.249531
794869416.249531
794869160.07838
794869160.07838
794869160.07838
794869160.07838
795137262.440851
795137262.440851
794698187.682421
794754226.702528
794754226.702528
794754226.702528
794754226.702528
795041685.309067
795041685.309067
794800850.365698
794800850.365698
794800850.365698
794800850.365698
794800850.365698
794792899.39253
795478286.364589
795159682.667879
795192216.932479
795444988.166237
795369922.915769
795432582.332395
795432582.332395
795046356.672969
795452443.834232
795405270.84828
795405270.84828
794915633.91932
795320631.478243
795320631.478243
795320631.478243
795269351.799858
794511829.677318
794961155.721349
794961155.721349
794961155.721349
795235103.304226
794975185.248108
794975185.248108
794875585.589452
794875585.589452
794875585.589452
794875585.589452
794875585.589452
794875585.589452
795020871.301045
795020871.301045
795020871.301045
795020871.301045
795260975.838472
795260975.838472
795260975.838472
795260975.838472
795260975.838472
795503614.513403
795260949.345667
795260949.345667
795260949.345667
795260949.345667
795101156.290215
795101156.290215
795101156.290215
795101156.290215
795101156.290215
795101156.290215
795101156.290215
795101156.290215
795101156.290215
795101156.290215
795101156.290215
795101156.290215
795101156.290215
795011237.142414
795011618.620625
795250534.324844
795250534.324844
795190487.04429
795190487.04429
795190487.04429
795190487.04429
795190487.04429
795190487.04429
795250351.039589
794745566.624781
795049751.973512
795049751.973512
794934206.526658
794934206.526658
794934206.526658
794934206.526658
795152865.272047
795152865.272047
795152865.272047
794937807.113643
794937807.113643
794937807.113643
794921314.999795
794921314.999795
794921314.999795
794921314.999795
795132390.57973
795348168.715718
795348168.715718
795348168.715718
795214711.454866
795283968.156715
795283968.156715
795283968.156715
795283968.156715
795794781.450513
795794781.450513
795794781.450513
795241896.129259
795124759.855626
795124759.855626
795124759.855626
795124759.855626
795248494.450443
795289034.141082
795289034.141082
795289034.141082
795289034.141082
795289034.141082
795289034.141082
795289034.141082
795273795.314713
795273795.314713
795501605.059219
795135573.436434
795471907.860184
795347277.413363
795347277.413363
795347277.413363
795347277.413363
795347277.413363
795570336.36991
795182971.090195
795182971.090195
795182971.090195
795566899.787476
795062929.950401
795062929.950401
795420901.984135
795274596.336774
795274596.336774
795274596.336774
794787549.485176
794787549.485176
795369100.356528
795369100.356528
795369100.356528
795369100.356528
795369100.356528
795519706.061815
795496633.831605
795481571.742241
795481571.742241
795481571.742241
795470635.940362
795470635.940362
795040247.110406
795040247.110406
795154189.789815
795154189.789815
795197654.867179
795157903.249135
795157903.249135
795157903.249135
795373629.625053
795373629.625053
795373629.625053
795377334.112514
795377334.112514
795377334.112514
795377334.112514
795377334.112514
795094534.735389
795094534.735389
795094534.735389
795094534.735389
795094534.735389
795173722.024677
795173722.024677
795173722.024677
795173722.024677
795553327.628941
794877912.549359
794877912.549359
794877912.549359
794877912.549359
794877912.549359
794877912.549359
794877912.549359
794877912.549359
794877912.549359
794877912.549359
794877912.549359
794877912.549359
794877912.549359
794775802.390292
794983263.607436
794983263.607436
794983263.607436
794983263.607436
795472796.152231
795472796.152231
795472796.152231
795472796.152231
795472796.152231
795472796.152231
795472796.152231
795472796.152231
795339480.423141
795330289.45716
795330289.45716
795330289.45716
795699367.061119
795699367.061119
795116183.282335
795116183.282335
795416846.192865
795281687.687144
795281687.687144
795281687.687144
795013077.736314
795013077.736314
795051433.448187
795051433.448187
795051433.448187
795020997.478073
795020997.478073
794941986.832851
795190111.293284
794934130.057168
794934130.057168
794934130.057168
794934130.057168
794934130.057168
794934130.057168
794934130.057168
794934130.057168
794934130.057168
794934130.057168
795127545.304765
795664035.610016
795664035.610016
795280448.330479
795280448.330479
795280448.330479
795637727.763618
795637727.763618
795510717.593377
795510717.593377
795314802.154326
795314802.154326
795069222.125203
795069222.125203
795171377.261627
795005818.948913
795005818.948913
795005818.948913
794733126.46992
794813128.770405
794813128.770405
795014812.485019
795014812.485019
795014812.485019
795014812.485019
795014812.485019
795014812.485019
795017850.861596
795017850.861596
795017850.861596
795017850.861596
794946778.994564
794946778.994564
794946778.994564
794946778.994564
795305559.160565
795305559.160565
795305559.160565
794815245.744997
794990692.106821
794990692.106821
794606426.322288
794606426.322288
794784660.976604
795118510.710829
795118510.710829
794977792.711373
794977792.711373
794977792.711373
794977792.711373
795320372.719147
795320372.719147
795320372.719147
795080580.472712
795425309.147384
795281564.016109
795281564.016109
795281564.016109
795281564.016109
795281564.016109
795251156.77058
795251156.77058
795138555.892642
795138555.892642
795138555.892642
795138555.892642
795138555.892642
794964742.639466
794964742.639466
795457209.946241
795457209.946241
795550827.352366
795417724.125654
795486419.606858
795779669.917913
795779669.917913
795191686.947897
794994508.05962
794849812.046515
794849812.046515
795290356.330125
795290356.330125
795290356.330125
795290356.330125
795334331.584319
795495736.972524
795380293.521533
795380293.521533
795380293.521533
795380293.521533
795380293.521533
795380293.521533
795380293.521533
795380293.521533
795380293.521533
795459776.404794
795429709.834917
795429709.834917
795442722.039483
795442722.039483
795354811.749682
795354811.749682
795354811.749682
795354811.749682
795354811.749682
795354811.749682
795354811.749682
795354811.749682
795348674.988335
794718779.089219
794411980.242716
794450576.928857
794450576.928857
795092742.805153
795092742.805153
795092742.805153
795092742.805153
795092742.805153
795092742.805153
795092742.805153
795072735.361502
795072735.361502
795072735.361502
795209157.821981
795209157.821981
795209157.821981
795209157.821981
795209157.821981
795201790.990972
795335002.320188
795335002.320188
795335002.320188
795435066.923893
795435066.923893
795435066.923893
795435066.923893
795435066.923893
795435066.923893
795435066.923893
795435066.923893
795435066.923893
795016442.476583
794893088.670709
794893088.670709
794718894.764158
794859383.420182
794859383.420182
795181219.352701
795181219.352701
795181219.352701
795181219.352701
795118375.722135
795169202.248946
795169202.248946
795289050.334381
795289050.334381
795210582.369229
795210582.369229
795210582.369229
795210582.369229
795244158.098942
795473394.466546
795473394.466546
795473394.466546
795473394.466546
795473394.466546
795473394.466546
794895833.890475
794895833.890475
794895833.890475
794895833.890475
794895833.890475
794895833.890475
795290484.826082
795191901.483295
795191901.483295
795322121.163783
795596979.324723
795928820.076836
795928820.076836
795928820.076836
795706051.595742
795837713.712697
795892229.3913
795707574.124284
795707574.124284
795707574.124284
795962330.311813
795496734.397169
795496734.397169
795496734.397169
795496734.397169
795496734.397169
795496734.397169
795496734.397169
795076821.008731
795076821.008731
795076821.008731
795076821.008731
795264468.28493
794682687.978068
794682687.978068
794927577.289895
795127126.385959
794944009.461279
794932361.750633
794889358.039662
794889358.039662
794889358.039662
794889358.039662
794889358.039662
794889358.039662
794889358.039662
795266071.438924
795266071.438924
795266071.438924
795266071.438924
795266071.438924
795266071.438924
795266071.438924
795266071.438924
795266071.438924
795266071.438924
795266071.438924
795266071.438924
795379073.221952
795379073.221952
795312674.001299
795312674.001299
795312674.001299
795312674.001299
795312674.001299
794730144.628727
795027861.760458
794711388.85749
795127439.854401
795127439.854401
795066531.7789
795066531.7789
795066531.7789
795066531.7789
795197343.221079
794976879.244079
794976879.244079
794976879.244079
795036743.557547
795036743.557547
795505705.645357
795012496.540666
795012496.540666
795012496.540666
795012496.540666
795012496.540666
794924006.374865
795229701.878648
795229701.878648
795161306.751214
795161306.751214
795161306.751214
795007266.094611
795007266.094611
795007266.094611
795007266.094611
794987621.173767
794987621.173767
794987621.173767
794780243.325521
794575348.723102
794575348.723102
794575348.723102
794575348.723102
795058744.082108
795332573.672188
795657882.444193
795657882.444193
795657882.444193
795584427.286704
795503762.893536
795503762.893536
795472219.378126
795466686.803539
795209718.273884
795209718.273884
795364231.302983
795364231.302983
795364231.302983
795364231.302983
795364231.302983
795446014.661982
795446014.661982
795446014.661982
795446014.661982
795446014.661982
795317012.227233
794949689.956588
795045706.988366
795045706.988366
795045706.988366
795005481.802917
794991380.485172
794917352.099092
794917352.099092
794917352.099092
795374554.241555
794885758.442826
795242474.243466
795242474.243466
795118825.55685
795456065.160396
795456065.160396
795456065.160396
795039178.437431
795039178.437431
795039178.437431
795039178.437431
795039178.437431
795039178.437431
795039178.437431
795039178.437431
795039178.437431
795039178.437431
795773677.41994
794632401.118536
794632401.118536
794481852.711784
794991016.642669
794991016.642669
794991016.642669
794991016.642669
794830090.660927
794830090.660927
794830090.660927
794896705.040439
795568012.202758
795568012.202758
795568012.202758
795568012.202758
795568012.202758
795568012.202758
795568012.202758
795568012.202758
795153506.089215
795153506.089215
795104021.919458
795104021.919458
795456387.588176
795702695.01039
795544270.802944
795632546.368166
795632546.368166
794840957.473165
794840957.473165
795270700.734943
794443384.224353
795069818.730928
795069818.730928
794543933.49684
794543933.49684
794543933.49684
794801829.139265
794801829.139265
794977508.267646
794977508.267646
794726999.548084
794726999.548084
794726999.548084
794869303.417458
794869303.417458
794869303.417458
794869303.417458
794683055.06025
794683055.06025
794683055.06025
794683055.06025
794599579.015654
795116807.830393
795148578.75125
795166777.717963
795447667.441764
795447667.441764
795447667.441764
795533336.22718
795125293.807759
795262494.080693
795262494.080693
795262494.080693
795262494.080693
795090450.05197
795090450.05197
795090450.05197
794748929.914132
795339875.160301
795593393.417624
795838736.958183
795795850.130558
795795850.130558
795795850.130558
795403905.22215
795403905.22215
795403905.22215
795403905.22215
795509276.272565
795509276.272565
794987315.200694
795528775.382046
795324554.107918
795377348.392863
795436110.360236
795436110.360236
794813176.402467
795096579.10277
795248282.633129
795190528.849494
795581810.800237
795642576.431826
795642576.431826
795640436.97958
795478809.251836
795478809.251836
795478809.251836
795478809.251836
795478809.251836
795478809.251836
795478809.251836
795053181.880251
795053181.880251
794979823.043679
794979823.043679
794979823.043679
794979823.043679
794846903.014843
794898280.656245
795704177.468451
795642382.793887
794871172.477868
794871172.477868
794871172.477868
794871172.477868
794871172.477868
794871172.477868
794871172.477868
794871172.477868
794871172.477868
794871172.477868
794760048.648431
794718202.521523
794718202.521523
794718202.521523
794718202.521523
794847574.142199
794847574.142199
794847574.142199
794847574.142199
794847574.142199
794847574.142199
794847574.142199
794956642.030803
794956642.030803
795227626.340148
795227626.340148
795126488.956616
795407096.060846
795551687.691821
795551687.691821
795377106.923303
794972752.703187
794972752.703187
795231099.750976
795231099.750976
795074148.036602
795074148.036602
795074148.036602
795135721.476234
795135721.476234
795220692.439185
795220692.439185
795178541.355927
794850558.526261
794850558.526261
795667481.447332
795667481.447332
795242700.479715
795242700.479715
795242700.479715
795230826.57402
795162899.492985
795162899.492985
795162899.492985
795150254.827735
795384406.894754
795384406.894754
795156809.751689
795156809.751689
795156809.751689
795426293.728965
795426293.728965
795426293.728965
795426293.728965
795450453.354764
795259576.483733
795258110.163465
795456703.75027
795456703.75027
794812079.684819
794620626.922626
794949779.105237
794949779.105237
794949779.105237
795412550.078942
795412550.078942
794991894.002499
794991894.002499
794991894.002499
795083206.123406
795188782.588804
795188782.588804
795188782.588804
794898451.49335
795208913.932508
795203541.289938
795159840.559975
795000703.087621
795000703.087621
795000703.087621
795000703.087621
795000703.087621
795000703.087621
795000703.087621
795000703.087621
795227383.358913
795227383.358913
795335263.956702
795335263.956702
795335263.956702
794872331.327701
794872331.327701
795229625.484611
795108701.247545
795229208.161273
795229208.161273
795229208.161273
795229208.161273
795619915.774859
795619915.774859
795619915.774859
795101077.015934
795101077.015934
795359937.355612
795359937.355612
795359937.355612
795266149.178158
795337058.752412
795337058.752412
795337058.752412
795337058.752412
795337058.752412
795337058.752412
795143490.573499
795898020.316811
795898020.316811
795898020.316811
795840223.837427
795840223.837427
795283330.753417
795230356.194311
794767054.949681
794946401.034134
794946401.034134
794898039.533955
794861444.040947
794861444.040947
794861444.040947
794861444.040947
794861444.040947
795272446.458691
795272446.458691
795806516.270068
795045784.899152
795045784.899152
794844046.504123
794844046.504123
794633342.670312
794633342.670312
794842275.475493
794970270.354325
794970270.354325
794970270.354325
794970270.354325
794970270.354325
794970270.354325
794680638.147753
794680638.147753
794680638.147753
794599104.288103
794599104.288103
794599104.288103
794599104.288103
795166486.745505
795166486.745505
795166486.745505
795375612.012918
795492174.887091
795427707.697123
795333160.26942
795333160.26942
794846192.094215
794544361.984485
794339193.889202
794339193.889202
794339193.889202
794339193.889202
794989487.399831
794989487.399831
794989487.399831
794904287.081066
794904287.081066
794841796.566859
794799976.05011
794799976.05011
794704457.732431
794704457.732431
794704457.732431
794835089.938623
794835089.938623
794835089.938623
794835089.938623
794835089.938623
795566100.200218
795566100.200218
795566100.200218
795358593.610279
795489615.789301
795489615.789301
795489615.789301
795489615.789301
795489615.789301
795489615.789301
795489615.789301
795489615.789301
795489615.789301
795489615.789301
795489615.789301
795489615.789301
795489615.789301
795489615.789301
795489615.789301
795598275.482786
795709956.459397
795709956.459397
795032950.224623
795240436.08832
795240436.08832
795240436.08832
795281573.22032
795281573.22032
795281573.22032
795281573.22032
794909362.129811
794909362.129811
795049232.220372
795049232.220372
795128193.052182
795010708.916236
795010708.916236
795010708.916236
795010708.916236
795197434.930143
795367426.366281
795485529.025748
795485529.025748
795485529.025748
794749499.897021
794612414.332537
794612414.332537
794946323.727651
794946323.727651
794946323.727651
794848425.281294
794848425.281294
795380583.138483
795380583.138483
794902042.966507
794865497.951631
795446089.813676
795446089.813676
794869735.284811
794869735.284811
794869735.284811
794544462.25224
794946656.55053
794946656.55053
794640360.985534
794640360.985534
795240450.752499
795240450.752499
795240450.752499
795240450.752499
794946297.614449
794893639.815756
795219591.464528
795219591.464528
795219591.464528
795219591.464528
795219591.464528
795219591.464528
795125445.921175
795174310.117712
795081505.607301
795081505.607301
795605262.544023
795605262.544023
795605262.544023
795605262.544023
795605262.544023
795605262.544023
795181437.019073
795181437.019073
795181437.019073
795102277.10063
795102277.10063
795102277.10063
795102277.10063
794841468.429637
794841468.429637
794841468.429637
794841468.429637
794841468.429637
794841468.429637
794841468.429637
794841468.429637
794938820.393693
794938820.393693
794938820.393693
794938820.393693
794938820.393693
794938820.393693
794938820.393693
794938820.393693
795347494.788545
795401707.215747
795401707.215747
795418781.626731
795418781.626731
795418781.626731
795321142.601782
795121168.534844
795121168.534844
795121168.534844
795121168.534844
795121168.534844
795121168.534844
795150409.924381
795406781.688384
795406781.688384
795713772.955955
795343541.965007
795343541.965007
795343541.965007
795343541.965007
795343541.965007
795398208.766931
794895390.581384
794895390.581384
794895390.581384
794895390.581384
795443960.214114
795443960.214114
795443960.214114
795443960.214114
795443960.214114
795380601.051849
795380601.051849
795380601.051849
795380601.051849
795545258.164218
795545258.164218
795453837.090957
794985521.236688
794751842.807161
794751842.807161
794913893.336194
794913893.336194
794560655.155305
794560655.155305
795141529.144506
795141529.144506
795284945.374117
795243418.91025
794500232.583775
794500232.583775
794550868.348867
794713498.13125
795184221.890969
795184221.890969
795704995.560989
794557096.417116
794557096.417116
794461448.435779
795005184.176195
794827255.087519
794990347.598931
795069098.309975
795069098.309975
794735641.2833
794735641.2833
794735641.2833
795028101.939817
794990958.238888
794990958.238888
794990958.238888
794990958.238888
794990958.238888
794990958.238888
794990958.238888
794990958.238888
794990958.238888
794990958.238888
794990958.238888
794990958.238888
794990958.238888
794990958.238888
795302090.048322
795512124.139138
795512124.139138
795385754.490653
795385754.490653
795385754.490653
795385754.490653
795201629.97624
795585537.900468
795047825.374895
795047825.374895
795047825.374895
794322154.625067
794500183.080206
794500183.080206
795009260.164876
794906047.385219
794906047.385219
794906047.385219
795101707.819318
795101707.819318
795101707.819318
795101707.819318
795101707.819318
795181176.586016
795181176.586016
795181176.586016
795181176.586016
795181176.586016
795133775.124783
795133775.124783
795133775.124783
795133775.124783
795133775.124783
795133775.124783
795339571.162021
795339571.162021
795339571.162021
795339571.162021
795387231.833018
795387231.833018
794961616.564538
794961616.564538
794961616.564538
794961616.564538
795123005.406987
795123005.406987
794926397.849239
794926397.849239
794867674.419088
794867674.419088
794929363.275225
795122400.804945
795122400.804945
795122400.804945
795338776.439774
795338776.439774
795442135.360457
795442135.360457
795442135.360457
795442135.360457
795442135.360457
795189294.052178
794857726.381781
794857726.381781
794857726.381781
794938488.407077
794938488.407077
795178998.776302
795402173.226836
795947474.143642
795947474.143642
795947474.143642
795947474.143642
795947474.143642
795947474.143642
795947474.143642
795586407.29413
795281584.579886
795281584.579886
795281584.579886
795281584.579886
795295735.531722
795295735.531722
795295735.531722
795295735.531722
795295735.531722
795295735.531722
795295735.531722
795295735.531722
795295735.531722
795295735.531722
795295735.531722
795295735.531722
795355656.227615
795404043.618956
795262381.604795
794921431.616143
794921431.616143
795112074.408414
795112074.408414
794932713.06885
794932713.06885
795453989.028
795920250.224557
795766262.742238
795766262.742238
795399389.881604
795399389.881604
795285520.294013
795285520.294013
795285520.294013
795285520.294013
795285520.294013
795285520.294013
795285520.294013
795147323.012951
795949818.369302
795299748.979944
795299748.979944
795299748.979944
795103394.464181
794970826.572363
794970826.572363
794970826.572363
795476243.038348
795476243.038348
795588893.054258
795588893.054258
795281952.321082
795281952.321082
795281952.321082
795281952.321082
795010676.222924
795010676.222924
795010676.222924
794968382.869717
795410720.978138
794792798.189042
794792798.189042
794792798.189042
795181441.654342
795181441.654342
795181441.654342
795011042.416363
794627947.854741
794501880.04622
794501880.04622
794501880.04622
795204412.508898
795204412.508898
795238525.8818
795421930.969587
795421930.969587
795421930.969587
795421930.969587
795421930.969587
794775766.055293
794775766.055293
795112648.901481
794822006.518243
795087726.005277
794597797.518194
794597797.518194
795219206.565528
795219206.565528
795219206.565528
795528495.188513
795294090.623081
795329936.154189
794754103.262686
794920262.308711
794980453.298883
794980453.298883
794980453.298883
794980453.298883
795242227.544121
795521490.191475
795760057.536837
795406563.370564
795198165.958866
795198165.958866
795198165.958866
795198165.958866
795198165.958866
795198165.958866
795198165.958866
794783388.354489
794955604.699297
794955604.699297
794955604.699297
794955604.699297
795515219.911336
795427423.761718
795299813.814745
795357811.408638
795509567.045744
795010168.882546
794690190.673735
794690190.673735
794838030.664665
794719632.466354
794866821.066639
794866821.066639
794866821.066639
794989552.860712
794989552.860712
795495549.366386
795495549.366386
795354478.1789
795354478.1789
795354478.1789
795354478.1789
795354478.1789
795354478.1789
795015704.565903
795015704.565903
794904689.187874
794904689.187874
795212335.943065
795212335.943065
795299297.377695
795579567.152508
795450549.077534
795450549.077534
795196531.337087
795030954.343285
794863938.370812
794863938.370812
794863938.370812
794863938.370812
794863938.370812
795387766.952939
795387766.952939
794897288.958583
794897288.958583
794845636.244162
794845636.244162
794845636.244162
794845636.244162
794991583.780322
795102922.309548
794757680.384041
795078740.015551
795078740.015551
795078740.015551
795078740.015551
795078740.015551
795078740.015551
795332870.333971
795332870.333971
795332870.333971
795332870.333971
795332870.333971
795332870.333971
795332870.333971
795332870.333971
795332870.333971
795332870.333971
795332870.333971
795332870.333971
795244434.88052
795244434.88052
795244434.88052
795244434.88052
795244434.88052
795724958.203304
795724958.203304
794981252.060047
794987593.647851
795053692.8458
795053692.8458
795053692.8458
795053692.8458
795053692.8458
795053692.8458
795053692.8458
795053692.8458
795053692.8458
795217698.847811
795217698.847811
795067289.675264
795067289.675264
796055379.711774
796142019.136629
796142019.136629
796142019.136629
796142019.136629
796142019.136629
795548795.450993
795362418.330147
795362418.330147
795362418.330147
795362418.330147
795362418.330147
795362418.330147
795362418.330147
794891013.218734
794961927.388592
794961927.388592
794961927.388592
794961927.388592
794961927.388592
794961499.599531
794961499.599531
794887860.585688
794887860.585688
794887860.585688
794887860.585688
795161346.511288
795233726.835419
795109956.744798
795109956.744798
794753230.428319
794753230.428319
794753230.428319
794753230.428319
794816200.865663
794816200.865663
794816200.865663
794837876.694297
795121473.772374
795121473.772374
795121473.772374
795121473.772374
795121473.772374
795121473.772374
795121473.772374
795121473.772374
795121473.772374
795121473.772374
795118408.215807
795118408.215807
795118408.215807
795118408.215807
795118408.215807
795118408.215807
795118408.215807
795118408.215807
795118408.215807
795118408.215807
795118408.215807
795439513.985131
795439513.985131
795025374.086873
795329424.053542
795277671.410415
795172107.807676
795172107.807676
795172107.807676
795172107.807676
794938068.594012
794938068.594012
794938068.594012
794938068.594012
795627360.517703
795627360.517703
795627360.517703
795627360.517703
794754700.850457
794754700.850457
794993135.719192
795045811.011923
795045811.011923
795045811.011923
795045811.011923
795045811.011923
795045811.011923
795045811.011923
795412782.165206
795412782.165206
795412782.165206
795412782.165206
795111822.846049
795086492.639682
795090645.223423
795212409.124785
795212409.124785
795212409.124785
795212409.124785
795212409.124785
795212409.124785
795212409.124785
795479589.545971
795479589.545971
795025711.454792
795025711.454792
794416187.254102
794658292.83514
794396829.307164
794396829.307164
794396829.307164
794813239.215247
795015335.125283
795015335.125283
795015335.125283
795015335.125283
795015335.125283
795015335.125283
795015335.125283
795428344.820915
795428344.820915
795428344.820915
795290380.920713
795290380.920713
794954147.839862
794954147.839862
794954147.839862
794954147.839862
794954147.839862
794954147.839862
795155623.321702
795155623.321702
795271792.22661
795271792.22661
795346792.402463
795346792.402463
795346792.402463
795502378.293282
795502378.293282
795344556.455157
795344556.455157
795344556.455157
795344556.455157
795225328.245467
795225328.245467
795225328.245467
795234178.819192
794991599.706204
794888162.518614
794888162.518614
794842518.144544
794842518.144544
794842518.144544
794998259.0548
794998259.0548
794998259.0548
795352609.12966
795352609.12966
795352609.12966
795352609.12966
794753053.795473
794753053.795473
794753053.795473
795424097.501194
795424097.501194
795424097.501194
795023188.941121
794964530.876941
794964530.876941
794964530.876941
794580616.511813
794682230.118286
794682230.118286
794682230.118286
794945633.57918
795093168.044962
795093168.044962
795009768.107839
795009768.107839
795009768.107839
795009768.107839
795009768.107839
795009768.107839
795009768.107839
795009768.107839
795009768.107839
795009768.107839
795009768.107839
795009768.107839
795009768.107839
795009768.107839
795313420.202213
795149124.631852
795149124.631852
795149124.631852
795269754.821362
795296513.898419
795971349.214026
795618836.094197
795618836.094197
795618836.094197
795618836.094197
795618836.094197
795618836.094197
795618836.094197
795618836.094197
795010552.737428
794924041.918918
794924041.918918
794924041.918918
794924041.918918
794924041.918918
794924041.918918
794924041.918918
794924041.918918
794914623.582811
794914623.582811
795212379.132667
795212379.132667
795212379.132667
795305891.861024
795305891.861024
795305891.861024
795402989.411041
795283142.080771
795283142.080771
795283142.080771
795100164.148788
795386511.547813
795386511.547813
795682859.915006
795568632.149651
795568632.149651
795568632.149651
795816843.333827
795824388.803194
795824388.803194
796011479.44957
796011479.44957
795753515.216069
795971528.186796
795833546.085266
795542298.495757
794764432.009156
795534843.879539
795139399.827481
795139399.827481
795044163.009296
795391590.040591
795391590.040591
795391590.040591
795213379.036368
795200288.579906
795200288.579906
795200288.579906
795310344.607938
795686195.406295
795271672.410172
795271672.410172
795271672.410172
795271672.410172
795271672.410172
795097250.875828
795097250.875828
795097250.875828
795517843.158117
795517843.158117
795517843.158117
795517843.158117
794903638.250017
795080170.984283
795080170.984283
795080170.984283
795080170.984283
795109730.430282
795109730.430282
795109730.430282
795109730.430282
795109730.430282
795109730.430282
794723161.348272
794723161.348272
794723161.348272
794723161.348272
794723161.348272
794723161.348272
794723161.348272
794723161.348272
794723161.348272
794723161.348272
794723161.348272
794723161.348272
794723161.348272
794723161.348272
794747596.519605
794747596.519605
794747596.519605
794747596.519605
794974927.66643
794989256.707058
795165579.404335
795165579.404335
795165579.404335
795036958.505094
795036958.505094
795252721.772829
795072061.488192
795072061.488192
795017562.380621
794732682.655607
795257772.18484
795257772.18484
795409086.984532
795409086.984532
795286935.27813
795286935.27813
795286935.27813
795286935.27813
795286935.27813
794877640.501072
795180582.314353
795180582.314353
795180582.314353
795180582.314353
795180582.314353
795511409.863475
795650175.946056
795353187.654781
795353187.654781
795745439.204756
795745439.204756
795745439.204756
795882742.39135
795882742.39135
795882742.39135
795882742.39135
795882742.39135
795882742.39135
795882742.39135
795882742.39135
795822805.392698
795822805.392698
795822805.392698
795257086.307549
795257086.307549
795257086.307549
794843204.057343
794843204.057343
794843204.057343
794843204.057343
794843204.057343
795111583.550991
795111583.550991
795506225.737939
795506225.737939
795092541.759693
795268033.958832
795268033.958832
795100161.79529
795100161.79529
795100161.79529
795383196.000747
795383196.000747
795383196.000747
794908714.922245
795078144.150775
795096895.422712
795305490.384985
795305490.384985
795180101.213783
794579653.900549
794579653.900549
794579653.900549
794579653.900549
795097792.478466
795097792.478466
795097792.478466
795099238.471022
795560676.278356
794513351.959522
794513351.959522
794513351.959522
794513351.959522
794513351.959522
794513351.959522
794513351.959522
794513351.959522
795194146.942018
794615137.794012
794826264.076484
794826264.076484
795100916.248963
795100916.248963
795100916.248963
795100916.248963
795100916.248963
795100916.248963
795100916.248963
794773594.198756
795399024.216312
795399024.216312
795346983.244453
795346983.244453
795469007.813897
795469007.813897
794669883.217559
794669883.217559
794785335.51334
794785335.51334
794785335.51334
794785335.51334
794785335.51334
795127535.921469
795550184.791877
795550184.791877
795550184.791877
795550184.791877
795550184.791877
795700965.292908
795451600.817353
795451600.817353
795386819.101736
795176364.519493
795176364.519493
794886858.382671
795386831.198341
795386831.198341
795386831.198341
795386831.198341
795056642.235948
795056642.235948
795056642.235948
795056642.235948
795056642.235948
795276888.217466
795048326.639785
795048326.639785
794875399.749915
794875399.749915
794875399.749915
794875399.749915
794875399.749915
794875399.749915
794875399.749915
794875399.749915
794875399.749915
794682016.828395
794682016.828395
794961168.717119
794961168.717119
795370943.50937
795587305.144236
795160406.345864
795072106.621463
795072106.621463
795072106.621463
795426986.584876
795322759.624424
795322759.624424
795065318.250774
795887652.403982
795887652.403982
795887652.403982
795887652.403982
795803151.660647
795115471.134051
795081409.074855
795145351.11264
795032124.724949
795032124.724949
795032124.724949
795032124.724949
795032124.724949
795032124.724949
795041461.152561
795323392.772413
795323392.772413
795206954.385108
795217143.348987
795185526.669696
795346589.240279
795346589.240279
795346589.240279
795346589.240279
795238572.736433
795238572.736433
795238572.736433
795238572.736433
795826157.739539
795619440.237489
795570379.04941
795570379.04941
795570245.414972
795570245.414972
795570245.414972
795570245.414972
795528843.911367
795528843.911367
795400417.694739
795400417.694739
795400417.694739
795400417.694739
795518907.672583
795518907.672583
795491562.024943
795204909.051395
795229383.164085
795229383.164085
795229383.164085
795321945.6631
795378349.087748
795378349.087748
795378349.087748
795378349.087748
795183502.082519
795330026.638404
795330026.638404
795330026.638404
795330026.638404
795330026.638404
795330026.638404
795330026.638404
795056196.158363
795056196.158363
795056196.158363
795056196.158363
795056196.158363
795056196.158363
794584518.025392
794584518.025392
794863137.231869
794908066.954135
794908066.954135
795054703.654188
795082053.853125
795082053.853125
795514910.666121
794942219.347876
795141181.98394
794927181.735983
794952598.78449
794952598.78449
795444653.529166
795444653.529166
795444653.529166
795444653.529166
795444653.529166
795444653.529166
795368774.761498
795368774.761498
795496256.297639
795496256.297639
795496256.297639
795496256.297639
795496256.297639
795567435.253008
795571761.924899
795560358.364967
795187815.676108
795187815.676108
795187815.676108
795187815.676108
795187815.676108
795187815.676108
795187815.676108
795187815.676108
795187815.676108
795187815.676108
795281199.633814
795281199.633814
795207941.440312
795226297.096725
794813945.945914
794808184.676186
794808184.676186
794846959.195637
794846959.195637
794846959.195637
794846959.195637
795097635.570028
795097635.570028
795097635.570028
795097635.570028
795024423.339473
795024423.339473
795024423.339473
795024423.339473
795024423.339473
794869176.112322
795117926.219472
794646713.142195
794646713.142195
794646713.142195
794646713.142195
794682691.555847
794869868.667792
794869868.667792
794869868.667792
794869868.667792
794869868.667792
794869868.667792
794869868.667792
795402011.785897
795402011.785897
795402011.785897
795402011.785897
795706163.076418
795805497.664347
795805497.664347
795362218.569265
795362218.569265
795442188.299128
795378049.125712
795893059.683144
795893059.683144
795893059.683144
795314043.683348
795558512.189059
795558512.189059
795558512.189059
795599656.903075
795269559.705523
795775611.849146
795073682.132927
795073682.132927
795073682.132927
795073682.132927
795219926.648367
795095207.955189
795095207.955189
795305208.980054
795177829.529972
794769157.337533
794769157.337533
794613090.30175
794613090.30175
794613090.30175
794748447.776197
794748447.776197
794982730.244967
794982730.244967
795548812.574675
795548812.574675
795057213.17597
795057213.17597
795057213.17597
794967973.072226
794917698.413308
795115157.559289
795511341.062185
795511341.062185
795511341.062185
794824376.17361
794808155.272334
794835282.045319
794835282.045319
794835282.045319
794835282.045319
794835282.045319
794835282.045319
794835282.045319
794835282.045319
794835282.045319
794835282.045319
794835282.045319
795286313.411422
795286313.411422
795286313.411422
795533662.644926
795533662.644926
795765791.28708
795765791.28708
795320971.641646
795320971.641646
795320971.641646
795320971.641646
795014503.359364
795014503.359364
795107313.061617
794930615.26416
794840021.748717
794840021.748717
794840021.748717
794840021.748717
795171959.714987
795171959.714987
795171959.714987
795642415.508918
795642415.508918
795428251.435981
795428251.435981
795428251.435981
795104691.240505
795003028.174051
795003028.174051
795003028.174051
794894904.8073
794894904.8073
794894904.8073
794894904.8073
794798923.792513
794798923.792513
795272561.386653
795159699.750363
795159699.750363
795159699.750363
795226130.61687
795226130.61687
795226130.61687
795226130.61687
795226130.61687
795226130.61687
795226130.61687
795226130.61687
795226130.61687
795226130.61687
795226130.61687
795053264.32716
795053264.32716
795053264.32716
795430370.226111
794899438.999727
794607824.513021
794607824.513021
794607824.513021
794809398.545819
794809398.545819
794809398.545819
795761796.289897
795718637.923838
795718637.923838
795147430.499869
795019519.960164
795019519.960164
795019519.960164
795019519.960164
795019519.960164
795074417.60053
795074417.60053
795508427.913185
795145105.621622
795023425.261377
795023425.261377
795111313.159576
795043890.610445
795144569.849768
795416350.723397
795416350.723397
795275695.40299
795275695.40299
795275695.40299
795275695.40299
794913695.530752
794913695.530752
795019379.545654
794828565.74018
794828565.74018
794828565.74018
794828565.74018
794828565.74018
794828565.74018
794828565.74018
794885232.971674
794885232.971674
794885232.971674
794885232.971674
794799788.537951
794799788.537951
794997848.279964
795200103.736293
795200103.736293
795200103.736293
795200103.736293
795200103.736293
795212100.323811
795230899.913972
795230899.913972
795443461.157927
795443461.157927
795443461.157927
795407418.146779
795287344.537106
795287344.537106
795287344.537106
794987018.887596
795296003.203363
795296003.203363
795296003.203363
795296003.203363
795296003.203363
795296003.203363
795296003.203363
795296003.203363
795245907.38421
794966368.022667
794966368.022667
794971758.606287
794971758.606287
794971758.606287
794971758.606287
794971758.606287
794971758.606287
794952438.627609
794952438.627609
794952438.627609
794952438.627609
794952438.627609
794952438.627609
794875968.779651
795161115.667684
795161115.667684
795161115.667684
795161115.667684
795161115.667684
795043860.557609
795043860.557609
795043860.557609
794953053.62711
794953053.62711
794953053.62711
794953053.62711
794953053.62711
795318982.934209
795318982.934209
794950162.66308
795132839.2286
795132839.2286
795132839.2286
795323619.331539
794835481.443047
794835481.443047
794743605.861286
795192078.875168
795192078.875168
795598346.786499
795338616.533846
795338616.533846
795418179.734284
795477420.747498
795477420.747498
794945100.153241
794945100.153241
794898576.097198
794898576.097198
794898576.097198
794937310.767776
794933813.445105
794933813.445105
794933813.445105
794933813.445105
794933813.445105
794933813.445105
794933813.445105
794879569.080979
795398152.919309
795443862.760478
795752222.327077
795752222.327077
795499015.867876
795499015.867876
795373876.386278
794605369.205454
795049783.781027
795318318.789043
795318318.789043
795318318.789043
795318318.789043
795318318.789043
795457121.469152
795482624.527497
795479070.155705
794964066.249526
794964066.249526
794964066.249526
794964066.249526
794964066.249526
795104452.160735
795104452.160735
795104452.160735
795104452.160735
795104452.160735
795104452.160735
795378952.421186
795378952.421186
795378952.421186
795378952.421186
795378952.421186
795378952.421186
795378952.421186
795378952.421186
795378952.421186
795322588.988001
795447098.468028
794836731.020905
794836731.020905
794836731.020905
794836731.020905
794836731.020905
794931214.156148
795380449.128262
795198786.736964
795198786.736964
795198786.736964
795198786.736964
795904323.36369
795904323.36369
795567149.006593
795567149.006593
795033889.892519
795033889.892519
794816532.398054
794816532.398054
794816532.398054
795046150.90735
795113751.750246
795113751.750246
795273306.167412
795273306.167412
795484259.845479
795372606.01082
795372606.01082
795372606.01082
795353465.932629
795569981.288178
795569981.288178
795569981.288178
795498043.221151
795498043.221151
795498043.221151
795203705.807518
795425888.970142
795425888.970142
795425888.970142
795159449.88643
795159449.88643
795159449.88643
795159449.88643
795058549.80719
795058549.80719
795058549.80719
795058549.80719
795058549.80719
794968855.763813
795074404.263323
795074404.263323
795476554.46511
795675124.112276
795397545.097016
795397545.097016
795397545.097016
794913315.211319
794913315.211319
795180098.165508
795180098.165508
795180098.165508
795180098.165508
795180098.165508
795227605.149886
794908703.650478
794908703.650478
794908703.650478
794908703.650478
794908703.650478
794908703.650478
794915581.202294
794915581.202294
794915581.202294
794915581.202294
795325525.286548
795325525.286548
795325525.286548
794894951.772168
794894951.772168
794894951.772168
794840838.117719
794840838.117719
794840838.117719
794774597.578411
795378225.43591
795378225.43591
795378225.43591
795500045.018443
795500045.018443
795500045.018443
795683629.61439
795024545.043987
795024545.043987
795024545.043987
795227117.107749
795227117.107749
794774085.566737
795121651.540448
795362030.867095
795362030.867095
795362030.867095
795267229.224956
794853216.77676
794853216.77676
795185815.492259
795185815.492259
795185815.492259
795425143.208474
795173294.188602
795173294.188602
795527312.558595
795555412.862815
795459209.22095
795560524.524548
795258106.231023
795275635.533978
795275635.533978
795275635.533978
795652599.240264
795652599.240264
795336973.740893
795330460.684551
795330460.684551
795330460.684551
795330460.684551
795330460.684551
795330460.684551
795268852.354102
795268852.354102
795268852.354102
795268852.354102
795239276.054757
795268887.261087
795309702.511806
795309702.511806
795325340.375236
795318087.873308
795635963.146054
795635963.146054
795635963.146054
795635963.146054
794996152.370303
794496082.093746
794496082.093746
794341843.603198
794341843.603198
794341843.603198
794450396.068973
794545371.438041
794545371.438041
794545371.438041
795399226.301908
795441087.59001
795441087.59001
795441087.59001
795502933.458877
795705734.390697
795705734.390697
795705734.390697
795705734.390697
795705734.390697
795596478.250157
795512847.967826
795512847.967826
795512847.967826
795512847.967826
795336710.509963
795336710.509963
795336710.509963
795336710.509963
795336710.509963
795336710.509963
795336710.509963
795336710.509963
795336710.509963
795336710.509963
795336710.509963
795336710.509963
795336710.509963
795246105.904822
795118572.0768
795118572.0768
795372207.483396
795124707.641776
795124707.641776
795124707.641776
794937637.754083
794971047.591384
794971047.591384
794971047.591384
794818264.457189
794885823.946532
794730627.867452
794755717.463127
794755717.463127
794755717.463127
794755717.463127
794946031.49428
794946031.49428
795657006.931928
795657006.931928
795657006.931928
795657006.931928
795657006.931928
795657006.931928
795328760.942917
795328760.942917
794693093.096388
794693093.096388
794693093.096388
794693093.096388
794796771.620158
794796771.620158
794796771.620158
795275615.254396
795127874.580328
795127874.580328
795127874.580328
795127874.580328
794766844.266508
794766844.266508
794766844.266508
794811582.24286
794811582.24286
794811582.24286
794811582.24286
794811582.24286
794811582.24286
794811582.24286
794811582.24286
794811582.24286
794811582.24286
794811582.24286
794811582.24286
794811582.24286
795311129.251428
794757622.138722
794757622.138722
794757622.138722
794757622.138722
794757622.138722
795221824.929169
795221824.929169
795221824.929169
795390683.808794
795477536.310408
795515052.320608
795298107.005471
795374186.034886
795248522.73056
795248522.73056
795093425.186324
794661725.886415
794661725.886415
794713540.3294
794713540.3294
794713540.3294
795456993.696784
795456993.696784
795456993.696784
795456993.696784
795456993.696784
795456993.696784
795456993.696784
795302226.137306
794833438.952892
794833438.952892
794833438.952892
794678465.898656
794678465.898656
794678465.898656
794582006.978539
794582006.978539
794582006.978539
794582006.978539
795129482.07691
795129482.07691
795129482.07691
795384032.3671
795110053.960267
795110053.960267
795722378.856732
795532873.972728
795532873.972728
795532873.972728
795564869.923972
795288920.146282
794796879.853562
795138727.489568
795388420.016551
795388420.016551
795216861.001246
795216861.001246
795216861.001246
795017609.034183
795017609.034183
795017609.034183
795151404.496061
795151404.496061
795383355.853601
795383355.853601
795383355.853601
795383355.853601
795383355.853601
794795104.207251
794795104.207251
794898972.81162
795285145.799191
795285145.799191
794697699.669499
794697699.669499
795225590.75518
794915136.268001
795150640.967285
794860909.80677
794860909.80677
794860909.80677
794860909.80677
795217290.073345
795217290.073345
795217290.073345
794973940.214714
794973940.214714
794973940.214714
794973940.214714
794879810.216323
795178591.795488
795269482.752703
795312545.530686
795312545.530686
795312545.530686
795083400.834452
795083400.834452
795127814.401773
795143505.284143
795279176.576077
794427695.964377
794427695.964377
794427695.964377
794427695.964377
795114926.419958
795114926.419958
795114926.419958
795247422.772699
795293119.968828
795293119.968828
795293119.968828
795293119.968828
795293119.968828
795293119.968828
795293119.968828
795270255.572039
794953313.141371
794953313.141371
794953313.141371
794953313.141371
794865858.352532
794785550.057143
795101927.217495
795101927.217495
795394462.435296
795394462.435296
795532163.198497
795483315.196689
795450898.489418
794873095.348443
794693424.584414
794693424.584414
794693424.584414
795140260.345872
795076119.464046
795222449.086064
795222449.086064
795222449.086064
795222449.086064
795222449.086064
795118111.725642
795354327.994649
795354327.994649
795628615.464274
795628615.464274
795628615.464274
795298213.238748
795298213.238748
795298213.238748
795320129.953828
795328017.141801
795350205.178278
794863854.123466
794863854.123466
794863854.123466
795327493.402468
795327493.402468
795327493.402468
794626207.955188
794626207.955188
795381626.859046
795381626.859046
795381626.859046
795381626.859046
795381626.859046
795381626.859046
795381626.859046
795381626.859046
795381626.859046
795381626.859046
795381626.859046
795482713.542167
795482713.542167
795482713.542167
795500342.374055
795500342.374055
795471945.220053
795471945.220053
795378782.903538
795378782.903538
795378782.903538
795378782.903538
795378782.903538
795245605.556678
795155602.462536
795155602.462536
795155602.462536
795105446.539537
795401011.847739
795401011.847739
795401011.847739
795401011.847739
795401011.847739
795401011.847739
794894566.029278
795157703.576775
795157703.576775
795157703.576775
795157703.576775
795186819.508605
795186819.508605
795186819.508605
795443938.74009
795443938.74009
795339724.059292
795445486.850492
795075850.828438
794971948.389188
794971948.389188
794971948.389188
794780108.443916
794780108.443916
794780108.443916
794780108.443916
794780108.443916
794833341.219109
795393295.8182
795197010.253613
795197010.253613
794961189.276163
794961189.276163
794961189.276163
794961189.276163
794961189.276163
794961189.276163
794961189.276163
794961189.276163
795020991.929417
795020991.929417
795020991.929417
794726057.92602
795049679.960506
794854364.883598
794854364.883598
794439630.985566
794384850.166849
795145905.228292
795145905.228292
795145905.228292
794761797.224949
794761797.224949
794761797.224949
794761797.224949
794761797.224949
795443018.78326
795443018.78326
795340365.549393
795340365.549393
795250080.317979
795250080.317979
795250080.317979
795250080.317979
795157205.598387
795108484.002951
795141006.749731
795141006.749731
795078415.672859
795078415.672859
795078415.672859
795078415.672859
794929520.462484
794929520.462484
794929520.462484
794929520.462484
795333303.274006
795367571.003069
795604019.792334
795393226.02991
795393226.02991
795393226.02991
795393226.02991
795393226.02991
795393226.02991
795393226.02991
795464631.471915
795464631.471915
795464631.471915
795603068.436005
795603068.436005
795599741.217478
795063426.544326
795063426.544326
795063426.544326
795063426.544326
795032926.211999
794652044.430846
794652044.430846
794652044.430846
794652044.430846
795448229.776715
795212599.934918
795212599.934918
795212599.934918
795282618.137328
795282618.137328
795282618.137328
795282618.137328
795282618.137328
795282618.137328
795282618.137328
795282618.137328
794713103.142779
794857454.510932
794857454.510932
794922859.950567
794922859.950567
795224584.828939
795224584.828939
795224584.828939
794791962.310583
795512786.995245
795512786.995245
795512786.995245
795512786.995245
795512786.995245
795512786.995245
795512786.995245
795512786.995245
795303400.477251
795303400.477251
795303400.477251
794727547.690106
794727547.690106
795018252.19433
795018252.19433
795018252.19433
795018252.19433
795018252.19433
795500018.166834
795162976.045472
795579626.061658
795133973.111999
795005556.291806
795005556.291806
795005556.291806
795005556.291806
795005556.291806
795283217.86041
795283217.86041
795283217.86041
795165287.284054
795165287.284054
795165287.284054
795165287.284054
795379030.591062
795379030.591062
795379030.591062
795379030.591062
795379030.591062
795379030.591062
795379030.591062
794896575.177278
794896575.177278
794896575.177278
794896575.177278
794896575.177278
795096827.813836
795096827.813836
795096827.813836
795096827.813836
795096827.813836
794996706.810442
794996706.810442
794996706.810442
794996706.810442
795002146.351003
795177901.740622
795177901.740622
795552272.618415
795552272.618415
795552272.618415
794847027.332137
794847027.332137
794937371.173296
794937371.173296
794937371.173296
794937371.173296
794937371.173296
794937371.173296
794786438.68091
794786438.68091
794786438.68091
794786438.68091
794786438.68091
794786438.68091
795344267.601321
795344267.601321
795344267.601321
795344267.601321
795166672.629155
795166672.629155
795214242.112769
795214242.112769
795256457.077065
795256457.077065
795185828.822426
795461148.966953
795272899.245277
795492107.867351
795492107.867351
795436200.072022
795406039.686074
795406039.686074
795363766.033794
795363766.033794
795363766.033794
795363766.033794
795363766.033794
795363766.033794
795363766.033794
795363766.033794
795363766.033794
795482821.746708
795482821.746708
795482821.746708
795519327.337337
795519327.337337
795519327.337337
795519327.337337
795581891.542896
795581891.542896
795614478.755194
795614478.755194
795614478.755194
795456491.976517
795456491.976517
795456491.976517
795456491.976517
795456491.976517
795456491.976517
795456491.976517
795456491.976517
795231775.2171
795231775.2171
795231775.2171
795231775.2171
795231775.2171
795231775.2171
795231775.2171
795380370.319934
795380370.319934
795380370.319934
794861213.541171
794875741.319011
794875741.319011
794742564.630448
794742564.630448
795158338.458007
795158338.458007
795158338.458007
795158338.458007
795158338.458007
795542403.20712
795542403.20712
795542403.20712
795544557.866166
795109153.928936
794750715.78868
794674017.603227
794674017.603227
794754224.772732
794967629.284597
794967629.284597
794967629.284597
794967629.284597
794967629.284597
795200337.975072
795200337.975072
795200337.975072
795200337.975072
794883320.224352
794883320.224352
794883320.224352
794883320.224352
794816477.362245
794688179.777004
794688179.777004
794688179.777004
795270936.337056
795104638.063249
795104638.063249
795094691.07478
795094691.07478
795094691.07478
795268027.583796
795268027.583796
795268027.583796
795268027.583796
795268027.583796
795268027.583796
795268027.583796
795268027.583796
795546588.119632
795546588.119632
795546588.119632
795311255.278715
795311255.278715
795311255.278715
795311255.278715
795311255.278715
795311255.278715
795046586.030878
795046586.030878
795169429.289578
795169429.289578
795169429.289578
795169429.289578
795169429.289578
794654536.26257
794654536.26257
794654536.26257
794654536.26257
794697852.681955
795028055.636482
795028055.636482
795028055.636482
795063637.179463
795063637.179463
795835265.097678
795835265.097678
795555542.983031
795174249.522696
795174249.522696
795174249.522696
795174249.522696
795174249.522696
794984825.049866
794984825.049866
794984825.049866
795513947.644739
794673508.514759
794673508.514759
794673508.514759
794673508.514759
794673508.514759
794673508.514759
794517745.167413
794773297.74615
794773297.74615
795069465.568872
794968144.627963
794949578.010898
794949578.010898
794550773.027535
794550773.027535
794943334.658063
794943334.658063
794943334.658063
794943334.658063
794943334.658063
794741581.739322
794741581.739322
794741581.739322
794951414.81205
794951414.81205
794951414.81205
794480571.644644
794928902.679675
795073153.470915
795073153.470915
795288696.77785
795288696.77785
795288696.77785
795288696.77785
794665015.3865
794665015.3865
794866605.74411
795413029.936856
795413029.936856
795413029.936856
795119032.481896
795119032.481896
795363653.128059
795089918.651939
795439055.363371
795734917.783748
795672162.174165
795672162.174165
795265073.09142
795265073.09142
795265073.09142
795265073.09142
795265073.09142
795077898.502968
795107607.488673
795107607.488673
794934116.627358
794934116.627358
794934116.627358
794934116.627358
794955312.876318
794955312.876318
794955312.876318
794955312.876318
794955312.876318
795304907.0246
795304907.0246
795304907.0246
795293256.201678
795293256.201678
795293256.201678
795293256.201678
795293256.201678
794429645.9231
794925299.686351
794872317.164194
794872317.164194
794872317.164194
794872317.164194
794887960.166085
795761864.971387
795778325.572226
795778325.572226
794411765.751711
794411765.751711
794411765.751711
794391560.436581
794567491.76359
794567491.76359
794555068.552068
794555068.552068
794555068.552068
794587588.389794
795333857.40116
795333857.40116
795333857.40116
795333857.40116
795333857.40116
795333857.40116
795333857.40116
795233167.429277
795233167.429277
794890492.533222
794890492.533222
794890492.533222
795010852.57881
795010852.57881
795010852.57881
795010852.57881
794687322.776236
794687322.776236
794687322.776236
795175225.67221
794865751.756671
794843293.122112
794931463.805458
795304095.871268
795304095.871268
795304095.871268
795304095.871268
795421054.735039
795421054.735039
795421054.735039
795509684.774656
795018231.085086
795167340.476735
795167340.476735
794785171.670833
794785171.670833
794785171.670833
794833619.623676
794833619.623676
795344856.924995
795416631.136243
795011959.095921
794603260.733744
794909485.757132
794909485.757132
794909485.757132
794909485.757132
795068201.657585
795068201.657585
795068201.657585
795068201.657585
795068201.657585
794675679.699198
794675679.699198
794947797.938428
794947797.938428
794947797.938428
795355859.307516
795565350.8164
795425628.891352
795425628.891352
795425628.891352
795425628.891352
795423333.670288
795423333.670288
795423333.670288
794847901.340343
794847901.340343
794847901.340343
794847901.340343
794847901.340343
794847901.340343
794847901.340343
794847901.340343
795440398.248955
794746208.339828
794746208.339828
794746208.339828
794876768.35435
794876768.35435
794876768.35435
795063399.920009
795121842.26131
795121842.26131
795121842.26131
795287916.636735
795556809.651704
795556809.651704
795499210.883601
795499210.883601
795499210.883601
795499210.883601
795499210.883601
795411932.215385
795732924.668575
795732924.668575
795781932.593118
795078013.4958
795078013.4958
795078013.4958
795078013.4958
795078013.4958
795078013.4958
794966742.209876
795448329.102424
795448329.102424
795582147.40617
795582147.40617
795317845.028267
795317845.028267
795317845.028267
795317845.028267
795223034.786961
795223034.786961
795622549.129377
795622549.129377
795622549.129377
795622549.129377
795745986.755764
795809369.337251
795305875.891864
794777878.341757
794777878.341757
795238980.003656
795054775.736483
795054775.736483
795731888.389368
795731888.389368
795266587.807536
795088756.950202
795088756.950202
795088756.950202
795152990.510746
795152990.510746
795152990.510746
795152990.510746
795152990.510746
795152990.510746
795113263.994859
795113263.994859
795000757.512467
795000757.512467
795000757.512467
795000757.512467
795000757.512467
795000757.512467
795000757.512467
795000757.512467
795000757.512467
795607168.459401
795607168.459401
795102191.302569
795102191.302569
794690988.451336
794690988.451336
794690988.451336
794804917.218961
794727155.430949
794734033.176654
794734033.176654
794734033.176654
794734033.176654
795422178.001558
795488504.737676
795365794.962756
794932942.321286
794988317.689557
794988317.689557
794988317.689557
794988317.689557
795286412.976418
795286412.976418
795286412.976418
795286412.976418
795286412.976418
795286412.976418
795657542.516514
795644889.042537
795492078.342921
795594439.197368
795856843.419962
795856843.419962
795856843.419962
796032170.108466
795424343.965997
795424343.965997
795078076.412605
795083578.583812
795083578.583812
795083578.583812
795190036.505786
795190036.505786
795190036.505786
795190036.505786
794909672.458509
794909672.458509
794909672.458509
794909672.458509
794909672.458509
794909672.458509
795531247.020842
795230930.88333
795230930.88333
795230930.88333
795310054.048847
795310054.048847
795310054.048847
795310054.048847
795310054.048847
795310054.048847
794865693.068412
794865693.068412
795012313.544643
795012313.544643
795012313.544643
795012313.544643
795012313.544643
795012313.544643
795027049.772293
795027049.772293
795027049.772293
795379005.929346
795379005.929346
795379005.929346
795653931.921736
795653931.921736
795283597.377642
794810586.648885
794936912.76561
794936912.76561
794936912.76561
794524190.102703
794524190.102703
794524190.102703
794524190.102703
794524190.102703
794524190.102703
794524190.102703
794524190.102703
794524190.102703
794819311.173853
794819311.173853
794819311.173853
794928238.16408
794928238.16408
794928238.16408
794928238.16408
794928238.16408
794954857.295605
794954857.295605
794954857.295605
795062082.778099
795062082.778099
795062082.778099
795062082.778099
794578402.641892
794578402.641892
794578402.641892
794578402.641892
794578402.641892
794578402.641892
794747013.438988
794747013.438988
794747013.438988
794747013.438988
794747013.438988
794747013.438988
795009050.013871
795009050.013871
795009050.013871
795009050.013871
795009050.013871
794601563.881221
795127932.097319
795127932.097319
795127932.097319
794866078.244839
794866078.244839
794936640.894714
795147761.807674
795147761.807674
795105901.212029
795166255.687778
795166255.687778
795166255.687778
795410601.156877
795404400.453629
795195177.687186
795195177.687186
795195177.687186
795195177.687186
794679952.395728
795840610.684064
795624129.584366
795624129.584366
795624129.584366
795416972.078723
795416972.078723
795416972.078723
795416972.078723
795070666.835151
795128604.585781
795114250.176584
795114250.176584
794887506.155949
794632336.379783
794632336.379783
795498552.634593
795498552.634593
795498552.634593
795498552.634593
795498552.634593
795498552.634593
795498552.634593
795498552.634593
794894161.336332
794858125.318129
794858125.318129
795033265.083365
795033265.083365
795033265.083365
795033265.083365
794774119.415204
794774119.415204
794866123.431402
794866123.431402
794866123.431402
794866123.431402
794866123.431402
794850592.884209
794918837.566699
794918837.566699
794918837.566699
794918837.566699
794918837.566699
795518675.210469
795518675.210469
795518675.210469
795518675.210469
794952604.024292
795201984.838536
795201984.838536
795201984.838536
795499208.870599
795499208.870599
795247097.455903
795247097.455903
794929002.900996
795877238.328522
795877238.328522
795459018.825995
795296314.801192
795271779.047699
795169297.893072
795169297.893072
795169297.893072
795173193.706512
795173193.706512
795686432.745898
795231466.359613
795231466.359613
795231466.359613
795111899.671711
795111899.671711
795111899.671711
795111899.671711
795111899.671711
795302776.6638
795313085.127616
795313085.127616
795858863.364928
795858863.364928
795786559.228022
795644384.119794
795644384.119794
795644384.119794
795884057.05038
795826670.743246
795826670.743246
795826670.743246
795644868.779871
795644868.779871
795683465.438617
795683465.438617
795683465.438617
795683465.438617
795683465.438617
795683465.438617
795070730.242373
795032936.280774
795032936.280774
795032936.280774
795032936.280774
795032936.280774
795207169.280191
795207169.280191
795207169.280191
795207169.280191
795207169.280191
795207169.280191
795207169.280191
795207169.280191
795207169.280191
795347031.442679
795347031.442679
795347031.442679
795430509.143114
795332278.702006
795332278.702006
795332278.702006
795332278.702006
795332278.702006
794896185.775321
794896185.775321
794805257.66224
794750470.048528
794750470.048528
794750470.048528
795158561.220888
795158561.220888
795063537.402132
794860022.382918
794843600.275059
795308082.858571
795308082.858571
795308082.858571
795308082.858571
795308082.858571
795353035.53178
795353035.53178
795353035.53178
795353035.53178
795353035.53178
795244928.581246
795244928.581246
795244928.581246
795244928.581246
795306470.988685
795507187.963818
795507187.963818
795493804.393805
795493804.393805
795493804.393805
795261397.439197
795261397.439197
794956051.31181
794956051.31181
795370825.741305
795697208.18137
795697208.18137
795627221.571218
794980758.999206
795016406.858365
795016406.858365
795016406.858365
795016406.858365
795303766.183372
795322919.363479
795322919.363479
795322919.363479
795322919.363479
795311673.023172
795739052.066124
795739052.066124
795724682.990459
795724682.990459
795724682.990459
795724682.990459
795724682.990459
795724682.990459
794954003.204877
794954003.204877
795236219.228436
795236219.228436
795236219.228436
794934766.309179
795102564.712174
795336061.395785
795336061.395785
795336061.395785
795336061.395785
795096639.08205
795096639.08205
795096639.08205
794828224.756322
794828224.756322
794828224.756322
794828224.756322
794828224.756322
794828224.756322
795360023.946831
795360023.946831
795035905.655176
795035905.655176
795173105.479271
795217106.113963
795217106.113963
795436414.146159
795436414.146159
795436414.146159
795323832.056427
795051821.546548
795051821.546548
795051821.546548
795051821.546548
795051821.546548
795051821.546548
795051821.546548
794933925.405623
794933925.405623
794933925.405623
794933925.405623
795559559.306869
795559559.306869
795559559.306869
795559559.306869
795559559.306869
795637286.994404
795637286.994404
795074848.755313
795074848.755313
795074848.755313
795508225.337279
795508225.337279
795508225.337279
795508225.337279
795508225.337279
795431824.004242
795252328.704063
795112391.209165
795112391.209165
795112391.209165
795172471.374196
795172471.374196
795172471.374196
795172471.374196
795172471.374196
795175803.927713
795183810.589599
795183810.589599
795194942.274409
795194942.274409
795194942.274409
795194942.274409
795048477.617553
795048477.617553
795048477.617553
795048477.617553
795582096.32207
795582096.32207
795166509.156945
795308279.230087
795308279.230087
795308279.230087
795308279.230087
795308279.230087
795527681.354746
795527681.354746
795527681.354746
795527681.354746
795154953.796457
795154953.796457
795154953.796457
795154953.796457
795154953.796457
794641121.293103
794641121.293103
794641121.293103
794637146.367959
794637146.367959
795223131.383793
795237665.020553
795237665.020553
795237665.020553
795126060.160499
795126060.160499
795126060.160499
795428461.782108
795428461.782108
795217238.068274
795203448.436487
795203448.436487
795081061.781457
795081061.781457
795466925.555979
795466925.555979
795466925.555979
795466925.555979
795466925.555979
795576154.311945
795576154.311945
795576584.818994
795576584.818994
795465365.548587
795315944.105818
795226571.923301
795226571.923301
794925105.949121
795172811.186629
795018519.693417
795043880.648315
795251463.819575
795251463.819575
795251463.819575
795245357.122408
795245357.122408
795241584.737934
795329916.979511
794725898.240432
795179097.551052
795179097.551052
795179097.551052
795179097.551052
795179097.551052
795333954.74408
795333954.74408
795333954.74408
794648375.363311
795185924.624735
795448043.859426
795626762.458571
795626762.458571
795445875.5748
795445875.5748
795013100.054106
795098478.908158
795098478.908158
795098478.908158
795098478.908158
795098478.908158
795098478.908158
795098478.908158
795432574.567462
795317538.821295
795317538.821295
795046542.053384
795046542.053384
795237459.134438
795918027.966089
795169487.003947
795169487.003947
795169487.003947
795125209.006129
795046756.556864
795475161.745632
795475161.745632
795773593.076065
795773593.076065
795585774.432138
795585774.432138
795547770.805011
795547770.805011
795547770.805011
795403542.511921
794944165.421739
794944165.421739
794944165.421739
794944165.421739
794944165.421739
794944165.421739
795318607.914718
795318607.914718
795318607.914718
795357999.343981
795357999.343981
795357999.343981
795421211.089739
795421211.089739
794338262.16108
794338262.16108
794798032.838396
794798032.838396
794798032.838396
795125485.460707
795125485.460707
795125485.460707
795125485.460707
795125485.460707
795125485.460707
795066555.518507
795510855.682342
795510855.682342
795510855.682342
795217900.931401
795230259.544306
795418822.074196
795418822.074196
795060009.122744
795060009.122744
795060009.122744
795060009.122744
795060009.122744
794727696.002293
794727696.002293
794727696.002293
794727696.002293
794727696.002293
794727696.002293
794830886.047065
794830886.047065
794830886.047065
794824629.333779
794824629.333779
795114230.18952
795114230.18952
795290218.497618
795290218.497618
795236714.284578
795236714.284578
795236714.284578
795623949.7937
795412568.125703
795412568.125703
795191068.21714
795184305.335321
795184305.335321
794960542.038528
794960542.038528
794960542.038528
794960542.038528
794960542.038528
795167921.298729
795167921.298729
795167921.298729
795167921.298729
795167921.298729
795167921.298729
795182965.037174
795182965.037174
795068631.182825
795364834.465795
795364834.465795
795364834.465795
795086099.038519
795086099.038519
795086099.038519
795086099.038519
795086099.038519
795086099.038519
795220115.927308
795077570.747792
795325682.665204
795139153.580529
795139153.580529
795139153.580529
795575285.050013
795575285.050013
795575285.050013
795575285.050013
795202649.350496
795300113.939048
795300113.939048
795539881.681481
795539881.681481
795468206.25503
795468206.25503
794934255.229328
794934255.229328
795387428.546367
795387428.546367
795387428.546367
794897785.824187
794897785.824187
794897785.824187
794897785.824187
794677582.342315
794677582.342315
794677582.342315
795011549.28535
795887391.580627
795313378.498012
795091273.725418
795091273.725418
795356971.339993
795356971.339993
795356971.339993
795356971.339993
795356971.339993
795356971.339993
795079106.77789
795079651.265392
795079651.265392
794906577.947066
794906577.947066
794875383.286437
794875383.286437
794875383.286437
794958468.759572
794842585.353232
794842585.353232
794842585.353232
794842585.353232
794842585.353232
795015191.417367
795015191.417367
794510868.406428
794510868.406428
794518397.644876
794518397.644876
794518397.644876
795164213.662375
795164213.662375
795275432.441923
795275432.441923
795275432.441923
795198974.939408
795198974.939408
795198974.939408
795198974.939408
795198974.939408
795182429.189277
795182429.189277
795182429.189277
795248659.430784
795039305.609733
795039305.609733
794873432.324267
794873432.324267
795342329.227526
795083419.237265
795083419.237265
795205160.35868
795166097.037057
795166097.037057
795166097.037057
795066974.306679
795066974.306679
795045640.220056
795045640.220056
795786958.625865
795786958.625865
795045599.057076
795045599.057076
795019932.260112
795019932.260112
794674088.280462
794674088.280462
795003314.624649
795003314.624649
794519209.686451
795278550.504168
795278550.504168
795278550.504168
795278550.504168
795261407.456465
795261407.456465
795261407.456465
795237106.282792
795237106.282792
795237106.282792
794994802.339122
795500475.195426
795500475.195426
795227525.064775
795227525.064775
795227525.064775
795410824.140677
795303761.193233
795352610.706537
795352610.706537
795352610.706537
795517398.464559
795502208.730249
795502208.730249
794773703.178371
794773703.178371
794773703.178371
795306986.998366
795617157.593251
795660853.039838
795660853.039838
795660853.039838
795660853.039838
795660853.039838
795938376.385725
795938376.385725
795457553.522205
795457553.522205
795457553.522205
795457553.522205
795832142.842621
795480937.181968
795480937.181968
795480937.181968
795317749.977894
795193239.556456
795650372.778116
795650372.778116
795650372.778116
795650372.778116
795650372.778116
795578592.064009
795578592.064009
795578592.064009
795578592.064009
795578592.064009
795578592.064009
795578592.064009
795578592.064009
795578592.064009
795347945.945031
795347945.945031
795253419.679916
795253419.679916
795209132.815575
795209132.815575
795209132.815575
795209132.815575
795185537.451734
795185537.451734
795158774.62104
795527404.041362
795192889.885882
795192889.885882
795358903.905411
795358903.905411
795358903.905411
795358903.905411
795358903.905411
795358903.905411
795358903.905411
795699405.339917
795699405.339917
795184029.14251
795184029.14251
794642889.70681
794642889.70681
795109528.11744
795362418.726897
795362418.726897
795087717.364801
795087717.364801
795087717.364801
795087717.364801
795143098.941127
795169857.800011
795259360.938391
795381873.132534
795381873.132534
795381873.132534
795522366.678704
795522366.678704
795856738.568121
795856738.568121
795856738.568121
795478420.898571
795217925.60198
795217925.60198
795196681.751535
795196681.751535
795338923.729312
794969393.755933
794969393.755933
794969393.755933
794969393.755933
795228830.947257
795228830.947257
795228830.947257
795228830.947257
795228830.947257
795228830.947257
795228830.947257
795228830.947257
795228830.947257
795228830.947257
795228830.947257
795228830.947257
794859326.785697
795015239.582239
795015239.582239
795015239.582239
795015239.582239
795015239.582239
795517328.364827
795475557.72942
795475557.72942
795421087.293551
795421087.293551
795281683.007076
795281683.007076
795793071.759375
795793071.759375
795769963.098467
795192110.008959
795011904.48133
795353725.315829
795287214.791699
795287214.791699
795287214.791699
795250547.041829
795213305.725477
795213305.725477
794920393.865256
794920393.865256
794920393.865256
794790888.132078
794790888.132078
795020829.725407
795020829.725407
795020829.725407
795076966.082546
795633694.820593
795236275.547425
795236275.547425
795342332.13936
795342332.13936
795452704.873231
795452704.873231
795452704.873231
795578376.163457
794933039.831658
794933039.831658
794933039.831658
795187368.982941
795227790.830794
795374739.492972
795374739.492972
795374739.492972
795374739.492972
795374739.492972
795374739.492972
795236092.908213
795086183.394905
795134742.702631
795604299.759226
795604299.759226
795592195.667382
795533922.266831
795533922.266831
795296829.743783
795226388.066281
795226388.066281
795115686.222303
794705511.700672
794705511.700672
795260309.979892
795664993.872267
795664993.872267
795087837.772299
795087837.772299
795087837.772299
795087837.772299
795087837.772299
794935278.59203
795339581.223781
795339581.223781
795174631.413252
795174631.413252
795174631.413252
795174631.413252
795174631.413252
795190720.931907
795190720.931907
795190720.931907
795734199.965138
795596607.238719
795067574.27968
795059503.374147
795059503.374147
795059503.374147
795059503.374147
795034282.263029
794968868.921798
794883923.910817
794883923.910817
794883923.910817
794883923.910817
794883923.910817
794883923.910817
794678060.104509
794678060.104509
795009234.486431
795009234.486431
795009234.486431
794841906.562344
794841906.562344
795676532.855456
795676532.855456
795676532.855456
795324696.428971
795358335.201794
794998556.688996
794998556.688996
795584299.510771
795584299.510771
795584299.510771
795584299.510771
795103413.224571
795103413.224571
795065763.919827
795065763.919827
795065763.919827
795065763.919827
795065763.919827
795065763.919827
795065763.919827
795065763.919827
795065763.919827
795216668.526842
795216668.526842
795218253.027588
795218253.027588
795218253.027588
795244695.053478
794859055.17746
794859055.17746
794859055.17746
794859055.17746
794859055.17746
794859055.17746
794859055.17746
794859055.17746
795376071.074298
795608705.361036
795725407.753939
795394694.917192
795322434.760303
795322434.760303
795322434.760303
795042024.83266
795042024.83266
795042024.83266
795042024.83266
795042024.83266
795042024.83266
795029799.71578
795029799.71578
795029799.71578
795029799.71578
795029799.71578
795029799.71578
795191162.772606
795191162.772606
795195744.886911
795195744.886911
795186196.010854
795748686.381751
795748686.381751
795748686.381751
795038124.819329
794838682.118901
795098477.675705
795098477.675705
795306722.590929
795607859.18197
795607859.18197
795607859.18197
795607859.18197
795227391.945846
795227391.945846
795227391.945846
795227391.945846
795227391.945846
794966873.146696
794966873.146696
794691733.472172
794691733.472172
795430672.004337
795178132.071826
795178132.071826
795178132.071826
795178132.071826
795178132.071826
795178132.071826
795424360.277857
795424360.277857
794842306.789506
795038108.143538
795038108.143538
795038108.143538
795038108.143538
795455608.763427
795455608.763427
795269687.381392
795269687.381392
794825179.49158
795400284.531883
795400284.531883
795400284.531883
795400284.531883
795400284.531883
795400284.531883
795750206.001354
794938361.086447
794938361.086447
794938361.086447
794938361.086447
794874815.995281
794874815.995281
794874815.995281
794668012.894781
794668012.894781
794668012.894781
794668012.894781
794668012.894781
795329173.777518
795329173.777518
795329173.777518
795329173.777518
795443248.753803
795443248.753803
795443248.753803
795512785.070205
795140647.772489
795140647.772489
795242143.540757
795242143.540757
795478232.616521
795478232.616521
795478232.616521
795585464.359724
795585464.359724
795504368.614126
795504368.614126
795504368.614126
795504368.614126
795683707.019779
795182037.906604
795182037.906604
795182037.906604
795163926.720809
795371601.052054
795310851.757295
795310851.757295
795310851.757295
795310851.757295
795310851.757295
795310851.757295
795310851.757295
795310851.757295
795310851.757295
795310851.757295
795310851.757295
795397093.14242
795422556.073763
795208419.661751
795208419.661751
795208419.661751
795216958.519456
795093353.915862
795320429.487568
795393727.787165
795386693.099611
795386693.099611
795386693.099611
795386693.099611
795671063.457249
795265777.1484
795481266.924815
795481266.924815
795481266.924815
795481266.924815
795481266.924815
795481266.924815
795184754.452315
795384500.547723
795384500.547723
795384500.547723
795384500.547723
795363586.783483
794940061.454891
794940061.454891
794940061.454891
794763170.658846
794895598.836844
794985747.801156
794985747.801156
794985747.801156
794985747.801156
794565087.121505
794770908.142165
794770908.142165
794785964.958461
794785964.958461
794785964.958461
794843539.743789
795357238.992089
795357238.992089
795360970.002417
795360970.002417
795360970.002417
795360970.002417
795357023.602738
795312818.65983
795312818.65983
795312818.65983
794854386.595547
795265868.797846
795626401.328938
795719696.386462
795719696.386462
795719696.386462
795719696.386462
795340600.529131
794795567.15859
795161086.677121
795161086.677121
795161086.677121
795174444.208571
795174444.208571
795174444.208571
795174444.208571
795174444.208571
795174444.208571
795227872.755463
795227872.755463
795356700.747196
795475745.607541
795475745.607541
795475745.607541
795475745.607541
794580020.35314
795182092.803945
795182092.803945
795109724.443347
795109724.443347
795109724.443347
794518561.966923
794961885.504197
794961885.504197
795434064.652164
795434064.652164
795452106.454738
795361730.619034
795133153.346872
795133153.346872
795635160.70844
795635160.70844
795635160.70844
795475672.279293
795489504.000118
795489504.000118
795489504.000118
795499919.074353
795430259.009824
795430259.009824
794882694.86687
794882694.86687
794843781.162762
794843781.162762
795242109.645524
795437404.254878
795346861.146105
795346861.146105
795346861.146105
795199594.77988
795199594.77988
795199594.77988
795319924.3047
795375406.732733
795416615.434046
795416615.434046
795416615.434046
795416615.434046
794737942.232269
794737942.232269
794901496.008553
794901496.008553
794901496.008553
794901496.008553
794901496.008553
794901496.008553
794901496.008553
795228265.229858
795228265.229858
795228265.229858
795228265.229858
795069428.693007
794787735.804481
794787735.804481
794787735.804481
794787735.804481
794787735.804481
794787735.804481
794787735.804481
794787735.804481
794787735.804481
794963434.033924
794963434.033924
794963434.033924
794963434.033924
795146770.488318
795146770.488318
795445165.00043
795445165.00043
795273447.059619
795273447.059619
795269613.966714
795269613.966714
795269613.966714
795269613.966714
795187860.611576
795066310.808378
795074274.611227
795074274.611227
795147237.84028
795147237.84028
795147237.84028
795147237.84028
795147237.84028
795519970.892745
795519970.892745
795519970.892745
795519970.892745
795561766.407037
794957468.154192
794957468.154192
794957468.154192
794957468.154192
794957468.154192
794957468.154192
795296357.983352
795260441.19844
795260441.19844
795260441.19844
795195120.822208
795195120.822208
794874598.373331
794874598.373331
794874598.373331
794874598.373331
794874598.373331
794874598.373331
794874598.373331
795083940.084629
795083940.084629
795083940.084629
795083940.084629
794916128.051628
794916128.051628
794916128.051628
794916128.051628
795016133.11872
795016133.11872
795532024.133894
795532024.133894
795532024.133894
795532024.133894
795532024.133894
795115825.138466
795115825.138466
795258702.470054
795338103.383663
795338103.383663
795338103.383663
795208229.731955
795208229.731955
795084437.745217
795084437.745217
794886587.031192
794886587.031192
794960787.392896
794960787.392896
795017201.897104
795185995.134118
795185995.134118
795185995.134118
795185995.134118
795185995.134118
795185995.134118
795185995.134118
795185995.134118
795185995.134118
795185995.134118
795185995.134118
795185995.134118
795185995.134118
795251578.958464
795295166.949823
795295166.949823
795438477.990166
795241571.251603
795241571.251603
795222220.67693
795426658.500223
795426658.500223
795426658.500223
795426658.500223
795426658.500223
794812091.050619
794812091.050619
795269770.549697
795269770.549697
795269770.549697
795269770.549697
795269770.549697
795269770.549697
795197113.149094
795197113.149094
794573035.405906
795069089.926308
795069796.415079
794932146.543145
794932146.543145
794932146.543145
794932146.543145
795394580.955173
795584159.887051
795584159.887051
795584159.887051
795584159.887051
794889816.623305
795251267.478357
795251267.478357
795251267.478357
795251267.478357
795518453.761575
795518453.761575
795518453.761575
795160639.612855
795160639.612855
795160639.612855
795160639.612855
795160639.612855
795157084.122492
795157084.122492
795157084.122492
795157084.122492
795157084.122492
795157084.122492
795104278.316619
795358200.410372
795358200.410372
795358200.410372
795358200.410372
795501541.511097
795501541.511097
795501541.511097
795501541.511097
794449152.422086
794449152.422086
794449152.422086
794449152.422086
794387494.451808
794540549.879684
795261425.269313
795198454.926422
795198454.926422
795073487.962654
795073487.962654
795073487.962654
795364549.546407
795364549.546407
794895945.940065
795514935.702498
795612647.701756
795612647.701756
795612647.701756
795612647.701756
794912389.68343
794912389.68343
794912389.68343
794912389.68343
795260527.062383
795260527.062383
795260527.062383
795260527.062383
795194769.878461
795194769.878461
795194769.878461
795194769.878461
795194769.878461
795272910.942108
795272910.942108
795331563.247426
795331563.247426
795415262.531948
795415262.531948
795415262.531948
795415262.531948
795415262.531948
795415262.531948
795415262.531948
795415262.531948
795415262.531948
795415262.531948
795415166.053639
795415166.053639
795366788.322469
795366788.322469
795469274.284657
795384339.223312
795384339.223312
795384339.223312
795384339.223312
795384339.223312
795384339.223312
795384339.223312
795384339.223312
795384339.223312
795384339.223312
795030167.743372
795410787.005466
795410787.005466
795410787.005466
795379784.994842
795379784.994842
795379784.994842
795379784.994842
794979572.804714
794979572.804714
794979572.804714
794979572.804714
794979572.804714
794979572.804714
794890159.655184
794890159.655184
794890159.655184
794890159.655184
794890159.655184
795354064.839204
795056941.064543
795056941.064543
795261710.326495
795261710.326495
795261710.326495
795261710.326495
795261710.326495
795261710.326495
795133826.999568
795133826.999568
795219867.444816
795219867.444816
795219867.444816
795220670.227869
795220670.227869
795156992.802924
794704890.612392
794704890.612392
794704890.612392
794828402.211695
794828402.211695
794828402.211695
794761591.39997
794761591.39997
794761591.39997
794761591.39997
794761591.39997
794761591.39997
795255816.594821
795255816.594821
795255816.594821
795255816.594821
795255816.594821
795169938.504701
795169938.504701
795169938.504701
795169938.504701
795169938.504701
795169938.504701
795204336.909365
795204336.909365
795044984.495058
795044984.495058
795044984.495058
795044984.495058
795044984.495058
795044984.495058
795044984.495058
795044984.495058
795044984.495058
795044984.495058
794887222.159195
795045667.528905
795346099.25886
795346099.25886
795346099.25886
795346099.25886
795346099.25886
795346099.25886
794963323.831645
794963323.831645
794963323.831645
794963323.831645
794963323.831645
794963323.831645
794963323.831645
795362086.930939
795362086.930939
795362086.930939
795183443.919598
795183443.919598
795183443.919598
795183443.919598
795183443.919598
795183443.919598
795720549.875859
795720549.875859
795500161.826851
795500161.826851
795500161.826851
795500161.826851
795500161.826851
795500161.826851
795008376.959735
795060293.896267
795633407.393035
795749671.04595
795749671.04595
795700383.453248
795700383.453248
795619920.934241
795619920.934241
795619920.934241
795619920.934241
795450403.640869
795450403.640869
795450403.640869
795405121.474659
795405121.474659
794942822.211009
794967838.817246
794967838.817246
794967838.817246
794967838.817246
794878025.266481
794878025.266481
794878025.266481
795016308.72779
794799129.135301
794799129.135301
794936573.831218
794936573.831218
795308704.38003
795207244.53145
795207244.53145
795207244.53145
794855715.748383
794875515.792921
794912574.571479
794912574.571479
795328425.673254
795237819.997196
795048772.470718
795048772.470718
795048772.470718
795048772.470718
794861062.318272
795494703.494723
795494703.494723
795494703.494723
795881595.042701
795881595.042701
795527058.840142
795365982.495814
795365982.495814
795365982.495814
795365982.495814
795214448.747443
795199757.714864
795199757.714864
795263521.289536
794791132.146968
794791132.146968
794791132.146968
794791132.146968
794791132.146968
794791132.146968
794944551.286999
794944551.286999
795236316.651651
795236316.651651
795094709.480621
795094709.480621
795094709.480621
795146625.350286
795244923.651026
795244923.651026
795412377.602072
795412377.602072
795342491.283596
795342491.283596
795342491.283596
795342491.283596
795342491.283596
795342491.283596
795342491.283596
795265493.388067
795265493.388067
795230216.732892
795230216.732892
795230216.732892
794995297.343927
794831228.417135
794762701.7266
795086399.766343
795086399.766343
795086399.766343
795086399.766343
795086399.766343
795086399.766343
794685676.938974
795132550.34099
795132550.34099
795132550.34099
795495854.896091
795495854.896091
795002531.361416
795341883.565024
795341883.565024
795465931.51997
795465931.51997
795598644.866117
795598644.866117
795663575.007049
795318383.045601
795318383.045601
795318383.045601
795336998.871483
795725624.376086
795522815.014924
795522815.014924
795306152.713659
795306152.713659
795306152.713659
795306152.713659
795306152.713659
794734800.510923
794605521.473724
794719711.26142
794719711.26142
794973251.175309
794973251.175309
794973251.175309
794973251.175309
794973251.175309
794973251.175309
794973251.175309
795170236.02591
795170236.02591
795170236.02591
795522985.783892
795514559.459558
795514559.459558
795514559.459558
795514559.459558
795514559.459558
795351810.689066
795351810.689066
795075550.204902
795075550.204902
795122860.582425
795029505.96869
795029505.96869
795570390.354918
795570390.354918
795570390.354918
795621944.169023
795621944.169023
795621944.169023
795621944.169023
795621944.169023
795026680.157685
795026680.157685
794663559.323149
794663559.323149
795150548.519342
795150548.519342
794729908.126894
795241143.658764
795290810.330566
795288912.986812
795288912.986812
795287343.910058
795016521.668898
795082892.476
794794842.694866
794794842.694866
794794842.694866
795233973.07274
795233973.07274
795233973.07274
795233973.07274
795233973.07274
795330526.028848
795233476.360101
795233476.360101
795233476.360101
795431891.64659
795366982.904241
794896822.619557
795147971.440152
795147971.440152
795301920.990187
795301920.990187
795301920.990187
795301920.990187
795543934.791301
795125525.699884
795125525.699884
795125525.699884
795093031.034443
795029762.70867
795029762.70867
795029762.70867
795029762.70867
795310767.78508
795244154.909415
795244154.909415
795422036.392137
795207745.276033
795207745.276033
795207745.276033
795095102.795605
795095102.795605
795095102.795605
795095102.795605
795095102.795605
795095102.795605
795095102.795605
795095102.795605
794947927.009187
794947927.009187
794947927.009187
794773960.604074
794437908.196817
794437908.196817
794437908.196817
795170691.376388
795170691.376388
795170691.376388
795135584.125827
795135584.125827
794979924.838423
795098177.099138
795098177.099138
794775191.776782
795284310.175685
795284310.175685
795284310.175685
795284310.175685
795120871.669003
795120871.669003
794960884.815911
795129827.378005
794945678.915846
794923891.121225
795001687.249113
795001687.249113
795001687.249113
795001687.249113
794728674.053244
795157410.03502
795157410.03502
795157410.03502
795282222.760802
795282222.760802
795282222.760802
795282222.760802
795282222.760802
795282222.760802
795282222.760802
795282222.760802
795282222.760802
795282222.760802
795282222.760802
795282222.760802
795282222.760802
794897106.196179
795446664.133021
795254444.538851
795686687.276914
795686687.276914
795570756.05797
795570756.05797
795570756.05797
795618070.940473
794834149.836042
795323210.80549
795323210.80549
795279364.744304
795219024.466507
795219024.466507
795219024.466507
795219024.466507
795282106.006082
795282106.006082
795140467.848254
795140467.848254
795140467.848254
795140467.848254
795140467.848254
795140467.848254
795140467.848254
795140467.848254
794961743.600851
794961743.600851
794961743.600851
794961743.600851
795614040.032258
795066498.955398
795066498.955398
795066498.955398
795066498.955398
795066498.955398
795066498.955398
795066498.955398
795066498.955398
795352426.414821
795352426.414821
795303245.314159
795303245.314159
795303245.314159
795462478.07236
795462478.07236
795462478.07236
795006332.937425
795038487.220046
794455749.57083
794455749.57083
794455749.57083
794455749.57083
794455749.57083
794455749.57083
794455749.57083
794455749.57083
794605045.003436
794605045.003436
794605045.003436
794605045.003436
794605045.003436
794605045.003436
794766750.554921
794766750.554921
794844937.451093
795818136.836702
795818136.836702
795818136.836702
795818136.836702
795818136.836702
795537169.966411
795537169.966411
795537169.966411
794982247.975382
794972420.216692
794960501.547783
794960501.547783
795185494.51025
795751322.952053
795346598.550567
795346598.550567
795071063.458585
795071063.458585
795071063.458585
795071063.458585
795071063.458585
795071063.458585
795071063.458585
795301768.737093
795301768.737093
795301768.737093
795301768.737093
795301768.737093
795301768.737093
795301768.737093
795301768.737093
795165788.763496
795165788.763496
795165788.763496
795209484.34447
795167934.621351
795167934.621351
795421351.469267
795431932.990114
795208378.423428
795208378.423428
795208378.423428
795231496.329975
795231496.329975
795231496.329975
795231496.329975
795231496.329975
795389204.395471
795389204.395471
795389204.395471
795389204.395471
795389204.395471
795389204.395471
795180819.432477
795188098.144692
795484151.397844
795453813.052338
795453813.052338
795501803.46513
795501803.46513
795501803.46513
795464049.845668
795464049.845668
795535979.981297
794724098.682303
794656976.59551
794656976.59551
794966584.476937
795311364.048242
795311364.048242
795312799.947416
795312799.947416
795312799.947416
795174790.434141
795174790.434141
795174790.434141
795174699.894395
795270227.384729
795403304.408624
795403304.408624
795452793.315791
795452793.315791
795023448.270521
795023448.270521
795023448.270521
795503989.732641
795503989.732641
795503989.732641
795503989.732641
795503989.732641
795503989.732641
795503989.732641
795503989.732641
795503989.732641
795359078.755549
794824136.465432
794717205.738824
794894940.423439
794714798.332032
794714798.332032
794714798.332032
794566383.760825
794737346.551445
795047145.521809
795047145.521809
795047145.521809
794606747.967902
795112742.995149
794844208.731192
795100902.227515
795164120.424512
795164120.424512
794823373.029426
795545311.031677
795545311.031677
795545311.031677
795545311.031677
795545311.031677
795545311.031677
795545311.031677
795545311.031677
795367668.629121
795367668.629121
795367668.629121
795367668.629121
795638016.737015
796011861.190575
795536636.839754
795536636.839754
795005097.731551
795005097.731551
795005097.731551
795005097.731551
795321047.705375
795321047.705375
795017074.831462
795125055.859546
795174616.21259
795174616.21259
795137894.858558
795137894.858558
795137894.858558
795137894.858558
795137894.858558
795137894.858558
795137894.858558
795137894.858558
795137894.858558
795137894.858558
795448937.094386
795448937.094386
794977960.016433
794977960.016433
794977960.016433
795090632.499501
795090632.499501
795090632.499501
795090632.499501
795074382.448728
795074382.448728
795074382.448728
795074382.448728
795074382.448728
795074382.448728
795074382.448728
794996778.604958
794996778.604958
794975203.168928
794975203.168928
794975203.168928
794842355.551852
795189925.230219
795386895.271393
795386895.271393
795386895.271393
795178663.193886
795178663.193886
795178663.193886
795178663.193886
795247979.243194
795247979.243194
795247979.243194
795247979.243194
795247979.243194
795498151.766326
795498151.766326
795498151.766326
795498151.766326
795498151.766326
795498151.766326
795498151.766326
795438764.123986
795438764.123986
795438764.123986
795428853.442965
795686851.074226
795263488.46118
795263488.46118
795263488.46118
795263488.46118
795064598.101071
795222542.931909
795222542.931909
795222542.931909
795222542.931909
795198635.247936
795198635.247936
795198635.247936
795198635.247936
795198635.247936
795198635.247936
795198635.247936
795198635.247936
795198635.247936
795198635.247936
795198635.247936
795075183.10107
794984952.442819
795038971.028479
794927733.924179
794927733.924179
794912998.405702
795223027.237422
795223027.237422
795256283.059366
795256283.059366
795256283.059366
795256283.059366
795256283.059366
795610913.770799
795610913.770799
795610913.770799
795610913.770799
795610913.770799
795610913.770799
795350886.844698
795350886.844698
795350886.844698
795078491.005256
795078491.005256
795078491.005256
795291789.014978
795291789.014978
795291789.014978
795291789.014978
795291789.014978
795415631.427598
795415631.427598
795368062.880787
795368062.880787
794871210.776668
794871210.776668
794591521.657283
795135096.111305
795135096.111305
795135096.111305
795135096.111305
795135096.111305
795135096.111305
795135096.111305
795135096.111305
795171272.979401
795171272.979401
794792757.890787
794792757.890787
794792757.890787
794792757.890787
794792757.890787
794792757.890787
794792757.890787
794792757.890787
794792757.890787
794807704.961681
794807704.961681
794807704.961681
794807704.961681
794883353.605916
794883353.605916
794883353.605916
795201532.248846
794926109.7257
795076808.746774
795353927.536043
795353927.536043
794600155.065242
794889335.503988
794856162.096484
794856162.096484
794856162.096484
794193456.718811
794780752.381728
795389436.240194
795389436.240194
795760487.93459
795771696.973481
795771696.973481
795339633.744812
795189234.390044
795189234.390044
795189234.390044
795189234.390044
795135530.895035
795135530.895035
795083160.142853
795083160.142853
795083160.142853
795083160.142853
795540434.78028
795540434.78028
795239655.77631
795284883.226419
795284883.226419
795284883.226419
795284883.226419
795284883.226419
795258005.845271
795083662.080181
795289443.523776
795289443.523776
795031449.831394
795031449.831394
795031449.831394
795031449.831394
795470626.556866
795249923.220868
795249923.220868
795249923.220868
795504495.064938
795504495.064938
795504495.064938
795504495.064938
795504495.064938
795504495.064938
795504495.064938
794867356.205085
794867356.205085
795262205.212373
795262205.212373
795262205.212373
794887140.669013
794887140.669013
794908958.448869
795228984.040278
795228984.040278
795228984.040278
795228984.040278
794840996.256032
794840996.256032
794840996.256032
794840996.256032
794885692.072751
794842764.214107
794842764.214107
794842764.214107
794842764.214107
795134971.360259
794941484.608684
794941484.608684
794863304.142152
794863304.142152
794863304.142152
794863304.142152
794863304.142152
794863304.142152
794863304.142152
795193567.149617
795193567.149617
795193567.149617
795375106.88865
795587538.332214
795506031.912293
795666391.295499
795666391.295499
795666391.295499
795666391.295499
795699799.288433
795353621.282068
795143898.599354
795143898.599354
795143898.599354
795143898.599354
795143898.599354
795143898.599354
795143898.599354
795143898.599354
795143898.599354
795143898.599354
795189634.105799
795049068.860563
795134820.108029
795134820.108029
795038197.275868
795491043.698076
795322576.967531
795595658.149113
795595658.149113
795595658.149113
795248134.214883
795248134.214883
795248134.214883
794793772.698122
794793772.698122
794793772.698122
794730228.101016
794730228.101016
795198239.12089
795198239.12089
795198239.12089
795198239.12089
795198239.12089
795198239.12089
795301256.212253
795305382.341145
794693839.147361
794693839.147361
794693839.147361
794801698.815182
794801698.815182
794801698.815182
794801698.815182
794523677.9265
794694752.106881
794694752.106881
794694752.106881
794694752.106881
794694752.106881
794694752.106881
794694752.106881
795110302.258341
795307310.117294
795307310.117294
795307310.117294
795307310.117294
795470220.826126
795414252.35414
795364063.388318
795039624.887018
795123653.248319
795123653.248319
795123653.248319
795123653.248319
795097432.070313
795488943.317788
795488943.317788
795469649.387084
795469649.387084
795469649.387084
795469649.387084
795469649.387084
795469649.387084
795806454.705099
795806454.705099
795806454.705099
795806454.705099
795806454.705099
795806454.705099
795370310.728833
795370310.728833
795370310.728833
795370310.728833
796011817.78978
795471024.098722
795471024.098722
795471024.098722
795471024.098722
794858877.252805
795173615.17179
795173615.17179
795173615.17179
795173615.17179
795007663.789606
795007663.789606
795087228.115832
795087228.115832
795357302.340336
794960906.700426
794960906.700426
795014785.076271
795014785.076271
795014785.076271
795014785.076271
794844840.302579
794967226.123317
794967226.123317
794967226.123317
794967226.123317
794967226.123317
794967226.123317
795161814.603573
795161814.603573
795161814.603573
795161814.603573
795161814.603573
795161814.603573
795161814.603573
795161814.603573
795150528.488567
795150528.488567
795150528.488567
795171763.805826
795275289.602265
795284555.247807
795507896.57453
795099206.040931
795099206.040931
795099206.040931
794993260.992888
795248009.283195
795248009.283195
795248009.283195
795066790.618019
794979312.118505
794979312.118505
794979312.118505
794979312.118505
795465530.925561
795177210.26936
794924441.951152
794867254.998295
794867254.998295
794809474.823336
795131347.179287
795131347.179287
795218968.839791
795218968.839791
794930088.253586
794930088.253586
795155711.593274
795155711.593274
795217581.378839
795065032.907452
794641710.018747
794774396.081675
794821889.660794
794821889.660794
795617633.954685
795617633.954685
795408320.954393
795416992.387352
794814853.83198
794814853.83198
794837262.051019
794837262.051019
794790519.049065
794790519.049065
794790519.049065
794790519.049065
794790519.049065
794957267.467749
795073829.163962
794911479.354385
794911479.354385
794911479.354385
794911479.354385
794911479.354385
794911479.354385
794784514.797408
794784514.797408
794784514.797408
794784514.797408
794784514.797408
794826283.83579
794826283.83579
794826283.83579
794826283.83579
794631699.850695
794631699.850695
794831611.361076
795154289.966307
795154289.966307
795154289.966307
795154289.966307
794703802.27503
795490228.297898
795490228.297898
795490228.297898
795802754.486574
795704165.473067
795704165.473067
795173910.067003
795083453.316285
795083453.316285
795083453.316285
795083453.316285
795083453.316285
795083453.316285
795083453.316285
795083453.316285
795083453.316285
795239116.741756
794905124.325067
795430542.939879
795315795.336676
795005779.472461
795005779.472461
795005779.472461
795005779.472461
795131902.276626
795131902.276626
795134443.039726
795134443.039726
795134443.039726
795134443.039726
795134443.039726
795134443.039726
795665581.51916
795665581.51916
795509308.178283
795509308.178283
795509308.178283
795509308.178283
795415424.730078
795415424.730078
795415424.730078
795415424.730078
795415424.730078
795415424.730078
795415424.730078
795415424.730078
795255114.034967
795298899.251877
795298899.251877
795440497.0202
795660546.143659
795660546.143659
795660546.143659
795660546.143659
795660546.143659
796080293.168679
796080293.168679
796080293.168679
795690962.294968
795690962.294968
795690962.294968
795690962.294968
795690962.294968
795354035.297396
795217763.465788
795217763.465788
795217763.465788
795407256.569264
795407256.569264
795407256.569264
795133698.874692
795318340.920591
795318340.920591
795247732.213794
795247732.213794
795252652.239868
795466662.867976
795466662.867976
795466662.867976
795418509.372783
795313060.983314
795313060.983314
795313060.983314
795292058.440965
795526622.844865
795320359.478163
796128478.075653
796128478.075653
796128478.075653
796128478.075653
795265325.820462
795265325.820462
795265325.820462
795265325.820462
795124142.403002
795124142.403002
795096390.988446
795783597.511341
795783597.511341
795783597.511341
795783597.511341
795623358.451552
795319353.254516
794913366.537558
794913366.537558
794978603.967818
794978603.967818
795097152.13474
795097152.13474
795097152.13474
795097152.13474
795266996.681693
795060437.652668
795060437.652668
795060437.652668
794816142.312368
794580028.269636
794930720.966423
794930720.966423
794930720.966423
794930720.966423
795628593.551192
795442653.049382
795528851.781561
795528851.781561
795528851.781561
795731590.285783
795252756.841917
795252756.841917
795252756.841917
795252756.841917
795105575.066567
795105575.066567
795105575.066567
795105575.066567
795039838.9122
795079217.130017
795079217.130017
795079217.130017
795079217.130017
794971754.110931
795237533.71654
795237533.71654
795524281.210232
795524281.210232
795524281.210232
795547140.111296
795547140.111296
795011910.056575
795729814.611199
795729814.611199
795571513.634049
794912573.951226
794912573.951226
794912573.951226
794912573.951226
794978040.0108
795308673.402353
795308673.402353
795308673.402353
795308673.402353
795308673.402353
795308673.402353
795308673.402353
795325103.107243
794491250.406304
794491250.406304
794491250.406304
794491250.406304
794491250.406304
794884966.220313
794858781.561776
794858781.561776
795277954.283208
795277954.283208
795277954.283208
795123528.978136
795123528.978136
795123528.978136
795287177.202151
794935410.476005
794935410.476005
794926649.886002
795134545.170432
795134545.170432
795134545.170432
795233005.633828
795233005.633828
795233005.633828
795372431.025361
795372431.025361
795312461.824212
795312461.824212
795369173.420509
795182358.949827
795182358.949827
795489510.519441
795489510.519441
795489510.519441
795141968.472796
795093749.471318
795191061.960898
795075600.976529
795187886.820419
795187886.820419
795282606.540305
795282606.540305
795282606.540305
795169885.8767
795169885.8767
795169885.8767
795531031.416877
795531031.416877
795165311.131564
795165311.131564
795165311.131564
795186682.665924
795186682.665924
795074963.387739
795074963.387739
795074963.387739
795074963.387739
795095581.734432
795198709.051033
795338801.641828
795338801.641828
794904330.573503
794904330.573503
795158667.505297
794818903.019468
794500011.706408
794500011.706408
794783804.004164
794783804.004164
795167394.173848
794960581.065503
795185195.927407
795185195.927407
795185195.927407
795185195.927407
795231346.2705
795231346.2705
795231346.2705
795231346.2705
795231346.2705
795077104.195655
795358174.820604
795358174.820604
795483433.616981
795483433.616981
795483433.616981
795483433.616981
795483433.616981
795483433.616981
795483433.616981
795483433.616981
794772572.689776
794772572.689776
794927760.418007
794927760.418007
794927760.418007
794927760.418007
794815732.373245
794815732.373245
795259803.252899
795259803.252899
795379479.292738
795379479.292738
795379479.292738
795379479.292738
795128894.272304
795139813.604855
795139813.604855
795064530.529963
795064530.529963
795178867.65402
795178867.65402
795261558.988265
795578192.664412
795322182.548754
794924064.329398
794924064.329398
794924064.329398
794924064.329398
794924064.329398
794830660.084114
794830660.084114
794830660.084114
794830660.084114
794830660.084114
794968229.46149
795206551.482958
795206551.482958
795206551.482958
795206551.482958
795206551.482958
795206551.482958
795206551.482958
795206551.482958
795206551.482958
795206551.482958
795146290.698406
795146290.698406
794975659.834702
794975659.834702
795237498.068437
795172655.202675
795172655.202675
794982763.078749
794816575.648068
795173499.159496
795173499.159496
795173499.159496
794592916.222275
794702809.04012
794599865.789184
794777231.051531
794777231.051531
794913006.374999
794913006.374999
794913006.374999
794913006.374999
795092661.934978
795092661.934978
795245790.28137
795107339.241874
795107339.241874
795156178.599719
795159474.404173
795159474.404173
795159474.404173
795159474.404173
795125644.782589
795370069.22922
795370069.22922
795615370.930032
795615370.930032
795615370.930032
795615370.930032
795615370.930032
795735173.703385
795707993.771422
795707993.771422
795707993.771422
795707993.771422
795707993.771422
795763326.308155
795621403.264131
795238253.152719
795238253.152719
795441121.594693
794805041.929682
794805041.929682
795211057.992838
795277720.722876
795277720.722876
795399738.912527
795399738.912527
795399738.912527
795502671.762001
795295685.02808
795295685.02808
795627387.892073
795627387.892073
794971845.738926
794971845.738926
794971845.738926
794971845.738926
794971845.738926
794971845.738926
794937772.733683
794937772.733683
794698016.421166
794564981.386442
794603052.888183
794603052.888183
795564817.340952
795564817.340952
795564817.340952
795564817.340952
795564817.340952
795032663.491516
795032663.491516
795032663.491516
794992631.997146
794992631.997146
794992631.997146
794992631.997146
795025088.367509
795025088.367509
795258550.486279
795348291.523139
795279132.714057
795279132.714057
795264097.42389
795264097.42389
795264097.42389
795264097.42389
795264097.42389
795264097.42389
795319435.244197
795319435.244197
795319435.244197
795319435.244197
795319435.244197
795319435.244197
795314161.122758
795314161.122758
795314161.122758
795001110.026721
795539377.038011
795539377.038011
795539377.038011
795539377.038011
795539377.038011
795539377.038011
795539377.038011
795539377.038011
795516187.736321
795516187.736321
795516187.736321
795583702.723809
795583702.723809
795583702.723809
795583702.723809
795583702.723809
795366363.120885
795366363.120885
795366363.120885
795043628.599804
795043628.599804
795095329.699341
795095329.699341
795095329.699341
795095329.699341
795165186.069042
795165186.069042
795050266.048837
795050266.048837
795050266.048837
795396188.619475
795396188.619475
795396188.619475
795396188.619475
795396188.619475
795185153.718817
795185153.718817
795185153.718817
795185153.718817
795185153.718817
795185153.718817
795185153.718817
794934882.23298
794934882.23298
794934882.23298
794934882.23298
794920979.435628
794968124.347837
794968124.347837
794968124.347837
795037930.54538
795037930.54538
795037930.54538
795037930.54538
795418757.34342
795224245.869599
795540998.722364
795189176.35646
795189176.35646
795189176.35646
795189176.35646
795189176.35646
795189176.35646
795189176.35646
795189176.35646
795189176.35646
794878787.349798
794878787.349798
794926664.318187
794950872.547324
795309873.378635
795309873.378635
795309873.378635
795330762.211504
795107331.33814
795107331.33814
795107331.33814
795129349.761308
795129349.761308
795129349.761308
795129349.761308
794771870.563658
794771870.563658
795168596.064518
795168596.064518
795137088.682963
795137088.682963
795144101.909157
795354027.554922
795354027.554922
795354027.554922
795316633.079389
795316633.079389
795020969.634497
795186268.339708
795246359.72599
795246359.72599
795246359.72599
795246359.72599
795327875.367312
795327875.367312
795327875.367312
795318716.59529
795708220.094871
795708220.094871
795708220.094871
794896553.863016
794958247.820709
794958247.820709
795105417.076034
795105417.076034
795105417.076034
795105417.076034
795105417.076034
794831121.402184
794831121.402184
794975549.325423
795455509.722133
795455509.722133
795117302.60919
794698656.609825
794597104.903663
794597104.903663
794597104.903663
794597104.903663
794929307.779624
795029254.002742
795066253.478067
795066253.478067
795066253.478067
795066253.478067
795066253.478067
794910339.871431
794722764.846425
794722764.846425
794836589.100834
795044473.672264
795044473.672264
795237176.012803
795237176.012803
795237176.012803
795237176.012803
795237176.012803
795155379.709817
795489957.712231
795489957.712231
795517677.247642
795517677.247642
795459372.488457
794933723.043181
795463617.864594
795087230.893048
795087230.893048
795087230.893048
795087230.893048
795087230.893048
795203765.212094
795203765.212094
795203765.212094
795203765.212094
795401179.944321
795401179.944321
795401179.944321
795401179.944321
795401179.944321
795985705.714983
795666333.108549
795188182.114342
795188182.114342
795188182.114342
795188182.114342
795188182.114342
795188182.114342
795188182.114342
795361582.392493
795464283.396207
794870047.486497
794685808.754651
794685808.754651
794485045.499627
794485045.499627
794849530.141817
794849530.141817
795168612.798597
795168612.798597
795168612.798597
795168612.798597
795168612.798597
795168612.798597
795168612.798597
795168612.798597
795168612.798597
795444918.455981
795444918.455981
795502486.179636
795502486.179636
795502486.179636
795502486.179636
795369766.885535
795279524.800357
795279524.800357
795481639.66787
795306993.401249
795306993.401249
795306993.401249
795011621.451986
794970346.075448
794970346.075448
794970346.075448
795376643.923536
795376643.923536
795376643.923536
795376643.923536
795310985.965667
795310985.965667
795310985.965667
795058641.856963
795071098.081585
795071098.081585
795071098.081585
795052814.949637
795284972.832959
794877553.23494
794877553.23494
795126353.165351
795285640.518587
795285640.518587
795285640.518587
795308052.98577
795308052.98577
795376166.525435
795297083.467733
795297083.467733
795297083.467733
795157835.705881
795157835.705881
795157835.705881
795157835.705881
794682659.548316
794682659.548316
795004637.431671
795004637.431671
795035494.743645
795035494.743645
795035494.743645
795035494.743645
795035494.743645
795035494.743645
795035494.743645
795035494.743645
794566024.949927
794566024.949927
794566024.949927
794804168.076329
794804168.076329
794951124.067418
795174584.816322
795174584.816322
795174584.816322
795174584.816322
795174584.816322
795174584.816322
795174584.816322
795174584.816322
794584586.909482
794584586.909482
794583160.884271
795124643.34087
795124643.34087
795321359.443805
795104901.160704
795104901.160704
795104901.160704
795104901.160704
795104901.160704
795197655.114464
795197655.114464
795197655.114464
795197655.114464
795197655.114464
795508383.830094
795508383.830094
795508383.830094
795508383.830094
795508383.830094
795231786.200947
795231786.200947
795231786.200947
794589552.005642
794589552.005642
794589552.005642
794666839.397708
794666839.397708
794524801.635248
794472249.00449
794472249.00449
794748935.498008
794770653.6597
794770653.6597
794770653.6597
794770653.6597
794770653.6597
794770653.6597
794770653.6597
794810265.713146
795632315.74848
795305644.589498
795305644.589498
795305644.589498
795305644.589498
795153168.378627
795341043.585676
795199413.049134
795199413.049134
795065164.943596
795065164.943596
794968147.637043
794968147.637043
794968147.637043
794968147.637043
794968147.637043
795213134.863929
795213134.863929
795035158.76609
795035158.76609
795035158.76609
795035158.76609
795542331.074937
795379195.408871
795379195.408871
795379195.408871
795117104.556285
794646570.52828
794646570.52828
794946848.045936
794946848.045936
794946848.045936
794946848.045936
794946848.045936
795240794.211566
795375265.687486
795150366.790595
795150366.790595
795150366.790595
795143326.047119
795143326.047119
795143326.047119
795143326.047119
795365678.711595
795365678.711595
795850516.117805
795030129.428721
795030129.428721
795602949.385983
795331199.825112
795331199.825112
795331199.825112
794801163.847599
794801163.847599
794801163.847599
794801163.847599
795311887.534227
794940199.922346
795308064.608658
795308064.608658
795308064.608658
795308064.608658
795009228.522018
794889921.129966
794900130.210386
794900130.210386
794900130.210386
794900130.210386
794900130.210386
794900130.210386
794900130.210386
794900130.210386
794900130.210386
795209404.477272
795209404.477272
795209404.477272
795079408.7259
795079408.7259
795079408.7259
794896650.700899
794896650.700899
795325347.88285
795075279.565874
795075279.565874
794940241.361468
794940241.361468
794940241.361468
795300390.472569
795300390.472569
795300390.472569
795300390.472569
795420726.938814
795581197.890772
795581197.890772
795195000.267234
795195000.267234
795126163.48363
795234968.218247
795722816.816733
795722816.816733
795246591.750197
795246591.750197
795246591.750197
795246591.750197
795246591.750197
794974235.473313
794974235.473313
794974235.473313
794974235.473313
794974235.473313
795068974.358266
795068974.358266
795068974.358266
795068974.358266
795208675.302931
795208675.302931
795208675.302931
794962279.73133
794962279.73133
794975220.343956
795249385.935496
795249385.935496
794848762.793735
795607985.791543
795607985.791543
795536546.018784
795536546.018784
794964876.544173
795139115.461341
795139115.461341
795139115.461341
795058591.956151
795058591.956151
794856147.790911
795181166.280421
795181166.280421
795181166.280421
795181166.280421
795181166.280421
795402412.482235
795199138.732437
795199138.732437
795199138.732437
795439983.305037
795439983.305037
795439983.305037
795439983.305037
794928858.116547
794928858.116547
794928858.116547
795074178.952222
795074178.952222
795074178.952222
795074178.952222
795074178.952222
795106779.44035
795106779.44035
795106779.44035
795106779.44035
795106779.44035
795106779.44035
795358863.350968
794535755.356923
794979584.567813
794979584.567813
794979584.567813
794979584.567813
794979584.567813
794979584.567813
794979584.567813
794979584.567813
795263704.295216
795263704.295216
795263704.295216
795263704.295216
795263704.295216
795263704.295216
795518617.143929
795371246.087544
795371246.087544
795443055.766552
795428114.510239
795024597.459758
795024597.459758
795024597.459758
795236712.186589
795356885.982507
795356885.982507
795262391.408473
795262391.408473
795299170.070077
795299170.070077
795299170.070077
795299170.070077
795719843.490839
795262957.103324
795262957.103324
795233211.371661
795233211.371661
795520942.132987
795520942.132987
795608713.580265
794928833.158317
795491732.116409
795259729.006201
795259729.006201
795060797.754331
795060797.754331
794995011.8553
794995011.8553
794995011.8553
794995011.8553
794995011.8553
794995011.8553
794995011.8553
794995011.8553
794995011.8553
795295255.735453
795295255.735453
795295255.735453
795295255.735453
795295255.735453
795446778.184323
795605438.80077
794946280.500016
794946280.500016
794946280.500016
795129785.684229
795129785.684229
795129785.684229
795129785.684229
795129785.684229
795355207.009684
795098269.397665
795098269.397665
795335055.694481
795335055.694481
795335055.694481
795335055.694481
795335055.694481
795335055.694481
795335055.694481
795335055.694481
795335055.694481
795335055.694481
795335055.694481
794705490.893045
794922932.597993
795110606.441315
795110606.441315
795110606.441315
795110606.441315
795110606.441315
795110606.441315
796140380.849507
796140380.849507
796140380.849507
796023926.367874
796023926.367874
795735581.329791
795641187.295
795641187.295
795081274.844786
795077521.479792
794884320.174743
795046387.154942
795046387.154942
795139504.879781
795139504.879781
795139504.879781
795139504.879781
795364173.690392
795364173.690392
795636152.197958
795422016.539563
795455905.920995
795019588.653859
795019588.653859
795019588.653859
795019588.653859
795097652.360652
795097652.360652
795097652.360652
795115108.116619
795426103.69517
795426103.69517
794955742.829807
794955742.829807
794930203.510979
794930203.510979
794923872.696707
794923872.696707
795330029.088161
795330029.088161
795503900.551803
795503900.551803
795503900.551803
795264127.55199
795264127.55199
795264127.55199
795264127.55199
795200941.596658
795200941.596658
795200941.596658
795200941.596658
795200941.596658
795200941.596658
795200941.596658
795027829.914371
795027829.914371
795352173.462423
795161459.737725
795161459.737725
795161459.737725
795161459.737725
795161459.737725
795161459.737725
795161459.737725
795161459.737725
795161459.737725
795098545.578171
795312545.3271
795312545.3271
795810306.275855
795810306.275855
795810306.275855
795810306.275855
795553808.977084
795553808.977084
795553808.977084
795553808.977084
795553808.977084
795507334.310188
795507334.310188
795507334.310188
795507334.310188
795507334.310188
795507334.310188
795507334.310188
795350678.783825
795350678.783825
794866166.181409
794984474.393836
795028964.143477
795218757.548465
795218757.548465
795388306.631075
795388306.631075
795388306.631075
795521366.70539
795409845.470069
795405388.794776
795141849.529361
795315116.67747
795315116.67747
795502360.461988
795039345.077656
794681089.713161
794681089.713161
794681089.713161
794681089.713161
795185199.542952
795270199.006177
795270199.006177
795270199.006177
795270199.006177
795294695.606021
795294695.606021
795088698.558594
795355597.665586
795355597.665586
795416000.452168
795416000.452168
794829833.985639
795198642.244887
795181926.867975
795121450.892527
795121450.892527
795121450.892527
795121450.892527
795121450.892527
795121450.892527
795121450.892527
795172341.997679
795172341.997679
795172341.997679
794880131.332525
794880131.332525
794880131.332525
794880131.332525
795614522.935835
795614522.935835
795614522.935835
795051056.094558
795051056.094558
795051056.094558
795051056.094558
795107770.991685
794797812.423981
794874798.007913
795011747.495922
795011747.495922
794682048.483227
794682048.483227
794682048.483227
795205338.582977
795205338.582977
795205338.582977
795205338.582977
795205338.582977
795205338.582977
795205338.582977
795037845.092781
795037845.092781
795231247.429396
795231247.429396
795191462.462172
795191462.462172
794844211.746974
795661367.243075
795661367.243075
795264209.624728
795264209.624728
795500510.608906
795259828.195061
795259828.195061
795259828.195061
795259828.195061
795218380.149013
795398597.352602
795398597.352602
795710204.755131
795710204.755131
795710204.755131
795198356.761935
795198356.761935
795175620.287583
795175620.287583
795042041.53332
795042041.53332
795169583.625285
795169583.625285
794772816.497978
794854387.860897
795225749.975174
795225749.975174
795090385.214902
795090385.214902
795159690.562621
795159690.562621
795159690.562621
795092360.267771
795092360.267771
795249605.052098
794643239.235747
795240552.212486
795240552.212486
794954927.704432
794954927.704432
794954927.704432
794954927.704432
794954927.704432
794886295.974718
794886295.974718
794940976.709129
795260122.030717
795215173.557455
795215173.557455
795603897.135672
795603897.135672
795603897.135672
795603897.135672
795603897.135672
795603897.135672
795603897.135672
795603897.135672
794773682.942156
795166734.990939
794832531.704322
794849978.285703
794737125.625334
794847379.336761
794847379.336761
795091455.634094
795091455.634094
795088332.769591
795309651.422045
795309651.422045
795309651.422045
795309651.422045
795309651.422045
795309651.422045
795298940.613176
795474399.409824
795192136.522117
795192136.522117
795149999.235157
795105315.472847
795066438.562519
795066438.562519
795168904.557467
795168904.557467
795168904.557467
795168904.557467
795168904.557467
795168904.557467
795082039.073207
795082039.073207
795471190.327775
795471190.327775
795471190.327775
795611516.97826
795611516.97826
795444600.376547
795444600.376547
795444600.376547
795444600.376547
795444600.376547
794860325.605253
794860325.605253
795126344.803257
795126344.803257
795126344.803257
795126344.803257
795126344.803257
795126344.803257
795126344.803257
795008456.859604
794971168.740774
795064966.883471
795064966.883471
795064966.883471
795064966.883471
795074461.152929
794961938.917994
794961938.917994
795456586.478187
795456586.478187
795456586.478187
795456586.478187
795456586.478187
795456586.478187
794925951.016529
794451940.893208
794451940.893208
794451940.893208
794451940.893208
795422050.569151
795422050.569151
795422050.569151
795422050.569151
795422050.569151
795550463.499108
795550463.499108
795125849.186421
795125711.904888
795125711.904888
795125711.904888
795125711.904888
795159770.47828
795093136.936885
795093136.936885
794750901.327968
794974885.178864
794949888.897735
795383456.776236
795383456.776236
795412607.204062
795004316.954405
795004316.954405
795042803.982136
794903094.633517
795210452.575685
795153421.371961
795153421.371961
795153421.371961
795153421.371961
795399456.924188
795399456.924188
795399456.924188
795399456.924188
795399456.924188
795399456.924188
795399456.924188
795399456.924188
795399456.924188
795399456.924188
795399456.924188
795399456.924188
795399456.924188
795399456.924188
794995072.959295
795131691.462438
795131691.462438
795131691.462438
795131691.462438
795303135.143776
795303135.143776
794886605.836504
795349763.780264
795349763.780264
795349763.780264
795126432.717708
795126432.717708
795126432.717708
795126432.717708
795126432.717708
795126432.717708
795380191.002276
795288063.43497
795268063.511919
795268063.511919
795462957.590549
795531756.643543
795522121.559753
795335886.203969
795335886.203969
795335886.203969
795335886.203969
794885515.048795
794881466.297918
794881466.297918
794881466.297918
794881466.297918
794881466.297918
794881466.297918
794881466.297918
794881466.297918
794881466.297918
795326378.44277
795326378.44277
795326378.44277
795326378.44277
795326378.44277
795326378.44277
794913550.268285
795308991.734649
795344511.167175
795286277.921626
795116002.638602
795116002.638602
795116002.638602
795116002.638602
795116002.638602
795289952.740922
795289952.740922
795974430.331825
795398908.616317
795171648.555781
795171648.555781
795171648.555781
795171648.555781
794730732.739842
794730732.739842
794730732.739842
794895698.033024
794895698.033024
795290926.381223
795290926.381223
795290926.381223
795257714.709653
795285820.932568
795298711.260799
795298711.260799
795209185.489368
795209185.489368
795209185.489368
795209185.489368
795051784.213345
795051784.213345
795051784.213345
795051784.213345
795354916.333714
795354916.333714
795354916.333714
795160137.213611
795343103.692411
795343103.692411
795560238.375864
795560238.375864
795395891.616884
795395891.616884
795395891.616884
795395891.616884
795395891.616884
795395891.616884
795363671.737415
795363671.737415
795294204.288205
795294204.288205
795294204.288205
795294204.288205
795294204.288205
795294204.288205
795576894.821689
795576894.821689
795684084.924387
795684084.924387
795684084.924387
795684084.924387
795684084.924387
795684084.924387
795684084.924387
795684084.924387
795684084.924387
795684084.924387
795684084.924387
795316540.759857
795258988.586368
795258988.586368
795258988.586368
795258988.586368
795258988.586368
795172301.940288
795172301.940288
795172301.940288
795241735.10579
795241735.10579
795224260.239564
795224260.239564
795224260.239564
795224260.239564
795066222.708804
795209392.45865
795209392.45865
795209392.45865
795209392.45865
795502844.120823
795174200.04742
795454932.554954
795454932.554954
795454932.554954
795454932.554954
795160032.645666
795160032.645666
795160032.645666
795160032.645666
795160032.645666
795160032.645666
795261138.034223
795261138.034223
795261138.034223
795261138.034223
795619873.5794
795619873.5794
795450469.076526
795450469.076526
795723602.969525
795439768.574504
795564181.722502
795327383.931689
795327383.931689
795263996.298048
795263996.298048
795263996.298048
795263996.298048
795263996.298048
795263996.298048
795263996.298048
795263996.298048
795263996.298048
795263996.298048
795393374.67898
795393374.67898
794946863.259111
794946863.259111
794946863.259111
794709352.898028
794709352.898028
794709352.898028
794709352.898028
794709352.898028
794709352.898028
794709352.898028
795056345.322572
795056345.322572
795056345.322572
795056345.322572
795056345.322572
795359925.704554
795359925.704554
795359925.704554
795353752.814713
795353752.814713
795353752.814713
795353752.814713
795577572.795173
795577572.795173
795474160.871603
795474160.871603
795690489.85795
795694858.668324
795456919.885686
795456919.885686
795456919.885686
795207504.919223
795134765.81705
795134765.81705
795134765.81705
795192407.531361
795192407.531361
795168922.052443
795183347.721333
794488553.427537
794488553.427537
794488553.427537
794488553.427537
794314318.677356
795175515.3722
795175515.3722
795224527.279487
795224527.279487
795224527.279487
795224527.279487
795224527.279487
795224527.279487
795465321.310596
795465321.310596
795465321.310596
795465321.310596
795465321.310596
795328161.676098
795328161.676098
795526620.60538
795526620.60538
795526620.60538
794990988.511045
795113949.477775
795113949.477775
795530191.339475
795530191.339475
795287364.739974
795287364.739974
795322109.25455
795241884.292059
795608686.228975
795608686.228975
795139525.933219
795139525.933219
795139525.933219
795139525.933219
795181516.99223
795181516.99223
794840691.697139
794840691.697139
794737955.965388
794737955.965388
794737955.965388
794737955.965388
794837185.484515
795268340.627764
795268340.627764
795268340.627764
795268340.627764
795268340.627764
795498478.042191
795498478.042191
795498478.042191
795498478.042191
795498478.042191
795498478.042191
795498478.042191
795498478.042191
795246808.977844
795312523.111492
795312523.111492
795312523.111492
795312523.111492
795236951.575024
795218295.133365
795218295.133365
795218295.133365
795218295.133365
795218295.133365
795010146.191522
795010146.191522
795010146.191522
795010146.191522
795010146.191522
795010146.191522
795010146.191522
795257968.75654
795067448.49283
795067448.49283
795033812.917434
795033812.917434
795033812.917434
795033812.917434
795033812.917434
795033812.917434
795033812.917434
795033812.917434
795033812.917434
795033812.917434
795033812.917434
795033812.917434
795079901.103481
795236326.905148
795090713.232669
795090713.232669
795364418.392868
795427697.64711
795427697.64711
795212301.725525
795212233.459195
795405360.273651
795405360.273651
795405360.273651
795435088.373647
795533510.386693
795221261.941797
795285833.439757
795231012.411197
795231012.411197
795231012.411197
795270638.073591
795832529.897786
795851688.840214
795851688.840214
795133636.319196
795133636.319196
795076302.28857
794760229.461479
795131201.429365
795131201.429365
795131201.429365
795131201.429365
795131201.429365
795131201.429365
795131201.429365
795131201.429365
795131201.429365
795131201.429365
795131201.429365
795131201.429365
794961679.977432
794961679.977432
795409676.364271
795457969.073731
794733542.492771
794733542.492771
794914616.522926
794914616.522926
794914616.522926
794914616.522926
794914616.522926
795616273.530966
795616273.530966
795250179.348458
795250179.348458
795605878.350211
795534654.610145
795534654.610145
795534654.610145
795534654.610145
795592628.107463
795754095.329068
795189816.596714
795189816.596714
795189816.596714
795408869.355029
795408869.355029
795464650.579947
795396263.737716
795396263.737716
795396263.737716
794439208.21097
794439208.21097
794800733.877052
795399017.246175
795428261.214116
795428261.214116
795428261.214116
795428261.214116
795428261.214116
795506713.859974
795307683.983421
795807081.602627
795000365.815669
795000365.815669
795000365.815669
794916011.720354
795168245.199709
794792350.94501
794816284.921165
795188820.329318
795188820.329318
795188820.329318
795460443.413078
795460443.413078
795502942.122192
795502942.122192
795502942.122192
795502942.122192
795344395.721125
795344395.721125
795344395.721125
794979363.416508
794979363.416508
794789824.544332
795417651.627845
795882909.841435
795882909.841435
795882909.841435
795637790.92602
795435856.194582
795435856.194582
795435856.194582
795402191.334192
795402191.334192
795288505.666297
795288505.666297
795486556.557394
795486556.557394
795486556.557394
795486556.557394
794887643.803913
794887643.803913
794887643.803913
795077182.383059
795077182.383059
795077182.383059
795077182.383059
795077182.383059
795077182.383059
795077182.383059
795077182.383059
795077182.383059
795077182.383059
795118574.327784
795118574.327784
795118574.327784
795118574.327784
795118574.327784
795118574.327784
795118574.327784
795035586.04618
795035586.04618
795035586.04618
795035586.04618
795035586.04618
795077940.2652
795250243.784206
795250243.784206
794977000.241398
794977000.241398
794977000.241398
794977000.241398
795084228.698149
795104971.274097
794889416.372537
794889416.372537
794889416.372537
794889416.372537
794676706.775156
794885991.4166
794885991.4166
795188403.315495
795188403.315495
795188403.315495
795188403.315495
794834286.195754
794834286.195754
794850923.883568
794850923.883568
794850923.883568
794850923.883568
794850923.883568
794880106.29738
795138953.787305
795138953.787305
795138953.787305
795099592.205891
795099592.205891
795099592.205891
795099592.205891
795099592.205891
795104513.006213
795104513.006213
794796658.35497
794796658.35497
794796658.35497
795452202.732582
795342594.974486
795315606.657843
795095066.792376
795095066.792376
795095066.792376
795095066.792376
795095066.792376
795095066.792376
795094833.618692
795094833.618692
795094833.618692
795094833.618692
794796238.217554
795441006.30733
795441006.30733
795441006.30733
795441006.30733
795418142.973538
795418142.973538
795440106.105414
795440106.105414
795440106.105414
795440106.105414
795440106.105414
795440106.105414
795360811.265107
795360811.265107
795360811.265107
795360811.265107
794867514.159366
794867514.159366
794867514.159366
794867514.159366
794867514.159366
794867514.159366
794867514.159366
795018639.130918
795130794.657305
795130794.657305
795167976.392954
795312922.602074
795165196.045411
795165196.045411
795323933.348662
795287731.764014
795287731.764014
795526786.750695
794987733.408226
794987733.408226
794987733.408226
795170688.943399
795170688.943399
795170688.943399
795170688.943399
795488075.765789
795488075.765789
795488075.765789
795488075.765789
795488075.765789
795488075.765789
795488075.765789
795455304.954506
795180310.890206
795360751.248789
795360751.248789
795360751.248789
795209808.101029
795209808.101029
795209808.101029
795104991.550347
795104991.550347
795104991.550347
794499050.631129
794702398.466686
795151046.055742
795151046.055742
795151046.055742
795151046.055742
795629003.091626
795629003.091626
795552738.520001
795552738.520001
795552738.520001
795592930.820722
795592930.820722
794956379.142225
794800646.002071
794844050.148948
794844050.148948
794844050.148948
794844050.148948
795143999.296048
795143999.296048
795143999.296048
795143999.296048
795143999.296048
795143999.296048
795143999.296048
795143999.296048
795143999.296048
795143999.296048
794750387.668972
794600797.850747
794723877.706131
795071072.853455
794916097.132181
794606489.685332
794606489.685332
794806584.169041
795338242.880975
795535950.943164
795535950.943164
795303373.560379
795303373.560379
794974357.060345
794974357.060345
795368617.083019
795368617.083019
795680267.051797
795680267.051797
795680267.051797
795703912.591108
795230733.569582
795363358.823213
795745360.619043
795295194.013752
795019066.906844
795019066.906844
795019066.906844
795019066.906844
795019066.906844
795019066.906844
795019066.906844
795362102.173273
795362102.173273
795362102.173273
795362102.173273
795362102.173273
795362102.173273
794837167.643752
794837167.643752
794837167.643752
794837167.643752
794837167.643752
795597375.044161
795312155.114995
795312155.114995
795596986.982335
795596986.982335
795596986.982335
795090148.314065
795293894.077697
795293894.077697
795515396.220735
795249802.051382
795747312.979275
795568033.389309
795202158.663441
795202158.663441
795211106.152901
795211106.152901
795211106.152901
795389729.875825
795114265.652147
795114265.652147
795114265.652147
795413305.216168
795184680.043723
795184680.043723
795184680.043723
795184680.043723
795184680.043723
795752634.492359
795752634.492359
795752634.492359
795752634.492359
795752634.492359
795371196.35525
795798045.092165
795017010.992499
794956112.566134
795125311.149292
795244750.556801
795244750.556801
795244750.556801
795372147.731402
795337700.646352
795337700.646352
795337700.646352
795337700.646352
795337700.646352
795095839.013363
795095839.013363
795095839.013363
795095839.013363
795095839.013363
795095839.013363
795095839.013363
795095839.013363
795095839.013363
795095839.013363
795987478.671845
795987478.671845
795755159.247996
795755159.247996
795755159.247996
795323563.615419
795323563.615419
795323563.615419
795393557.334373
795194670.043651
795194670.043651
795506077.327949
795587126.994392
795587126.994392
795587126.994392
795587126.994392
795587126.994392
795587126.994392
795587126.994392
795587126.994392
795664640.83078
795370678.470492
794978120.307795
794978120.307795
795068296.19381
795068296.19381
795263505.899601
795504397.798278
795504397.798278
794979604.077626
794723018.772667
794676752.635613
794416902.654672
794416902.654672
794416902.654672
794416902.654672
794416902.654672
794416902.654672
795041330.575436
795106793.081571
795290780.084885
795290780.084885
795290780.084885
795275751.508474
795275751.508474
795275751.508474
795275751.508474
795330988.541369
795330988.541369
795235968.384432
795260490.531392
794781372.825159
794781372.825159
794781372.825159
794918153.097301
794918153.097301
795026912.702798
795026912.702798
795026912.702798
794999610.606138
794999610.606138
795072855.767061
795072855.767061
795193277.386804
795193277.386804
795193277.386804
794763460.440871
794763460.440871
794763460.440871
794763460.440871
795301855.053924
795301855.053924
795301855.053924
795061666.214135
795061666.214135
795061666.214135
794718166.005522
794718166.005522
794718166.005522
794801733.377223
794801733.377223
794801733.377223
794801733.377223
794801733.377223
794801733.377223
794801733.377223
794801733.377223
794801733.377223
794801733.377223
794801733.377223
794801733.377223
795146707.380377
795146707.380377
795146707.380377
795146707.380377
795146707.380377
795146707.380377
795146707.380377
795146707.380377
795683764.067919
794937151.425001
794937151.425001
794937151.425001
795249592.130679
795249592.130679
795249592.130679
794372772.987517
794857784.41382
794857784.41382
795014566.561931
795172089.829098
795172089.829098
795172089.829098
795172089.829098
795172089.829098
794870610.45388
794870610.45388
794897270.367819
794897270.367819
794897270.367819
794897270.367819
794897270.367819
794916359.332731
794916359.332731
794916359.332731
794916359.332731
794916359.332731
795041792.047143
795041792.047143
795041792.047143
795041792.047143
795041792.047143
794904428.283858
795403131.546907
795403131.546907
795261788.745735
795123287.097082
795123287.097082
795123287.097082
795123287.097082
795123287.097082
795123287.097082
795123287.097082
795123287.097082
795123287.097082
795240313.063061
795627009.121497
795449964.718837
795210143.244063
795210143.244063
795361475.451221
795361475.451221
795035504.808594
794818368.771964
795016728.861994
795016728.861994
795016728.861994
795005631.160986
795005631.160986
794833827.806193
795777815.709831
795777815.709831
795777815.709831
795777815.709831
794979370.749271
794979370.749271
794979370.749271
794979370.749271
794979370.749271
795405007.213789
795405007.213789
795405007.213789
794976334.886412
794976334.886412
794976334.886412
794942125.144397
794942125.144397
795102130.950268
795418412.072901
795418412.072901
795418412.072901
795418412.072901
795418412.072901
794994115.574136
795000701.379855
795000701.379855
795000701.379855
795205020.682591
795001125.247651
795001125.247651
795001125.247651
795001125.247651
794687427.631394
794455017.290032
794455017.290032
794455017.290032
794605539.722686
794605539.722686
794605539.722686
794605539.722686
795585067.670848
795586203.676519
795586203.676519
795169749.523262
795169749.523262
795169749.523262
795169749.523262
795169749.523262
795169749.523262
794993991.96785
795123659.585918
795084294.871255
795084294.871255
795084294.871255
794584436.934062
794584436.934062
794584436.934062
794896261.834018
794896261.834018
794896261.834018
795164471.030975
795564071.155493
795361170.056963
795361170.056963
795361170.056963
795361170.056963
795361170.056963
795498210.907025
795498210.907025
795334976.289452
795334976.289452
795106508.387938
795106508.387938
795157103.756328
795125325.556056
795068073.818486
795068073.818486
795068073.818486
795068073.818486
795068073.818486
795047213.125769
795047213.125769
795047213.125769
795047213.125769
795047213.125769
795666972.499217
795666972.499217
795666972.499217
795666972.499217
795000023.779112
795626308.685869
795730142.303837
795730142.303837
795716723.561064
795716723.561064
795716723.561064
795716723.561064
795537016.669285
795326214.108549
795326214.108549
795053747.360135
795264924.98312
795460728.687914
795351612.251126
795351612.251126
795351612.251126
795351612.251126
795351612.251126
795351612.251126
795351612.251126
795230871.689531
795230871.689531
795385720.499632
795385720.499632
795782100.823158
795495230.428086
795495230.428086
795495230.428086
794983577.037748
794958856.04351
795013307.3423
795013307.3423
795013307.3423
795142237.721077
794940799.291536
795288416.212
795533189.690752
795354810.65366
795354810.65366
795715787.062247
795715787.062247
795336298.531849
795336298.531849
795336298.531849
795135117.985481
795135117.985481
795135117.985481
795135117.985481
795151923.878619
795139192.412117
795139192.412117
795037387.614396
795037387.614396
795037387.614396
795037387.614396
795228752.234205
795228752.234205
795228752.234205
795125671.662174
795125671.662174
795148438.588302
795148438.588302
795148438.588302
795135721.539965
795135721.539965
795135721.539965
795256113.843473
795663250.162281
795147486.058742
795147486.058742
795147486.058742
795305868.883382
795305868.883382
795264802.110014
795351679.146077
795109014.522322
794632434.764473
794632434.764473
794763574.420156
794763574.420156
794763574.420156
794763574.420156
794763574.420156
794763574.420156
795289342.63114
795289342.63114
795289342.63114
795289342.63114
795289342.63114
795289342.63114
795289342.63114
794713670.510549
794713670.510549
794708553.331952
794708553.331952
794506603.50259
794455864.374248
794258915.276269
794252555.963848
794252555.963848
794797227.709594
794797227.709594
794949662.310133
794949662.310133
795058491.70781
794838319.511975
794838319.511975
794838319.511975
794838319.511975
794954621.40775
794954621.40775
794954621.40775
794954621.40775
794954621.40775
794954621.40775
794954621.40775
794954621.40775
794730349.923119
794730349.923119
795264078.633965
795264078.633965
794717060.095916
794866285.827805
794866285.827805
795428696.691367
795428696.691367
795428696.691367
795607898.145153
795277023.753481
795135288.598091
795135288.598091
795135288.598091
795135288.598091
795135288.598091
795135288.598091
795135288.598091
795168554.721076
795168554.721076
795168554.721076
795219925.731471
795007206.186875
795007206.186875
795007206.186875
795007206.186875
795007206.186875
795007206.186875
795007206.186875
795166031.505817
795018406.364278
795018406.364278
794790585.217606
794790585.217606
795046918.688768
795046918.688768
795357867.660103
795357867.660103
795339300.745658
795645241.560969
794708156.669705
794708156.669705
795058696.085973
795058696.085973
795058696.085973
794979121.1242
794979121.1242
795180100.217989
794858256.484653
794994116.594357
794994116.594357
794994116.594357
795183348.134613
795267854.295866
795267854.295866
795198573.369176
795198573.369176
795198573.369176
795198573.369176
795198573.369176
795198573.369176
795198573.369176
795198573.369176
795555623.869241
795555623.869241
795555623.869241
795555623.869241
794881657.306969
794881657.306969
794881657.306969
795019490.431366
795019490.431366
794688891.748886
794688891.748886
794688891.748886
794996198.621243
795493026.536927
795493026.536927
795594507.828359
795220975.62377
795220975.62377
795338132.728726
795148836.630185
795148836.630185
795148836.630185
795320992.309449
795007630.946284
795007630.946284
795007630.946284
795007630.946284
795007630.946284
795096350.621464
795096350.621464
795220689.62275
795220689.62275
795533661.716239
795304354.63178
795304354.63178
795304354.63178
795398485.265142
795798699.809505
795954337.911405
795954337.911405
795954337.911405
795950096.859183
795451173.934843
795451173.934843
795451173.934843
795451173.934843
795451173.934843
795451173.934843
795451173.934843
795394831.707892
795109266.371892
795109266.371892
795109266.371892
795109266.371892
795109266.371892
795109266.371892
795598116.481371
795595959.788246
795326741.431923
795326741.431923
795326741.431923
794890506.890809
794890506.890809
794890506.890809
794890506.890809
795069086.753701
795069086.753701
795069086.753701
795069086.753701
795069086.753701
795069086.753701
795069086.753701
795069086.753701
795069086.753701
795069086.753701
795301482.154922
795301482.154922
795301482.154922
795301482.154922
795301482.154922
795100605.84461
795342615.502513
795342615.502513
795342615.502513
795342615.502513
795101332.240417
795134211.791256
795134211.791256
795134211.791256
795191605.081364
795590257.191902
795590257.191902
795590257.191902
795590257.191902
795379666.275375
795379666.275375
794538890.574667
794538890.574667
794928085.019328
794928085.019328
794928085.019328
794928085.019328
794928085.019328
794955644.254803
794955644.254803
794955644.254803
794955644.254803
794955644.254803
794955644.254803
794955644.254803
795006184.248299
794940821.43188
794940821.43188
794734817.465568
794734817.465568
795004983.635825
795004983.635825
795004983.635825
795483006.527788
795483006.527788
795483006.527788
795483006.527788
795483006.527788
795234986.540045
795234986.540045
795234986.540045
795234986.540045
795042643.869445
795042643.869445
795043941.877235
795043941.877235
795043941.877235
795043941.877235
794936448.346405
794658469.418931
795308967.512787
795308967.512787
795308967.512787
794941610.03615
794941610.03615
794941610.03615
794941610.03615
794941610.03615
795098527.893779
795098527.893779
795217984.029946
795217984.029946
795217984.029946
795217984.029946
795104395.346495
795104395.346495
795104395.346495
795104395.346495
795104395.346495
795119824.471738
795119824.471738
795119824.471738
795119824.471738
795166116.655489
795270670.114893
795040259.603119
795040259.603119
795040259.603119
795345801.347832
795514085.24243
795128011.738293
795242652.936154
795181593.980979
795181593.980979
795569549.139908
795569549.139908
795569549.139908
795134620.984214
795134620.984214
795406219.930743
795406219.930743
795732479.600326
795732479.600326
795494287.776031
795494287.776031
795077925.601051
795467370.068161
795467370.068161
795467370.068161
795692482.919343
795692482.919343
795367538.913454
795367538.913454
795782871.532392
795782871.532392
795656783.759471
795161181.965458
794802662.268647
794802662.268647
794768028.969782
794768028.969782
794768028.969782
794768028.969782
794768028.969782
794768028.969782
794768028.969782
794768028.969782
794698243.91437
794562303.914895
794562303.914895
794883986.423801
795285586.736176
795285586.736176
795285586.736176
795285586.736176
795285586.736176
795285586.736176
795285586.736176
795083549.003812
795083549.003812
795083549.003812
795083549.003812
795083549.003812
794938659.703804
795557812.077525
795557812.077525
795557812.077525
795590306.496683
795576944.04121
795928537.720111
795928537.720111
795928537.720111
795928537.720111
795972621.775294
795947279.444965
795295744.944447
794893512.048503
794597524.686119
794796266.993804
794796266.993804
794819839.767312
794819839.767312
794706582.002156
794706582.002156
794706582.002156
795106846.319942
795106846.319942
794603732.843516
795032359.648614
795032359.648614
795032359.648614
795202407.022088
795202407.022088
795292121.629581
795292121.629581
795292121.629581
795406269.306704
795139018.665141
795139018.665141
795198028.240723
795198028.240723
795198028.240723
795198028.240723
795184525.595765
795184525.595765
795184525.595765
795233654.632184
795233654.632184
795280513.528624
795280513.528624
795280513.528624
795175342.235259
795175342.235259
795175342.235259
795175342.235259
795351166.485471
795351166.485471
795818894.80801
795541422.798056
795541422.798056
795541422.798056
795541422.798056
795541422.798056
795391187.344051
795219992.604942
795511130.572009
795511130.572009
795339633.592498
795339633.592498
795306849.617678
795232304.476498
795225277.664312
795113758.572808
795113758.572808
795149343.052953
795149343.052953
794957293.390687
795008180.567398
794522816.524746
794522816.524746
794522816.524746
794959648.48474
794959648.48474
794959648.48474
795113099.951917
795300116.472657
795300116.472657
795300116.472657
795300116.472657
794885956.063847
794885956.063847
794780045.088515
794780045.088515
794950947.765539
794950947.765539
794950947.765539
794950947.765539
794830585.196522
795480993.566973
795480993.566973
795732550.692369
795732550.692369
795732550.692369
795732550.692369
795825140.417038
795825140.417038
795825140.417038
795462115.311997
795462115.311997
795462115.311997
795465535.385317
795305109.925336
795621641.683996
795100156.245787
795100156.245787
795077987.558228
794977174.599152
794977174.599152
794977174.599152
794977174.599152
794872047.118834
794872047.118834
794592598.756281
794592598.756281
794592598.756281
795384465.936244
795045364.022203
795045364.022203
795045364.022203
795045364.022203
795345856.45742
795459191.667479
794846476.217326
794846476.217326
794846476.217326
794781165.966201
795418028.336012
795418028.336012
795418028.336012
795418028.336012
795418028.336012
795418028.336012
795751843.979827
795751843.979827
795751843.979827
795751843.979827
795124391.64464
795124391.64464
794980870.160053
794980870.160053
795389618.709732
794602808.5297
794602808.5297
794864285.455268
794864285.455268
794864285.455268
794802769.89954
795268848.934996
795727908.766347
795727908.766347
795727908.766347
795443849.642457
795443849.642457
795054585.050414
795492571.556556
795492571.556556
795541854.125718
795541854.125718
795552236.221469
795552236.221469
795552236.221469
795552236.221469
795552236.221469
795552236.221469
795552236.221469
795552236.221469
794760727.036878
795428488.430121
795362198.560162
795244766.390605
795175545.628439
795175545.628439
795672409.363915
795672409.363915
795541040.584597
795495900.506388
795495900.506388
795561954.654855
795561954.654855
795561954.654855
795561954.654855
795926358.514907
795858921.9688
794939964.314072
794939964.314072
794916756.860017
794916756.860017
794916756.860017
794916756.860017
794916756.860017
795209600.024707
795209600.024707
795209600.024707
795209600.024707
795209600.024707
795209600.024707
795209600.024707
795864113.576382
795671863.868425
795671863.868425
795301429.014279
795301429.014279
795301429.014279
795301429.014279
795301429.014279
795301429.014279
795301429.014279
795301429.014279
795301429.014279
795301429.014279
795301429.014279
794578326.822631
794456732.519962
794456732.519962
794456732.519962
794894630.642684
795089395.578795
795089395.578795
795360805.11993
795259486.796829
795259486.796829
794810696.713309
794810696.713309
794810696.713309
794925755.239562
794925755.239562
795308977.386585
795308977.386585
795146859.114386
795146859.114386
795146859.114386
795146859.114386
795146859.114386
795133065.669204
795213690.119319
795213690.119319
795213690.119319
795144084.639528
795144084.639528
795144084.639528
794913136.044577
795566083.857592
796042528.237944
795452977.157775
794838631.124714
794838631.124714
795266275.31269
795266275.31269
795266275.31269
795273755.215347
795273755.215347
795426638.024959
795346216.9291
795639705.570456
795639705.570456
795639705.570456
795639705.570456
795639705.570456
795639705.570456
795639705.570456
795639705.570456
795639705.570456
795715107.435176
794859820.358109
794859820.358109
795050868.844079
795511974.600214
795511974.600214
795511974.600214
795511974.600214
795795299.591591
794854999.991451
795452546.060989
795452546.060989
795452546.060989
795452546.060989
794727747.686537
794908476.352423
795365014.157552
795054619.535063
795231907.285727
795231907.285727
795231907.285727
795231907.285727
795228723.004837
795228723.004837
795228723.004837
795228723.004837
795228723.004837
795228723.004837
795228723.004837
795228723.004837
795404089.207958
795404089.207958
795404089.207958
794723448.690388
794723448.690388
794639401.3866
794709755.438629
794709755.438629
794709755.438629
795684610.652202
795684610.652202
794881308.152043
795267829.346735
795267829.346735
795212637.833166
795342180.648085
795282723.884316
795282723.884316
795282723.884316
795282723.884316
795282723.884316
795282723.884316
795282723.884316
795282723.884316
795415612.247522
795415612.247522
795415612.247522
795317173.062363
795317173.062363
795317173.062363
795317173.062363
795317173.062363
795317173.062363
795317173.062363
795648795.669191
795612566.202759
796279265.435739
796279265.435739
795877023.289891
795877023.289891
795877023.289891
795668944.515449
795369704.842047
795369704.842047
795369704.842047
795339642.756915
795548097.48143
795537227.811869
795370217.684646
795370217.684646
795370217.684646
795475871.144036
795475871.144036
795484892.687106
795484892.687106
795484892.687106
794878594.811103
794878594.811103
794878594.811103
794878594.811103
795114107.689418
795114107.689418
794995948.61722
794995948.61722
794837523.197372
795292761.83209
795492710.254754
795492710.254754
795121099.460201
795121099.460201
795121099.460201
795121099.460201
795296779.35688
795296779.35688
795296779.35688
795296779.35688
795402852.493946
795402852.493946
795402852.493946
795402852.493946
794898487.292487
794683668.107096
794904579.902188
794904579.902188
795650706.286542
795650706.286542
795650706.286542
795650706.286542
795399096.71281
795399096.71281
795399096.71281
795399096.71281
795399096.71281
795399096.71281
795247700.768317
795247700.768317
795065775.385584
794936822.349123
794936822.349123
794983055.297992
794983055.297992
794815846.726378
795235012.054919
795514899.550927
795514899.550927
795514899.550927
795514899.550927
795823660.647007
795662964.036619
795662964.036619
795662964.036619
795010134.222039
795010134.222039
795010134.222039
795010134.222039
795010134.222039
795010134.222039
795010134.222039
795205338.382445
795205338.382445
795205338.382445
795205338.382445
795115344.386641
795036477.715851
795036477.715851
795036477.715851
795036477.715851
795145359.317662
795000262.97346
795000262.97346
795017897.649513
795007584.34114
795007584.34114
794970861.655617
795329915.415301
795329915.415301
795131435.990525
795131435.990525
794729872.735908
794203075.302398
794203075.302398
794924911.728201
794924911.728201
795016318.526821
795016318.526821
795270523.824639
795270523.824639
795270523.824639
795377420.813726
795377420.813726
795377420.813726
795451424.069902
795451424.069902
795451424.069902
795451424.069902
795451424.069902
795451424.069902
795451424.069902
795047990.416245
795047990.416245
795047990.416245
794760253.96039
794631992.47825
794631992.47825
795144755.930185
795144755.930185
795391952.922022
795354066.519807
795281967.390134
795281967.390134
795281967.390134
795176320.914816
795176320.914816
795176320.914816
794813072.229419
794813072.229419
794813072.229419
795124090.257618
795124090.257618
795124090.257618
795306857.460984
795306857.460984
795306857.460984
795306857.460984
795306857.460984
795306857.460984
795306857.460984
795306857.460984
795306857.460984
795217136.506316
795217136.506316
794957288.979571
795176379.536529
794895184.858844
794765706.919075
794765706.919075
794802213.831701
794802213.831701
794802213.831701
794802213.831701
794802213.831701
794838572.29763
794838572.29763
794838572.29763
794838572.29763
794838572.29763
794650967.486381
794650967.486381
794650967.486381
794650967.486381
794942959.099975
794959562.508072
794856571.425339
794856571.425339
794898118.319009
794898118.319009
795027133.127744
795027133.127744
795209623.20793
795209623.20793
795209623.20793
795427890.834922
795547274.518484
795381642.258579
795381642.258579
795381642.258579
795189480.241787
795460529.243258
795460529.243258
795182415.155182
795182415.155182
794796233.745616
795761968.087001
795761968.087001
795478348.548191
795478348.548191
795305619.286209
795305619.286209
795305619.286209
795305619.286209
795104107.201591
795471860.934093
795471860.934093
795653933.776451
795653933.776451
795653933.776451
794989763.397944
794989763.397944
794989763.397944
794989763.397944
794989763.397944
794989763.397944
794989763.397944
794900733.692124
794880986.728543
794880986.728543
794880986.728543
794880986.728543
794880986.728543
794600409.036584
795168612.507119
795168612.507119
795168612.507119
795381902.137754
795381902.137754
795011039.283172
795011039.283172
795011039.283172
795278891.089249
795324639.94602
795324639.94602
795324639.94602
795324639.94602
795324639.94602
795324639.94602
795324639.94602
795324639.94602
795324639.94602
795324639.94602
795324639.94602
795324639.94602
795324639.94602
795313907.744499
795313907.744499
795313907.744499
795313907.744499
795901873.693996
795430946.489548
795371616.967845
795266650.099233
795266650.099233
795341324.071322
795272157.387129
795385438.653928
795385438.653928
795385438.653928
795385438.653928
794950689.990474
794950689.990474
794950689.990474
794950689.990474
794950689.990474
794950689.990474
794950689.990474
794950689.990474
794950689.990474
794950689.990474
794950689.990474
795524663.383709
795524663.383709
795524663.383709
795649168.295859
795582069.797381
795582069.797381
795582069.797381
795582069.797381
795582069.797381
795856401.368452
795682723.42861
795682723.42861
795344943.083917
795756699.783285
795816123.592523
795918455.800269
795918455.800269
795918455.800269
795161062.47354
795161062.47354
795161062.47354
795161062.47354
795161062.47354
795161062.47354
795161062.47354
795342284.342384
795342284.342384
795342284.342384
795342284.342384
795342284.342384
795342284.342384
795342284.342384
795342284.342384
795342284.342384
794989322.577636
794989322.577636
795515326.239636
795515326.239636
795253784.920425
795570039.553563
795539026.609364
795539026.609364
795633898.585808
795285252.011819
795285252.011819
795285252.011819
795102215.067769
795384731.865479
795384731.865479
795384731.865479
795384731.865479
795105994.992608
795257233.287358
795257233.287358
795257233.287358
795511699.585497
795511699.585497
795511699.585497
795511699.585497
795511699.585497
795511699.585497
795452572.628253
795452572.628253
795236666.046928
795146535.123588
795193468.522162
795193468.522162
795193468.522162
795193468.522162
795237543.545131
795121128.628187
795741600.845218
795741600.845218
795741600.845218
795741600.845218
795741600.845218
795741600.845218
795568666.719771
795684011.558823
795684011.558823
795588762.624216
794813877.928486
795100567.884812
795100567.884812
795100567.884812
795100567.884812
795157102.099432
795381019.284171
795381019.284171
795381019.284171
795381019.284171
794494596.874593
794581643.416995
794620525.918255
794620381.058543
794602276.298845
794910938.977513
795279057.837432
795441718.23205
795441718.23205
795441718.23205
795386934.015607
795386934.015607
795497856.783082
795497856.783082
795497856.783082
795497856.783082
795497856.783082
795497856.783082
795497856.783082
795497856.783082
795255417.411925
795105004.448456
795105004.448456
795105004.448456
794985361.605925
794985361.605925
794969541.610407
795094790.265589
795094790.265589
794926638.614269
795265143.527659
795613156.106149
795581069.340849
795322096.552414
795430091.835735
795430091.835735
795430091.835735
795430091.835735
795430091.835735
795430091.835735
795170238.25985
795170238.25985
795170238.25985
795510240.070436
795510240.070436
795397711.980738
795397711.980738
795233255.928148
795233255.928148
795307810.19891
795029258.939982
795029258.939982
795029258.939982
795029258.939982
795029258.939982
794881799.350418
794881799.350418
794881799.350418
794881799.350418
794978833.194776
795515337.202524
795374642.351001
795374642.351001
795374642.351001
795374642.351001
795374642.351001
795497095.653816
795437022.054108
795437022.054108
795437022.054108
795380735.780522
795380735.780522
795380735.780522
795380735.780522
795380735.780522
795078560.507566
795227773.256477
795227773.256477
795024935.324666
794874122.540931
794914501.895924
795302235.911028
794618272.668257
794618272.668257
794618272.668257
795354231.272009
795354231.272009
795354231.272009
795354231.272009
795354231.272009
795015496.172846
795015496.172846
795015496.172846
795146193.696793
795146193.696793
795146193.696793
795422540.351333
795731287.037603
795830029.500707
795708670.407168
795708670.407168
795708670.407168
795533951.773847
795244241.64413
795244241.64413
795244241.64413
795244241.64413
795035245.30373
795177452.30369
795177452.30369
795177452.30369
795305700.884446
795305700.884446
795305700.884446
795305700.884446
795305700.884446
795305700.884446
795305700.884446
795305700.884446
795305700.884446
795305700.884446
795099842.045481
795133967.683217
795133967.683217
795133967.683217
795615823.930237
795085629.698903
795085629.698903
795478732.821458
795335243.161065
794972003.71537
794972003.71537
794972003.71537
794972003.71537
794972003.71537
794972003.71537
794987531.670847
794987531.670847
794987531.670847
794987531.670847
794987531.670847
795195516.951445
795195516.951445
795122046.094816
795122046.094816
795122046.094816
795168423.893116
795168423.893116
795168423.893116
795248857.72157
795391693.006381
795391693.006381
794582804.43514
794854402.706092
794927425.313955
795247618.83778
795247618.83778
795247618.83778
795247618.83778
795052540.339582
795052540.339582
795052540.339582
795052540.339582
795052540.339582
795052540.339582
795052540.339582
795012476.908011
795012476.908011
795012476.908011
795012476.908011
795012476.908011
795012476.908011
795756342.608849
795756342.608849
795324304.564407
795099029.671843
795099029.671843
794892185.529275
794892185.529275
794892185.529275
794892185.529275
794989936.740336
794989936.740336
794875237.16642
795066740.850007
794772583.200225
794772583.200225
794772583.200225
794947390.081506
794947390.081506
794947390.081506
794761611.120187
794798501.9384
794851867.903613
795246085.659572
795146823.998629
795146823.998629
795062916.406597
795778796.237071
794834706.512004
794853033.928449
794853033.928449
795530641.658664
795506765.320619
795069871.703578
795147622.132933
795147622.132933
795215602.052501
795215602.052501
794805721.728719
794805721.728719
795527287.567022
795527287.567022
795637719.576799
795566718.263477
795566718.263477
795566718.263477
795323842.337459
795323842.337459
795323842.337459
795323842.337459
795632364.633742
795632364.633742
795632364.633742
795632364.633742
795632364.633742
795351520.566835
795351520.566835
795020459.871696
795020459.871696
795020459.871696
795020459.871696
795020459.871696
795020459.871696
795032946.46514
795069150.708989
795412190.258848
795140453.712138
795140453.712138
795140453.712138
795140453.712138
795140453.712138
795140453.712138
795140453.712138
794885882.101302
795580090.56068
795580090.56068
795580090.56068
795580090.56068
795464611.380244
795464611.380244
795464611.380244
795464611.380244
795464611.380244
795656475.021076
795656475.021076
795226919.057728
795226919.057728
795431064.062141
795431064.062141
795431064.062141
795431064.062141
794427260.769198
794882346.947662
794882346.947662
794816109.796477
794814850.290601
794814850.290601
795095174.077816
795095174.077816
795095174.077816
795095174.077816
795095174.077816
795498668.957365
795498668.957365
795498668.957365
795498668.957365
795498668.957365
795498668.957365
795297500.833434
795326300.084825
794759364.813944
795058641.975621
795061864.281933
795061864.281933
794895958.314186
794895958.314186
794895958.314186
794995714.077268
795103171.216548
795579463.345283
795579463.345283
795579463.345283
795579463.345283
795579463.345283
795579463.345283
795055593.626199
795055593.626199
795055593.626199
795005035.092367
795005035.092367
795526667.113241
795526667.113241
795109206.161098
795109206.161098
795109206.161098
795109206.161098
795109206.161098
795109206.161098
794782060.878082
794817281.644058
794817281.644058
794817281.644058
794991277.405334
794897491.013325
794897491.013325
794897491.013325
794897491.013325
794897491.013325
794897491.013325
794897491.013325
795567931.139337
795567931.139337
795218202.69467
795218202.69467
795170574.200993
794880778.647265
794880778.647265
794880778.647265
794880778.647265
794880778.647265
794880778.647265
794915273.730371
794915273.730371
794620056.081273
794620056.081273
794874239.5671
794874239.5671
794874239.5671
794594892.025016
794566275.191512
794566275.191512
794566275.191512
794880174.18067
794880174.18067
794882577.885758
795038394.407677
795753026.448815
795753026.448815
795082255.832585
795082255.832585
795047446.16468
795047446.16468
795192739.322074
795401767.320935
794964311.425264
794964311.425264
795153019.22575
795119699.683166
795119699.683166
795119699.683166
795166715.109742
795166715.109742
795166715.109742
795166715.109742
795166715.109742
795166715.109742
795192812.737818
795192812.737818
795417500.298464
795155791.43847
795155791.43847
795195698.094963
795195698.094963
795014641.782853
795014641.782853
795014641.782853
795014641.782853
795014641.782853
795558989.999801
795558989.999801
795558989.999801
795438495.408142
795438495.408142
795438495.408142
795438495.408142
795438495.408142
795438495.408142
795141075.83586
795141075.83586
795141075.83586
795254368.172678
795682880.1456
795163701.422691
795163701.422691
795163701.422691
795163701.422691
795163701.422691
795163701.422691
795321251.913817
795321251.913817
795321251.913817
795321251.913817
795321251.913817
795321251.913817
795343274.308487
795343274.308487
795343274.308487
795343274.308487
795331846.496917
795331846.496917
795331846.496917
795331846.496917
795331846.496917
795215127.093195
795215127.093195
795187236.423052
795187236.423052
795187236.423052
795124434.363569
795124434.363569
795124434.363569
795099873.02588
795595218.708011
794999779.920984
794864708.441348
794864708.441348
795578403.071382
795581225.797598
795581225.797598
795581225.797598
795581225.797598
795581225.797598
795114970.794878
795114970.794878
795367638.556703
795332242.538709
795233239.715605
795233239.715605
795233239.715605
795264139.359006
795264139.359006
794711510.782996
794711510.782996
794711510.782996
795004124.106725
795004124.106725
795004124.106725
795004124.106725
795143976.789163
795143976.789163
795143976.789163
795143976.789163
795115343.543346
794781306.681492
795456161.091176
795456161.091176
795456161.091176
795456161.091176
795456161.091176
795456161.091176
795456161.091176
795547605.947035
795547605.947035
795490673.725292
795490673.725292
795490673.725292
795356578.107988
795356578.107988
795356578.107988
795356578.107988
795356578.107988
795356578.107988
795478523.350715
794906021.15455
794906021.15455
794906021.15455
795187782.274695
795266135.676636
795329149.863028
795329149.863028
795329149.863028
794774595.793665
794949356.037097
795057207.042533
795057207.042533
795057207.042533
795057207.042533
795057207.042533
795439731.523939
795439731.523939
795420269.629472
795325505.407858
795471819.103221
795398910.280072
795398910.280072
795398910.280072
795436916.56542
795436916.56542
795436916.56542
795436916.56542
795445340.629016
795445340.629016
795445340.629016
795445340.629016
795445340.629016
795014195.302146
794900616.427381
794900616.427381
794900616.427381
794900616.427381
794900616.427381
794949831.274804
795282557.029586
794894572.67068
794894572.67068
794894572.67068
795186036.975887
794940972.98423
794940972.98423
794536240.767659
794536240.767659
794634638.974511
794634638.974511
794634638.974511
794634638.974511
794634638.974511
794959592.806503
794959592.806503
794959592.806503
794719238.859354
794719238.859354
795269471.463665
795269471.463665
795618767.832159
795336058.398696
795570737.589873
795570737.589873
795231045.037238
795406051.438673
795406051.438673
795406051.438673
795406051.438673
795617356.539519
795505179.754062
795505179.754062
795376719.883127
795376719.883127
795376719.883127
795437688.288867
795437688.288867
795437688.288867
795437688.288867
795437688.288867
795437688.288867
794871389.952517
794871389.952517
794871389.952517
794871389.952517
794837371.112026
794696230.13548
794696230.13548
794987293.751698
794890180.40871
794890180.40871
794890180.40871
794482075.471141
794482075.471141
794482075.471141
794482075.471141
794677211.380353
795051149.998566
795176842.914079
795279790.679808
795143875.258148
795143875.258148
795143875.258148
795038060.204299
795736914.488545
795342603.742072
795342603.742072
795342603.742072
795342603.742072
795342603.742072
795342603.742072
794880360.04899
794880360.04899
794880360.04899
794880360.04899
794906817.177918
794906817.177918
794769166.718568
794769166.718568
794769166.718568
794769166.718568
794935442.909544
794935442.909544
795317185.084867
794945983.534407
794945983.534407
795351051.670192
795351051.670192
795319225.541705
795319225.541705
795629272.374132
795284170.634189
795284170.634189
795244881.006161
795244881.006161
795244881.006161
795244881.006161
795244881.006161
795248034.855363
795248034.855363
795240867.257799
795240867.257799
795240867.257799
795240867.257799
795240867.257799
795227425.558646
795227425.558646
795394521.932568
795394521.932568
795264160.55896
795255577.153951
795255577.153951
795530581.993963
795645093.543003
795645093.543003
795645093.543003
795645093.543003
795645093.543003
795164681.583143
795231974.630152
795231974.630152
795126361.939614
795126361.939614
795104102.809864
795261801.365948
795261801.365948
795261801.365948
795391917.714116
795391917.714116
795391917.714116
795391917.714116
795215128.309947
795215128.309947
795215128.309947
795215128.309947
795072775.181169
795072775.181169
795072775.181169
794706421.605581
794706421.605581
795380388.805033
795380388.805033
795380388.805033
795380388.805033
795380388.805033
795380388.805033
795380388.805033
795241923.944803
795241923.944803
795241923.944803
795241923.944803
794838586.057521
794838586.057521
794801357.514919
794801357.514919
794801357.514919
794801357.514919
795178400.063176
795178400.063176
795178400.063176
795178400.063176
795178400.063176
795178400.063176
795258569.349311
795276082.022208
795276082.022208
795276082.022208
795276082.022208
795276082.022208
795276082.022208
794974483.221823
794974483.221823
794974483.221823
794974483.221823
794978961.337028
794978961.337028
794978961.337028
795218223.719969
795617280.737872
795617280.737872
795617280.737872
795617280.737872
795617280.737872
795617280.737872
795617280.737872
795617280.737872
795617280.737872
795756785.008613
795756785.008613
795888614.601381
795775590.405269
795775590.405269
795775590.405269
795775590.405269
795739728.347592
795134687.896914
795123535.976574
795123535.976574
795123535.976574
795140199.851827
795140199.851827
795140199.851827
795140199.851827
795140199.851827
795140199.851827
795140199.851827
795347585.206714
795347585.206714
795347585.206714
795302988.63968
795302988.63968
794970904.035292
794970904.035292
794970904.035292
794970904.035292
794970904.035292
794970904.035292
795132372.240551
795132372.240551
795053370.798969
795053370.798969
795166057.874364
795295348.079857
795295348.079857
795147583.766379
795147583.766379
795390225.484433
795390225.484433
795390225.484433
795390225.484433
795390225.484433
795390225.484433
795059637.398962
795135175.149681
794778023.509666
794778023.509666
795169625.474126
795169625.474126
795169625.474126
795169625.474126
795169625.474126
795169625.474126
795169625.474126
795169625.474126
795202790.695657
795202790.695657
795202790.695657
795208017.616661
795208017.616661
795208017.616661
795170098.929968
795273562.965979
795325806.77738
795325806.77738
795325806.77738
795325806.77738
795295633.713853
794800852.525853
794497722.81439
794722791.260765
795228917.184479
794937613.728097
794937613.728097
794937613.728097
794801299.117316
794674297.979003
794674297.979003
795119707.618597
795092230.692182
795092230.692182
795393224.875384
795393224.875384
795619875.650449
795450084.537079
795364400.116474
795344556.169296
795148641.173425
795148641.173425
794847219.227163
794847219.227163
794727427.016425
794727427.016425
794727427.016425
794727427.016425
794727427.016425
794727427.016425
794941404.089236
794941404.089236
794941404.089236
794941404.089236
794941404.089236
794941404.089236
794941404.089236
794941404.089236
794941404.089236
794941404.089236
795429467.875017
795429467.875017
795429467.875017
795429467.875017
794730876.164991
794730876.164991
794568071.553482
794996592.879745
794996592.879745
794574073.282918
795292619.62649
795292619.62649
794875339.712888
794888929.265061
794888929.265061
794888929.265061
794888929.265061
794888929.265061
794888929.265061
794888929.265061
794888929.265061
794888929.265061
794930336.051308
794930336.051308
794930336.051308
794930336.051308
795102825.631213
795102825.631213
794986084.791205
795470736.011987
795195711.870603
794908279.696439
794908279.696439
794908279.696439
794908279.696439
795059841.024076
795059841.024076
795325393.42519
795325393.42519
795325393.42519
795325393.42519
795325393.42519
795325393.42519
795270680.595139
795847641.956157
795847641.956157
795847641.956157
795847641.956157
795847641.956157
795847641.956157
795847641.956157
795847641.956157
795484161.905722
795484161.905722
795108027.989397
795049204.648448
794983283.679781
794983283.679781
794983283.679781
794565510.846178
794914347.578424
794914347.578424
795408451.153461
795599019.276527
795518108.975333
794752644.552461
794752644.552461
795506354.428571
794974192.267592
794974192.267592
794974192.267592
794974192.267592
794974192.267592
795408715.468449
795408715.468449
795408715.468449
795137370.689278
795137370.689278
795137370.689278
795446597.277582
795335103.174768
795335103.174768
795335103.174768
795335103.174768
795385595.198385
795385595.198385
794980961.364926
794980961.364926
795122338.159794
795122338.159794
795122338.159794
795122338.159794
795403067.859502
795403067.859502
795415272.251757
795415272.251757
795415272.251757
795415272.251757
795639680.751421
795639680.751421
794933982.744204
794971499.712552
794971499.712552
795077001.702328
795077001.702328
795077001.702328
795077001.702328
795077001.702328
795077001.702328
795612973.37247
795612973.37247
795612973.37247
795612973.37247
795474747.699275
795474747.699275
795474747.699275
795474747.699275
795138325.119375
794913486.388961
794913486.388961
794913486.388961
794913486.388961
794913486.388961
795299442.659385
795299442.659385
795299442.659385
795299442.659385
795299442.659385
795416859.325624
795416859.325624
795300050.005639
795300050.005639
795571551.286591
795571551.286591
795488082.83298
795488082.83298
795594557.478803
795594557.478803
795594557.478803
795532524.770095
794932603.46127
794932603.46127
794932603.46127
794932603.46127
794932603.46127
794932603.46127
794835877.235007
795146024.557656
795146024.557656
795146024.557656
795146024.557656
795146024.557656
794825174.238418
794519501.961715
794834595.394231
794834595.394231
794834595.394231
794653488.270655
794688800.399632
794688800.399632
794688800.399632
794688800.399632
794688800.399632
794688800.399632
794688800.399632
794688800.399632
794688800.399632
794688800.399632
794688800.399632
794688800.399632
794688800.399632
794603751.223511
794603751.223511
795439371.002692
795439371.002692
795273733.629815
795507034.797948
795507034.797948
795507034.797948
795507034.797948
795140838.364028
795259330.635171
795259330.635171
795150648.354087
795260081.778857
795265097.59199
795265097.59199
795052156.682027
795052156.682027
795029420.8487
795029420.8487
795029420.8487
795029420.8487
795029420.8487
795029420.8487
795029420.8487
794466610.463264
795014764.462718
795494729.724269
795502012.324903
795250179.307828
795250179.307828
795250179.307828
795250179.307828
794813914.810646
794874288.128822
794874288.128822
794874288.128822
795474653.928625
795474653.928625
795474653.928625
795474653.928625
795474653.928625
795474653.928625
795576316.715305
795576316.715305
795601687.78897
795601687.78897
795134664.397032
795134664.397032
795134664.397032
795134664.397032
795074737.016612
795074737.016612
795074737.016612
794849458.031776
794849458.031776
795089316.586837
794884273.460634
794884273.460634
794884273.460634
794990542.712968
794990542.712968
794974414.857115
794974414.857115
794974414.857115
794974414.857115
794974414.857115
794974414.857115
795037604.982362
795037604.982362
795037604.982362
795037604.982362
795037604.982362
795037604.982362
795037604.982362
795037604.982362
795037604.982362
795037604.982362
795037604.982362
795037604.982362
795037604.982362
795160665.27905
795160665.27905
795160665.27905
794793996.195667
794793996.195667
794793996.195667
794793996.195667
794793996.195667
794868224.053921
794868224.053921
794868224.053921
794868224.053921
795081755.76013
795434857.501342
795434857.501342
795166723.671448
795166723.671448
795115530.945729
795115530.945729
795115530.945729
795115530.945729
795115530.945729
795115530.945729
795115530.945729
795115530.945729
795115530.945729
794818522.917404
794866170.918915
794866170.918915
794866170.918915
794847081.960332
794829639.35672
795348823.402149
795348823.402149
795584277.00802
795465623.928642
795519178.99124
795608419.978014
795321249.61218
795321249.61218
795463021.260145
795463021.260145
795521567.941994
795497675.613505
794928918.285919
795179847.81704
794926834.618974
794926834.618974
794990317.68662
795490512.203899
795525193.907502
795226056.395599
795226056.395599
795226056.395599
795167075.044747
795257199.424897
795257199.424897
795257199.424897
795257199.424897
795257199.424897
795257199.424897
795337606.454025
795053081.451146
795053081.451146
794962526.44512
794962526.44512
794979187.010584
794979187.010584
794979187.010584
794979187.010584
795545047.789128
795545047.789128
795545047.789128
795545047.789128
795377592.540838
795377592.540838
795008877.924042
795234581.144341
795234581.144341
795166686.21794
795166686.21794
795276637.235388
795276637.235388
795276637.235388
795121869.249657
795121869.249657
795121869.249657
795121869.249657
795121869.249657
795203894.590956
795536679.517063
795105844.139114
795091441.620548
795091441.620548
795091441.620548
794933147.775587
794876476.842378
794876476.842378
795310957.370031
795165718.446956
795165718.446956
795165718.446956
795165718.446956
795307401.599865
795307401.599865
795133807.29376
795133807.29376
795133807.29376
794686472.013688
794686472.013688
794686472.013688
794809896.347844
795424916.661361
794830740.088055
794830740.088055
795107741.620924
795107741.620924
795107741.620924
795107741.620924
795257433.416571
795257433.416571
794963383.693036
795514861.838997
795077197.282509
795077197.282509
795077197.282509
795077197.282509
795077197.282509
795077197.282509
795094706.575801
795094706.575801
795060169.128132
795060169.128132
794809823.499977
794809823.499977
794791393.436352
794837811.921536
794837811.921536
794837811.921536
794837811.921536
794337658.775052
794362378.0228
794968889.098348
794968889.098348
795059734.037883
795059734.037883
795059734.037883
795059734.037883
795059734.037883
795059734.037883
795059734.037883
795059734.037883
794959104.763422
794960675.676303
795151815.250818
795225615.386356
795256423.023889
795357068.207298
795506044.798352
795154958.537907
795290395.453627
795290395.453627
795350817.642224
795350817.642224
795170067.223382
795224383.466637
795224383.466637
795313997.050266
795103748.820851
795103748.820851
795103748.820851
795103748.820851
795103748.820851
795097625.268655
795097625.268655
795097625.268655
795020716.378707
795020716.378707
794919110.858708
795053658.795019
795025116.366102
795013268.265163
795023509.842903
794943755.026242
794943755.026242
795430840.844811
795404875.725056
794752548.486518
794752548.486518
794866946.451851
794744305.013786
794744305.013786
794921383.623705
794905194.754996
795097910.3844
795645212.321523
795643253.45184
795053205.138964
795053205.138964
795053205.138964
794810308.076086
794810308.076086
794810308.076086
794810308.076086
795009559.327515
795009559.327515
795009559.327515
795457402.348174
795457402.348174
795067550.787991
795067550.787991
795067550.787991
795291610.724672
795291610.724672
795291610.724672
794892215.952871
794892215.952871
794755771.601887
794755771.601887
794755771.601887
794755771.601887
794755771.601887
794755771.601887
794755771.601887
794755771.601887
794755771.601887
794705735.837238
794705735.837238
794302216.438388
794302216.438388
794302216.438388
794302216.438388
794302216.438388
794410182.703003
794647413.399478
794647413.399478
794761354.113758
794761354.113758
794761354.113758
794761354.113758
794761354.113758
794761354.113758
794774513.84615
795017311.767719
795017311.767719
794864452.371877
794864452.371877
794864452.371877
794864452.371877
794864452.371877
794982217.010266
795519851.119062
795519851.119062
795519851.119062
795326477.167593
795326477.167593
795151372.917215
795151372.917215
795151372.917215
795289623.308001
795289623.308001
795289623.308001
795289623.308001
795289623.308001
795289623.308001
795409825.538406
795409825.538406
795409825.538406
795409825.538406
795409825.538406
794912396.91836
794912396.91836
794912396.91836
794912396.91836
794434850.716503
794805180.238551
795505091.498016
795743752.713615
795743752.713615
795743752.713615
795743752.713615
795074303.395774
795074303.395774
794904959.316019
794904959.316019
794904959.316019
795253367.777701
795278068.453461
794581453.665114
794581453.665114
794581453.665114
794759144.993858
794759144.993858
794759144.993858
794759144.993858
794759144.993858
795134330.519928
795432099.983935
795432099.983935
795194969.041399
794973354.092049
794973354.092049
794973354.092049
794973354.092049
794973354.092049
794973354.092049
794973354.092049
794973354.092049
795311998.9411
795441651.430064
795761956.006786
795761956.006786
795761956.006786
795761956.006786
795575914.8282
794839624.939507
794839624.939507
794903849.551842
794903849.551842
794903849.551842
794753293.653683
794753293.653683
794286649.745548
794286649.745548
795466493.487977
795466493.487977
795106354.789707
795375650.718736
795067674.422199
794797788.433865
794797788.433865
794797788.433865
794797788.433865
794797788.433865
794847643.122585
794847643.122585
794847643.122585
794847643.122585
794688220.369735
794867493.033764
794867493.033764
795064411.462533
795100815.148653
795100815.148653
795100815.148653
795100815.148653
794771370.381435
794771370.381435
794771370.381435
794771370.381435
794771370.381435
794771370.381435
794771370.381435
794771370.381435
794718765.796237
794718765.796237
794641752.531764
794668071.210697
794974015.63084
794974015.63084
794974015.63084
794993384.762261
794993384.762261
794993384.762261
794993384.762261
794993384.762261
794993384.762261
794840627.285742
795106601.516295
795071276.124992
795122699.290834
795122699.290834
795111385.557632
795111385.557632
795111385.557632
795111385.557632
794710986.584427
794606409.014239
794606409.014239
794606409.014239
794606409.014239
794606409.014239
794837587.171893
794561290.264649
794561290.264649
794561290.264649
794561290.264649
794561290.264649
794561290.264649
794561290.264649
794561290.264649
794561290.264649
794956277.793812
794956277.793812
794956277.793812
794956277.793812
794956277.793812
794956277.793812
794956277.793812
794956277.793812
794956277.793812
794956277.793812
794956277.793812
794956277.793812
794956277.793812
794956277.793812
794956277.793812
794956277.793812
794743244.105265
794743244.105265
794743244.105265
794748354.274004
794525243.068796
794877314.608075
794877314.608075
794877314.608075
794877314.608075
795060186.415036
794880749.038782
794866144.284886
794866144.284886
795686394.554804
795415408.408736
795415408.408736
795444866.86493
795444866.86493
795491677.572153
795587734.425268
795587734.425268
795587734.425268
795445649.524627
795445649.524627
795445649.524627
795021696.748628
795021696.748628
795021696.748628
795111375.210643
795111375.210643
795074150.780226
795052558.422216
795060939.70639
794528549.625092
794838259.80458
794895820.304489
794785610.298158
794687287.513282
795529688.067334
795529688.067334
795529688.067334
795529688.067334
795529688.067334
795529688.067334
795529688.067334
795679276.354759
795679276.354759
795679276.354759
795679276.354759
795679276.354759
795679276.354759
795679276.354759
795320801.705909
795320801.705909
795320801.705909
794686077.655075
794686077.655075
794686077.655075
794720053.580971
795076836.042431
795182398.019754
795182398.019754
795182398.019754
795182398.019754
795182398.019754
795182398.019754
795182398.019754
795305061.547635
795372119.552036
794730753.403669
794730753.403669
794730753.403669
794730753.403669
794730753.403669
794632722.164436
795115574.729723
795059510.874817
795059510.874817
795198407.951835
795198407.951835
795198407.951835
795198407.951835
795198407.951835
795198407.951835
795198407.951835
795141799.616116
795141799.616116
794729647.719021
794629672.851752
794629672.851752
795055052.811942
795055052.811942
795055052.811942
795055052.811942
795055052.811942
795055052.811942
795055052.811942
795055052.811942
795375007.986625
795375007.986625
795003228.636068
795719081.91336
795719081.91336
795000096.884049
795000096.884049
795000096.884049
795101269.668884
795101269.668884
795101269.668884
795101269.668884
795088289.428278
795088289.428278
795088289.428278
795269308.834152
795269308.834152
795269308.834152
795642325.973044
795159417.301439
795159417.301439
795159417.301439
794995822.388708
794995822.388708
794995822.388708
794995822.388708
794596587.960864
794631503.589019
794631503.589019
794617900.666321
794617900.666321
795225759.752608
794884016.081729
794884016.081729
794884016.081729
794884016.081729
794884016.081729
795050408.770576
795050408.770576
795050408.770576
795050408.770576
795391668.86508
795391668.86508
795270384.954533
795270384.954533
795304557.765233
795115086.063289
795115086.063289
795115086.063289
795059227.734035
795059227.734035
795059227.734035
795059227.734035
795059227.734035
795059227.734035
795059227.734035
795356037.374911
795397017.816496
794474919.399809
794474919.399809
794474919.399809
794474919.399809
794613578.956719
794613578.956719
794739530.367308
795230864.371869
795661249.766033
795281826.85551
795281826.85551
795111868.973142
795111868.973142
794744684.475432
794744684.475432
794744684.475432
794744684.475432
794744684.475432
794744684.475432
794959675.987283
795057924.625116
795057924.625116
795115273.309959
795115273.309959
794672466.772258
794859589.002996
794859589.002996
795081219.252217
795081219.252217
795318184.275978
795448404.381979
795448404.381979
795240374.997122
795810859.865776
795810859.865776
795810859.865776
795810859.865776
795810859.865776
795151533.509164
795151533.509164
795151533.509164
794842219.891378
794864698.875114
794864698.875114
794864698.875114
794749344.489976
795192081.563598
795048251.878982
795048251.878982
795048251.878982
795048251.878982
795048251.878982
795048251.878982
795048251.878982
795048251.878982
795048251.878982
795024904.409834
795121974.622186
795121974.622186
795121974.622186
795121974.622186
795121974.622186
795121974.622186
795121974.622186
795121974.622186
795121974.622186
795121974.622186
795121974.622186
795121974.622186
795180130.848666
795180130.848666
795180130.848666
795180130.848666
795302318.818641
795302318.818641
795053766.748848
795053766.748848
795052679.117405
795007357.49199
795007357.49199
795007357.49199
795352167.731754
795380194.913332
795307415.082306
795307415.082306
795454994.766141
795454994.766141
795454994.766141
795276217.296193
795366809.21238
794993615.852552
794993615.852552
794999570.096139
794999570.096139
794999570.096139
794999570.096139
794999570.096139
794858991.318068
794735992.876476
795469563.499185
795469563.499185
795469563.499185
795469563.499185
795469563.499185
795469563.499185
795163297.055288
795163297.055288
795163297.055288
795163297.055288
795163297.055288
795314663.005845
794947687.153057
794947687.153057
794947687.153057
794947687.153057
794947687.153057
794947687.153057
794947687.153057
794947687.153057
794910839.260839
794910839.260839
795116671.60512
795116671.60512
795116671.60512
795116671.60512
795116671.60512
795116671.60512
795116671.60512
795005220.922571
795411774.852677
795411774.852677
795618088.981806
795003711.11532
794917391.928239
794917391.928239
794917391.928239
795139659.974318
795139659.974318
795139659.974318
795139659.974318
795139659.974318
795139659.974318
795290927.437677
795555457.112602
795555457.112602
795513537.913888
795329895.276167
795329895.276167
795162329.283741
795162329.283741
795151226.335434
795151226.335434
795151226.335434
795436575.016577
795790672.728676
795790672.728676
795790672.728676
795790672.728676
795220059.515835
795220059.515835
794837739.116582
795141628.251422
795141628.251422
794975299.561211
794975299.561211
795066912.876909
794587809.341216
794587809.341216
794396925.848564
794396925.848564
795495447.1039
795495447.1039
795478392.713747
795478392.713747
794994504.275161
794816066.221511
794910072.861363
794910072.861363
795662168.941616
795009621.02712
795278246.324925
795278246.324925
795278246.324925
795871191.748496
795871191.748496
795673752.450214
795673752.450214
795673752.450214
795673752.450214
795673752.450214
795283499.18814
795097347.265724
795097347.265724
794921072.515831
794921072.515831
794921072.515831
795466826.127924
795466826.127924
795466826.127924
795466826.127924
795466826.127924
795504666.123967
795504666.123967
795504666.123967
795504666.123967
795452499.711083
795452499.711083
795163003.980377
795163003.980377
794938208.131002
794938208.131002
794938208.131002
794922662.09082
794903344.902632
795389242.585442
795389242.585442
795607572.796838
795607572.796838
794654692.367238
794636754.730572
794771276.197316
794771276.197316
794771276.197316
795103432.194575
795103432.194575
795103432.194575
795247844.930689
795247844.930689
795247844.930689
795247844.930689
795247844.930689
795247844.930689
795247844.930689
795247844.930689
795247844.930689
795247844.930689
794950044.263764
794889223.757202
795603242.186776
795603242.186776
795603242.186776
795265595.056466
795265595.056466
795265595.056466
795265595.056466
795265595.056466
795750991.294816
795750991.294816
795745722.868923
795745722.868923
795899565.33818
795524770.268864
795524770.268864
795524770.268864
795524770.268864
795524770.268864
795524770.268864
795524770.268864
795524770.268864
795523398.972719
795523398.972719
795482699.757367
795482699.757367
795297271.894279
796007691.782895
796007691.782895
796007691.782895
795341150.110776
795341150.110776
795341150.110776
795341150.110776
795341150.110776
795341150.110776
795341150.110776
795341150.110776
795122961.847971
795122961.847971
795128765.359582
795128765.359582
795128765.359582
795128765.359582
795128765.359582
795128765.359582
795128765.359582
795128765.359582
795128765.359582
795128765.359582
795128765.359582
795391055.211084
795391055.211084
795391055.211084
794997482.149882
795246633.635912
794757300.262782
794757300.262782
794757300.262782
794757300.262782
794527832.165598
794527832.165598
795092171.782721
795092171.782721
794916496.878566
794916496.878566
795299287.225288
795299287.225288
795195467.480526
795195467.480526
795195467.480526
795197620.363885
795334161.241967
795301536.696866
795301536.696866
795360957.213085
795329375.664956
795329375.664956
795329375.664956
795329375.664956
795313321.442458
795313321.442458
795313321.442458
795313321.442458
795313321.442458
795313321.442458
795235277.524832
795396681.355609
795275055.499422
795147285.993328
795147285.993328
795147285.993328
795147285.993328
795314921.544654
795314921.544654
795314921.544654
795028765.055069
795028765.055069
795028765.055069
795028765.055069
795099443.078918
795099443.078918
795099443.078918
795099443.078918
795099443.078918
794876113.089583
794529758.033222
794975167.667265
794975167.667265
794975167.667265
794975167.667265
794975167.667265
795710026.771025
795710026.771025
795710026.771025
795638728.361902
795638728.361902
795638728.361902
795638728.361902
795341406.026877
795341406.026877
795341406.026877
795341406.026877
795341406.026877
795341406.026877
795341406.026877
795341406.026877
795341406.026877
795341406.026877
795341406.026877
795341406.026877
795000179.145295
795120582.370466
795120582.370466
795120582.370466
795791898.028414
795025034.716663
795025034.716663
795025034.716663
795025034.716663
794836510.622
794836510.622
794613800.283795
794613800.283795
794613800.283795
794613800.283795
794613800.283795
794613800.283795
795253729.330598
795253729.330598
795253729.330598
795253729.330598
795253729.330598
795253729.330598
795253729.330598
795449222.666975
795147306.3432
795147306.3432
795147306.3432
795147306.3432
795147306.3432
795147306.3432
795147306.3432
795147306.3432
795453160.149676
795453160.149676
795453160.149676
795595898.948844
795595898.948844
795595898.948844
795080677.778542
795080677.778542
795080677.778542
794532179.028786
794679637.232647
794679637.232647
794679637.232647
794679637.232647
794408412.722845
794784713.830247
794784713.830247
795132050.744466
794967557.949205
794967557.949205
794967557.949205
795541775.078487
795541775.078487
795435338.924326
795435338.924326
795435338.924326
795435338.924326
795142298.323579
795142298.323579
795142298.323579
795457294.488421
795545216.826879
795545216.826879
795545216.826879
795545216.826879
795545216.826879
795141370.151253
795393226.277159
795393226.277159
795205934.8214
795205934.8214
795205934.8214
795205934.8214
795205934.8214
795176704.395617
795176704.395617
795176704.395617
795176704.395617
795176704.395617
795176704.395617
795107855.441737
795030792.809846
795030792.809846
795030792.809846
795030792.809846
795030792.809846
795076113.783295
794992383.181142
794992383.181142
794992383.181142
794941274.337004
794625156.801638
794625156.801638
795302237.038208
795235285.833257
795253411.653617
795193671.845411
795193671.845411
794779666.244421
795325861.859653
795336931.249869
795336931.249869
795336931.249869
795336931.249869
795310379.212924
795310379.212924
795310379.212924
795244185.877627
795244185.877627
795244185.877627
795244185.877627
795244185.877627
795244185.877627
795166841.893458
795166841.893458
795166841.893458
795166841.893458
794846286.175303
795567536.689854
795777507.575326
795871608.144578
795871608.144578
795871608.144578
795871608.144578
795871608.144578
795871608.144578
795594816.861914
795663125.099907
795663125.099907
795663125.099907
795385488.39504
795419577.759963
795419577.759963
795419577.759963
795419577.759963
794604699.43249
794604699.43249
794604699.43249
794604699.43249
795438738.578256
795438738.578256
795682033.594227
795682033.594227
795824892.730418
795297746.674468
795297746.674468
794542064.131098
794542064.131098
794308130.884425
794308130.884425
794974167.396249
794974167.396249
794974167.396249
794825079.35828
794825079.35828
795102917.247808
795102917.247808
795102917.247808
795102917.247808
795102917.247808
795247907.404535
795083681.684113
795083681.684113
794765221.377606
794765221.377606
794765221.377606
794765221.377606
794765221.377606
794765221.377606
794765221.377606
795061528.319522
795061528.319522
795061528.319522
795061528.319522
795061528.319522
795080748.261511
795080748.261511
795264967.323421
795264967.323421
795264967.323421
795264967.323421
795264967.323421
795292457.98789
795111008.303251
795111008.303251
795111008.303251
795111008.303251
795111008.303251
795111008.303251
795111008.303251
795111008.303251
795111008.303251
795671181.470067
795671181.470067
795671181.470067
795462836.004617
794914233.681704
794914233.681704
794997591.483761
794997591.483761
794549325.816622
794954577.566982
794954577.566982
794954577.566982
794954577.566982
794954577.566982
794984025.927159
794984025.927159
794984025.927159
794984025.927159
794984025.927159
794984025.927159
794984025.927159
794736067.29922
794920621.49339
794809463.06705
794754062.368439
794754062.368439
794754062.368439
794729194.378909
794729194.378909
794729194.378909
794728694.501339
795041909.051433
795041909.051433
795041909.051433
795041909.051433
795298138.867544
795456517.869759
795443745.628705
795206259.667523
795206259.667523
795500168.905275
795500168.905275
795500168.905275
795158465.480014
795260844.176516
795623767.026339
795623767.026339
795243376.20152
795114589.135226
795114589.135226
794641657.739978
794641657.739978
795143260.31316
795143260.31316
795143260.31316
795143260.31316
795143260.31316
794563525.633175
795475627.93354
795063725.972409
795063725.972409
795063725.972409
795063725.972409
795063725.972409
795063725.972409
794893532.479082
794893532.479082
794893532.479082
794893532.479082
794809075.224669
794995146.340086
795633770.154466
795633770.154466
795633770.154466
795633770.154466
795167857.521461
795261814.045324
795278440.566854
795278440.566854
795571025.084538
795571025.084538
795362034.751966
795362034.751966
795362034.751966
795716549.133212
795716549.133212
795716549.133212
795716549.133212
795716549.133212
795716549.133212
795058425.881098
795058425.881098
795058425.881098
795273383.835608
795463410.231384
795532032.466278
795532032.466278
795448586.654056
795320529.409055
795320529.409055
795320529.409055
795320529.409055
795320529.409055
795320529.409055
795320529.409055
794962038.210433
794962038.210433
794962038.210433
794962038.210433
795339985.014251
795845403.487573
795845403.487573
795845403.487573
795216612.119384
795216612.119384
795498916.765915
795382447.67501
795382447.67501
795382447.67501
795123139.786813
795123139.786813
795084355.461436
795196077.065232
795328717.456812
795328717.456812
795328717.456812
795328717.456812
795113556.471955
795113556.471955
795113556.471955
795113556.471955
795113556.471955
795113556.471955
795113556.471955
795113556.471955
795113556.471955
795113556.471955
795113556.471955
795113556.471955
795113556.471955
795352814.952496
795328927.310014
795328927.310014
795384229.48177
795278202.241386
795278202.241386
795278202.241386
795278202.241386
795309471.922717
795376441.459512
795376441.459512
795376441.459512
795290349.393088
795542294.046914
795542294.046914
795542294.046914
795543193.93415
795737506.509515
795737506.509515
795608274.286387
795289099.344915
795289099.344915
795289099.344915
795289099.344915
795083896.205404
794999899.343775
794999899.343775
794999899.343775
795187607.263343
795247219.353182
795204578.849555
795204578.849555
795204578.849555
795204578.849555
795204578.849555
795204578.849555
795164601.060673
795163421.273799
795163421.273799
795163421.273799
795163421.273799
795163421.273799
795163421.273799
795194079.701373
795194079.701373
794956518.416219
794956518.416219
794956518.416219
794956518.416219
795006267.746796
794790251.516322
794890524.153977
795104289.898076
795350672.265026
795065664.901411
795065664.901411
794922725.632812
794922725.632812
795298079.232483
795298079.232483
794734951.144391
794734951.144391
794753527.699617
794753527.699617
794913861.247923
794913861.247923
794913861.247923
794913861.247923
794913861.247923
794913861.247923
795131376.302738
795242434.237409
795242434.237409
795194494.394229
795194494.394229
795194494.394229
795003659.302104
795356968.324223
795356968.324223
795115092.856541
795501495.283486
795664864.243791
795664864.243791
795296192.703343
795019818.755363
795019818.755363
795019818.755363
794997540.477822
794997540.477822
794997540.477822
795020857.994803
795020857.994803
794726693.826806
794726693.826806
794726693.826806
794726693.826806
794726693.826806
794726693.826806
794726693.826806
795122696.283296
795122696.283296
794715472.366297
794715472.366297
794715472.366297
794715472.366297
794702750.490906
794533507.762185
794533507.762185
794533507.762185
795400427.587489
795400427.587489
794787815.301277
794787815.301277
795165568.732767
795141177.439823
795150828.858957
795104458.598953
795376543.594272
795376543.594272
795376543.594272
795376543.594272
795376543.594272
795376543.594272
795376543.594272
795376543.594272
795376543.594272
795376543.594272
795150743.519871
795150743.519871
794961058.879361
795138881.476897
795516411.606005
795022961.536828
794961743.119903
794661520.919568
794661520.919568
794661520.919568
794839048.396271
795120169.559266
795120169.559266
795253506.31746
795253506.31746
795253506.31746
795072617.946186
795072617.946186
795072617.946186
795072617.946186
795072617.946186
795072617.946186
795094799.876429
795094799.876429
795055491.988377
795055491.988377
795055491.988377
795055491.988377
795055491.988377
795004706.361825
795403923.097754
795403923.097754
795165262.097329
795165262.097329
795406448.348711
795406448.348711
795406448.348711
795683332.316393
795519350.644889
795519350.644889
795519350.644889
795850464.444233
795922137.026591
795922137.026591
794919577.511646
794919577.511646
794932336.802971
795143108.130682
795143108.130682
795143108.130682
795734641.316287
795653573.619726
795644643.585931
795337735.182289
795337735.182289
795833235.787638
795472470.456812
795256791.735123
795216473.531882
795216473.531882
795216473.531882
795216473.531882
795216473.531882
795216473.531882
795216473.531882
795216473.531882
795216473.531882
795216473.531882
795216473.531882
795216473.531882
795307200.359496
795307200.359496
795540396.210354
795540396.210354
795540396.210354
795540396.210354
795540396.210354
795540396.210354
795540396.210354
795540396.210354
795540396.210354
795540396.210354
795540396.210354
795540396.210354
795741054.143035
795377301.033475
795377301.033475
795377301.033475
796022257.173411
796022257.173411
795666692.913802
795666692.913802
795666692.913802
795666692.913802
795666692.913802
795666692.913802
795559240.208117
795559240.208117
795559240.208117
795559240.208117
795882280.473402
795882280.473402
795526437.999838
795526437.999838
795526437.999838
795526437.999838
795526437.999838
795721509.533035
795721509.533035
795721509.533035
795399070.071135
795309518.118268
795142882.736735
795142882.736735
795142882.736735
795142882.736735
795142882.736735
794870203.915267
794870203.915267
794870203.915267
794729400.737996
794729400.737996
794905065.250628
794905065.250628
794905065.250628
794905065.250628
794905065.250628
794905065.250628
794905065.250628
795228501.691396
795228501.691396
795228501.691396
795479008.897082
794921610.43455
794921610.43455
794921610.43455
794921610.43455
794921610.43455
794921610.43455
795031296.968435
795096732.492006
795096732.492006
795096732.492006
795096732.492006
795096732.492006
795096732.492006
795096732.492006
795129788.165792
795129788.165792
795426343.972345
795142121.946242
795176319.336325
795306723.690289
795306723.690289
795306723.690289
795306723.690289
795301597.50011
795301597.50011
795301597.50011
795301597.50011
795301597.50011
795301597.50011
795301597.50011
795301597.50011
795301597.50011
795301597.50011
795301597.50011
795385926.472346
795428190.134634
795288801.319023
795288801.319023
794846653.593869
794846653.593869
795340995.858484
795340995.858484
795340995.858484
795340995.858484
795282223.916924
795282223.916924
795282223.916924
794395993.0188
794559804.932018
794559804.932018
794559804.932018
794559804.932018
794559804.932018
794559804.932018
794559804.932018
794559804.932018
794604895.007176
794643518.982833
794383778.526047
794383778.526047
794937014.894105
794998729.426395
794998729.426395
795014166.321917
795014166.321917
795014166.321917
794984612.89323
794984612.89323
794984612.89323
795005280.003859
795005280.003859
795147883.468473
796075823.242637
796075823.242637
796075823.242637
795494754.773214
795494754.773214
795494754.773214
795309026.126499
795309026.126499
795306294.384464
795306294.384464
795306294.384464
795306294.384464
795306294.384464
795250676.271101
794930476.277964
795080860.789671
795080860.789671
795080860.789671
795182826.239367
795182826.239367
795182826.239367
795182826.239367
795019363.228125
795019363.228125
795019363.228125
795019363.228125
795282259.52636
795225382.579673
795225382.579673
795225382.579673
795208270.544635
795216624.379385
795030580.402852
795030580.402852
795030580.402852
794845571.897284
794845571.897284
794845571.897284
794845571.897284
794845571.897284
794845571.897284
794752524.398824
794752524.398824
794752524.398824
794752524.398824
794752524.398824
794927461.477264
794927461.477264
795239732.687537
795239732.687537
795239732.687537
795595032.630075
795595032.630075
795595032.630075
795116850.801364
795116850.801364
795201114.658579
795353194.184445
795353194.184445
795405535.349856
795321485.63873
794981197.005014
794981197.005014
794981197.005014
794981197.005014
794981197.005014
794946897.986302
794946897.986302
794946897.986302
794946897.986302
795486947.250511
795486947.250511
795471603.052032
795471603.052032
795471603.052032
795134418.780966
795134418.780966
795134418.780966
795081671.967491
795033327.07254
795033327.07254
795033327.07254
795033327.07254
795033327.07254
795077223.171849
795077223.171849
795077223.171849
795077223.171849
794991296.858793
794781611.567
794950711.761293
795400756.647909
795279761.542044
795279761.542044
795286199.844641
795097639.454559
795083546.423795
795083546.423795
795083546.423795
795083546.423795
794924725.238664
794924725.238664
795164453.75159
794860913.481319
794860913.481319
794860913.481319
795381056.426118
795381056.426118
795381056.426118
795381056.426118
794905033.555066
795477671.230068
795477671.230068
795477671.230068
795477671.230068
795477671.230068
795477671.230068
795382524.966112
795382524.966112
795382524.966112
795382524.966112
795382524.966112
795382524.966112
795382524.966112
795382524.966112
795382524.966112
795382524.966112
795382524.966112
795251010.270085
795251010.270085
795251010.270085
795540096.013692
795540096.013692
795540096.013692
795540096.013692
795540096.013692
795540096.013692
795540096.013692
795254485.24012
795254485.24012
795254485.24012
795254485.24012
795174500.276969
795174500.276969
795174500.276969
795438415.540816
795438415.540816
795728575.955072
795728575.955072
795728575.955072
795728575.955072
795266896.579059
795266896.579059
794822954.455366
795103811.513273
794907820.713293
794907820.713293
794992572.285038
795004893.997804
795136767.686616
795136767.686616
795136767.686616
795136767.686616
795429261.011242
795429261.011242
795626711.414792
795458183.750329
795406277.263262
795406277.263262
795517862.460869
795517862.460869
795309627.812321
795309627.812321
795309627.812321
795309627.812321
795195865.792341
795195865.792341
795195865.792341
795195865.792341
795195865.792341
795195865.792341
795195865.792341
795195865.792341
795151805.249835
795151805.249835
795151805.249835
795151805.249835
795151805.249835
794831391.898908
794831391.898908
794968258.0627
794968258.0627
794968258.0627
794968258.0627
794968258.0627
795008682.025809
795008682.025809
794919127.506568
794919127.506568
794847047.011333
794847047.011333
794847047.011333
794847047.011333
794847047.011333
794847047.011333
794670886.176746
794670886.176746
794670886.176746
794912136.648478
794912136.648478
794912136.648478
794912136.648478
795160514.567236
795160514.567236
795160514.567236
795160514.567236
795280413.794718
795280413.794718
795679044.053817
795679044.053817
795144180.192343
795144180.192343
795144180.192343
795144180.192343
794736698.979663
794945591.105104
794945591.105104
794945591.105104
794945591.105104
794945591.105104
794945591.105104
795109886.921628
795109886.921628
795109886.921628
795109886.921628
794984401.283221
794984401.283221
794984401.283221
794541274.705223
794541274.705223
794965121.851793
794965121.851793
794965121.851793
794965121.851793
795483833.628147
795483833.628147
795483833.628147
795383551.209061
795383551.209061
795460524.017192
795428537.666981
795428537.666981
795428537.666981
795318111.781553
795318111.781553
795318111.781553
795131265.225534
794768087.066073
794821643.757636
795068716.468578
795068716.468578
795006268.30431
795213750.173535
795213750.173535
795219501.673022
795562995.291798
795562995.291798
795562995.291798
795277795.789861
795238300.680975
795238300.680975
795183195.072836
795152326.663311
795152326.663311
795152326.663311
795372355.324956
795372355.324956
795372355.324956
795372355.324956
795372355.324956
795372355.324956
795270594.012996
795270594.012996
795270594.012996
795165726.277696
795184907.239226
795184907.239226
795184907.239226
795184907.239226
794829308.146959
795296349.027284
795296349.027284
795296349.027284
795296349.027284
795296349.027284
795296349.027284
795296349.027284
795296349.027284
795296349.027284
795296349.027284
795124449.084698
795102563.898789
795493852.283187
795493852.283187
795493852.283187
795493852.283187
795373770.070567
795373770.070567
795051737.235039
795051737.235039
795114936.964522
795114936.964522
795305253.789959
795305253.789959
795433883.036658
795433883.036658
795433883.036658
794954784.102717
794954784.102717
794954784.102717
794954784.102717
795475269.145506
795475269.145506
795475269.145506
795475269.145506
795475269.145506
795475269.145506
795475269.145506
794812540.87801
794812540.87801
794812540.87801
795044236.158205
795020288.590012
794950301.613079
794999639.933501
794999639.933501
795116206.687337
795116206.687337
795116206.687337
795116206.687337
795233912.703226
795233912.703226
795233912.703226
795233912.703226
795233912.703226
795233912.703226
795233912.703226
795233912.703226
795233912.703226
795233912.703226
795233912.703226
795233912.703226
794958163.308978
794896609.184485
794896609.184485
794896609.184485
794896609.184485
794896609.184485
794896609.184485
794896609.184485
794896609.184485
794896609.184485
795114715.678652
795114715.678652
795114715.678652
795068880.488271
794548177.479788
794548177.479788
794548177.479788
794548177.479788
794548177.479788
794548177.479788
794548177.479788
794548177.479788
794548177.479788
794548177.479788
794548177.479788
794897846.132488
794897846.132488
795072911.655882
795278040.685682
795081416.147649
795151147.187936
795494072.743525
795264146.058333
795264146.058333
795264146.058333
795264146.058333
795048902.679383
795048902.679383
795048902.679383
795048902.679383
795048902.679383
795644682.514746
795119495.257045
795263351.55844
795263351.55844
795186034.50171
795186034.50171
795186034.50171
795186034.50171
794610929.567029
794610929.567029
794811165.039177
794811165.039177
794811165.039177
794811165.039177
794811165.039177
795055579.847073
794311234.222686
794311234.222686
794455542.325199
794455542.325199
794455542.325199
794601168.684271
794601168.684271
794601168.684271
794625002.317438
794625002.317438
795251896.271734
795251896.271734
795251896.271734
795251896.271734
795251896.271734
794770423.901259
794770423.901259
795374992.127285
795374992.127285
795374992.127285
795159041.126546
795159041.126546
795159041.126546
794902195.141704
795358460.294926
795358460.294926
795358460.294926
795002411.126842
795002411.126842
795002411.126842
795002411.126842
794806820.770804
794806820.770804
794806820.770804
794806820.770804
794806820.770804
794806820.770804
794806820.770804
794969130.90136
794969130.90136
794969130.90136
794969130.90136
794969130.90136
794969130.90136
795306338.411716
795313226.082795
795117658.514295
795688224.016366
795394143.411328
795394143.411328
795394143.411328
795479653.136711
795479653.136711
795479653.136711
795479653.136711
795479653.136711
794743470.568872
794997132.505067
795206354.099746
795111335.521218
795111335.521218
795455651.712056
795455651.712056
794813144.724261
794813144.724261
794977312.03547
794977312.03547
794977312.03547
794787810.64013
795066613.12959
795066613.12959
795066613.12959
795066613.12959
795111823.970677
795111823.970677
795111823.970677
795594477.103878
795594477.103878
795594477.103878
794815562.761749
794815562.761749
794815562.761749
794990348.718626
794990348.718626
795185273.834801
795185273.834801
795185273.834801
795185273.834801
795185273.834801
795185273.834801
795185273.834801
795185273.834801
795342667.163492
795508921.196095
795439535.874164
795026325.705992
795502743.659883
795502743.659883
795502743.659883
795502743.659883
795068700.566603
794835060.251084
794915583.859136
794915583.859136
794915583.859136
795341271.800459
795341271.800459
795341271.800459
795302484.299701
794855554.089055
794855554.089055
794855554.089055
794855554.089055
794855554.089055
795179646.917843
795179646.917843
795179646.917843
794972157.715741
794972157.715741
795051191.459294
795051191.459294
795051191.459294
794871292.68237
794871292.68237
794871292.68237
794871292.68237
794997101.498137
795016396.791091
795016396.791091
795016396.791091
795016396.791091
794894823.690338
794894823.690338
794906994.835609
794906994.835609
794906994.835609
794906994.835609
794906994.835609
794906994.835609
794906994.835609
794500618.169941
794693748.52362
794693748.52362
794693748.52362
794693748.52362
794693748.52362
794693748.52362
795216819.229351
795187042.006153
794231961.749508
794271112.242327
794271112.242327
794819413.846039
794819413.846039
795185947.374025
794762548.592328
794630509.155055
794630509.155055
794630509.155055
794814683.698577
795571789.238559
795035650.008218
794964778.833482
794644828.879306
794644828.879306
794644828.879306
794644828.879306
794644828.879306
794644828.879306
794644828.879306
795279058.554196
794662989.800935
794662989.800935
795560348.971739
795552941.868848
795552941.868848
795552941.868848
795552941.868848
795353075.54001
794951673.950952
794951673.950952
794951673.950952
794951673.950952
794951673.950952
794951673.950952
794909050.614211
794909050.614211
794909050.614211
794909050.614211
795398587.941518
794717150.291793
794733025.86969
794960621.581737
794960621.581737
794960621.581737
794960621.581737
795171600.345472
795171600.345472
795083347.087706
795083347.087706
794758922.753098
795023060.738109
795023060.738109
795023060.738109
795023060.738109
795023060.738109
795023060.738109
795023060.738109
795023060.738109
795023060.738109
795236843.818945
795142820.114229
795142820.114229
795142820.114229
795142820.114229
795142820.114229
795284392.991389
795284392.991389
795431463.130813
795179464.131606
794842624.681129
795364772.240646
795099096.366907
795099096.366907
795099096.366907
794952507.998324
794952507.998324
794952507.998324
794952507.998324
794788604.124222
795362853.759043
795362853.759043
795644106.411603
795420212.389856
795158514.748283
795158514.748283
795158514.748283
795158514.748283
795158514.748283
795158514.748283
795158514.748283
795158514.748283
795158514.748283
795042041.92957
795042041.92957
794981386.108006
794981386.108006
794981386.108006
794655544.256162
794655544.256162
794987892.17871
794987892.17871
794987892.17871
794851317.721413
794988942.669086
794989060.555424
795339572.600163
795130778.126262
795263517.991677
795263517.991677
795263517.991677
795263517.991677
795263517.991677
795263517.991677
795263517.991677
795326234.434382
795326234.434382
795326234.434382
795205058.502524
795765698.610716
795765698.610716
795365261.109435
795365261.109435
795365261.109435
795306997.262723
794987065.093513
794987065.093513
794987065.093513
795326355.850348
795326355.850348
795326355.850348
795326355.850348
795326355.850348
795378358.090042
795378358.090042
795378358.090042
795378358.090042
795348372.848361
795348372.848361
795348372.848361
795348372.848361
795348372.848361
795064999.409382
795064999.409382
795064999.409382
795064999.409382
795064999.409382
795261775.09023
795261775.09023
795261775.09023
795261775.09023
795359583.527939
795359583.527939
795133372.232126
795133372.232126
795133372.232126
795133372.232126
795133372.232126
794961503.244287
794961503.244287
794961503.244287
794961503.244287
794883503.911539
794773844.678364
794850706.124226
794850706.124226
794850706.124226
794924936.160578
794845451.924637
794839356.448483
794839356.448483
795569677.363394
795569677.363394
795569677.363394
795569677.363394
795569677.363394
795569677.363394
795569677.363394
795780116.011159
795780116.011159
795625109.68438
795160374.396299
795160374.396299
795160374.396299
795160374.396299
795160374.396299
795160374.396299
795160374.396299
795160374.396299
795121055.44787
794822094.529568
794822094.529568
795243013.297683
795243013.297683
795037663.607153
795037663.607153
795298139.579114
795363431.0552
795363431.0552
795363431.0552
795363431.0552
795363431.0552
795363431.0552
795536767.229385
795536767.229385
795536767.229385
795536767.229385
795320050.377412
795320050.377412
795320050.377412
795332465.888484
795332465.888484
795245905.873735
795245905.873735
795245905.873735
795152267.484222
795112355.115907
795112355.115907
795112355.115907
795112355.115907
794897512.037379
794897512.037379
794616209.977964
794814064.051164
794712466.261997
794712466.261997
794712466.261997
794712466.261997
794712466.261997
794712466.261997
794402324.046796
794426536.764125
794426536.764125
794426536.764125
794426536.764125
794426536.764125
795105290.30249
795381731.811311
795381731.811311
795363979.34523
795363979.34523
795363979.34523
795363979.34523
795363979.34523
795205544.513353
795205544.513353
795420493.238829
795107720.669601
795107720.669601
795107720.669601
795107720.669601
794956084.709379
794956084.709379
794922471.255277
794922471.255277
794922471.255277
794993294.035634
794993294.035634
794993294.035634
794993294.035634
795083911.597177
795083911.597177
795275820.420128
795573790.557855
795147210.892587
795031802.608235
795031802.608235
795327518.64056
795327518.64056
795359201.806803
795359201.806803
795381057.101569
795381057.101569
795381057.101569
795381057.101569
794957297.887483
794962300.636666
794962300.636666
794962300.636666
795445487.464401
795445487.464401
795484291.752824
795484291.752824
795298014.979982
795456771.130008
795541705.018949
795158414.385907
795135619.475407
794767285.538413
795118033.627029
795118033.627029
795118033.627029
795118033.627029
795118033.627029
795118033.627029
795384188.856788
795384188.856788
795384188.856788
795618919.955245
795661279.736678
795661279.736678
794670998.501325
794670998.501325
794954184.950554
795456725.049973
795145010.371921
795145010.371921
794643695.690025
795273012.838071
795273012.838071
795273012.838071
795273012.838071
795024401.633653
795262334.124606
795530178.591056
795530178.591056
795617099.936402
795617099.936402
795859717.189184
795562307.870287
795404544.521549
795404544.521549
795404544.521549
795648003.305426
795648003.305426
795648003.305426
795648003.305426
795259765.039248
795259765.039248
795259765.039248
795318001.217906
795318001.217906
795318001.217906
795318001.217906
794963439.647519
794900063.495174
795010263.701758
795010263.701758
795623877.394378
795537260.117061
795537260.117061
795537260.117061
795537260.117061
795537260.117061
795508287.891596
795508287.891596
795055552.257299
795099480.708556
795099480.708556
795099480.708556
795023014.248498
795023014.248498
794773185.598753
794773185.598753
794773185.598753
795087288.481394
795087288.481394
795087288.481394
795508594.325106
795508594.325106
795582118.678575
795582118.678575
795181347.05548
795181347.05548
795181347.05548
795181347.05548
794872934.115374
794872934.115374
794872934.115374
794872934.115374
795490701.44154
795490701.44154
795490701.44154
795490701.44154
795490701.44154
795490701.44154
795482800.562908
795482800.562908
795482800.562908
795626697.822675
795626697.822675
795626697.822675
795119097.389728
795223032.795397
795223032.795397
795223032.795397
795194907.35467
795145022.191392
795145022.191392
795261262.690768
795261262.690768
795261262.690768
795008407.791013
795008407.791013
795008407.791013
795008407.791013
795008407.791013
795008407.791013
794916286.086481
794916286.086481
794916286.086481
794916286.086481
795081786.298948
795081786.298948
794880630.258511
794880630.258511
794880630.258511
794880630.258511
794880630.258511
794880630.258511
794880630.258511
794880630.258511
794880630.258511
795068742.313094
795068742.313094
795068742.313094
794958425.097656
794958425.097656
794958425.097656
794958425.097656
795145438.594845
795145438.594845
795145438.594845
795145438.594845
795145438.594845
795145438.594845
795145438.594845
795145438.594845
795145438.594845
795139307.545683
795005706.058756
795692518.577944
795389050.095037
795389050.095037
795136372.767278
795180439.678675
795180439.678675
795180439.678675
795180439.678675
795468148.563041
795468148.563041
795468148.563041
795468148.563041
795468148.563041
795468148.563041
795468148.563041
795468148.563041
795415144.26741
795415144.26741
795324326.392559
795351523.671302
795351523.671302
795351523.671302
795572914.013452
795712307.386315
795318181.192686
795318181.192686
795573482.387738
795573482.387738
795633990.502793
795514247.202905
795514247.202905
795514247.202905
795514247.202905
795514247.202905
795514247.202905
795514247.202905
795539250.368384
795539250.368384
795539250.368384
795539250.368384
795539250.368384
795120481.552975
794903678.301029
794875294.092457
795189360.129353
795418620.122863
795554037.369341
795554037.369341
795554037.369341
795554037.369341
795558862.393396
795558862.393396
795558862.393396
795558862.393396
795558862.393396
795334847.841293
795334847.841293
795334847.841293
795152043.263557
795152043.263557
795152043.263557
795152043.263557
795152043.263557
794989636.215453
795240799.988714
795240799.988714
795240799.988714
795240799.988714
795011876.593099
795011876.593099
795011876.593099
795171903.946222
795373775.432749
795373775.432749
795373775.432749
795373775.432749
795482677.44623
795482677.44623
795482677.44623
795482677.44623
795482677.44623
795482677.44623
795009136.199811
795009136.199811
795009136.199811
795009136.199811
795383994.649205
795314399.845459
794908062.942133
794593648.341307
794593648.341307
794879997.444956
795699928.237771
795767125.990517
795263942.499848
795263942.499848
795216366.605165
795216366.605165
795748995.478046
795748995.478046
795532397.076985
795532397.076985
795532397.076985
795212879.51622
795212879.51622
795339606.912577
795339606.912577
795055036.212462
795055036.212462
795277962.31006
794836581.825546
794836581.825546
795295312.649032
795295312.649032
795295312.649032
795295312.649032
795295312.649032
795414595.44637
795414595.44637
795414595.44637
795414595.44637
795060824.15722
795060824.15722
795060824.15722
795060824.15722
795060824.15722
795060824.15722
795060824.15722
795060824.15722
795060824.15722
795060824.15722
794959886.114423
794873219.657738
794873219.657738
794873219.657738
795264012.78324
795143344.63146
795143344.63146
795143344.63146
795143344.63146
795143344.63146
795143344.63146
795221370.85493
795221370.85493
795221370.85493
795826781.172014
795826781.172014
795896601.331574
795551691.107209
795551691.107209
795551691.107209
794902145.760195
794902145.760195
795024599.421741
795024599.421741
795024599.421741
795060016.895314
795060016.895314
795060016.895314
795060016.895314
795381205.659287
795381205.659287
795381205.659287
795381205.659287
795158928.839208
795158928.839208
795546089.231107
795546089.231107
795559177.472113
795559177.472113
795559177.472113
795559177.472113
795559177.472113
795559177.472113
795559177.472113
795559177.472113
795566539.56955
795566539.56955
795196902.893117
794922963.718029
794922963.718029
794922963.718029
795060258.871426
795060258.871426
795269847.177446
795269847.177446
794709832.403572
794709832.403572
795298815.544648
795298815.544648
795298815.544648
795298815.544648
795318076.592598
795318076.592598
795512938.535186
795512938.535186
795093102.118368
795093102.118368
795093102.118368
795030690.351592
795030690.351592
795030690.351592
795030690.351592
795030690.351592
795030690.351592
794988308.199798
795296234.845237
795152093.633496
794912740.411196
795475778.07439
795475778.07439
794586953.479841
795369449.93875
795130956.271194
795130956.271194
795249846.235215
795068002.444289
795068002.444289
795068002.444289
795068002.444289
795068002.444289
795296796.770084
795296796.770084
795296796.770084
795296796.770084
794993638.599173
794993638.599173
794993638.599173
794993638.599173
794993638.599173
795221967.038147
795245417.112766
795245417.112766
795245417.112766
795245417.112766
795245417.112766
795430342.582512
795233558.441879
795233558.441879
795233558.441879
795233558.441879
795233558.441879
795233558.441879
795233558.441879
794922631.178309
794922631.178309
794922631.178309
794751912.713693
794751912.713693
794672304.61933
794940106.503836
794940106.503836
794940106.503836
794940106.503836
794940106.503836
795106410.10385
795106410.10385
795106410.10385
794841087.521908
794841087.521908
794841087.521908
795056797.192033
795056797.192033
795056797.192033
795078323.618456
795078323.618456
795078323.618456
795078323.618456
795078323.618456
795078323.618456
795092675.815155
795092675.815155
795080385.572728
795080385.572728
795008909.972988
795008909.972988
795178920.110237
795178920.110237
795178920.110237
795178920.110237
795241654.474907
795241654.474907
795241654.474907
795241654.474907
795241654.474907
795241654.474907
795031260.149939
795031260.149939
795031260.149939
795031260.149939
795031260.149939
795031260.149939
795031260.149939
795031260.149939
795031260.149939
795031260.149939
795031260.149939
795832438.014415
795791814.820289
795791814.820289
795440199.195085
795440199.195085
794883776.550867
794883776.550867
794883776.550867
794883776.550867
794883776.550867
794883776.550867
794883776.550867
794883776.550867
795034321.78728
795034321.78728
795121468.891146
795121468.891146
794956133.14874
794783159.048271
794783159.048271
794783159.048271
794783159.048271
794783159.048271
794783159.048271
794822076.568515
794822076.568515
794822076.568515
794822076.568515
794822076.568515
794822076.568515
794924972.84303
795103773.660332
795103773.660332
795103773.660332
794805710.196378
794805710.196378
794805710.196378
794805710.196378
794805710.196378
794805710.196378
794805710.196378
794805710.196378
794805710.196378
794879164.203166
795034734.575792
794983704.416322
794983704.416322
794901323.601036
794489375.581077
794489375.581077
794803500.383311
795155389.431787
795155389.431787
795155389.431787
795155389.431787
794718563.156008
794718563.156008
794718563.156008
794843436.642236
794843436.642236
794843436.642236
794843436.642236
795114150.147544
795525908.442806
795525908.442806
795348142.23509
795348142.23509
795073595.232427
795045855.998148
795045855.998148
795045855.998148
795045855.998148
795045855.998148
795045855.998148
795045855.998148
794893133.72459
794889623.019151
794889623.019151
795683223.288924
795683223.288924
795683223.288924
795873267.191021
795863963.737589
795863963.737589
795281408.392088
795149809.000042
795094993.715255
795173503.534845
795173503.534845
795173503.534845
795428536.742248
795426127.679597
795426127.679597
795426127.679597
795426127.679597
795426127.679597
795426127.679597
795106032.945302
795107779.999234
795107779.999234
795107779.999234
795813956.210586
795427604.290637
795176817.376849
795176817.376849
795213200.337899
795169761.451883
795169761.451883
794521585.361402
794521585.361402
794521585.361402
794521585.361402
794521585.361402
794521585.361402
794909254.349359
794909254.349359
794909254.349359
794909254.349359
794909254.349359
794909254.349359
795430988.732019
795432107.613203
795432107.613203
795432107.613203
795432107.613203
795432107.613203
795432107.613203
795387711.146225
795387711.146225
795183140.528136
795141796.097054
795141796.097054
795141796.097054
795014245.545101
795014245.545101
795014245.545101
795014245.545101
795014245.545101
795014245.545101
795386725.523948
795386725.523948
795386725.523948
795386725.523948
795386725.523948
795386725.523948
795386725.523948
795180026.367002
795180026.367002
795180026.367002
794750846.435758
795392267.548929
795324274.502451
795051613.776267
795051613.776267
795263758.91606
795263758.91606
795263758.91606
795263758.91606
795532917.642706
795532917.642706
795411612.676541
795411612.676541
794914575.827146
794914575.827146
794914575.827146
795155310.57732
795155310.57732
795155310.57732
795127779.525752
795023602.022932
795023602.022932
795023602.022932
795023602.022932
795023602.022932
795023602.022932
794913461.921281
794913461.921281
794913461.921281
794437461.536027
794437461.536027
794437461.536027
795225161.475338
795225161.475338
795225161.475338
795285019.350179
795549208.753836
795241190.493368
795241190.493368
795241190.493368
795241190.493368
795417534.569814
795416106.176743
795439382.531544
795439382.531544
795389977.723235
795517155.777966
795517155.777966
795517155.777966
795337787.95985
795337787.95985
795337787.95985
795337787.95985
795185036.472444
795001979.105488
794900698.161393
794914087.648941
795297568.131582
795592252.900277
795592252.900277
795340884.801375
795340884.801375
794601817.70839
794774965.604023
794774965.604023
794774965.604023
795086470.884735
795926006.039253
796038873.314967
796038873.314967
796038873.314967
796038873.314967
796038873.314967
795760578.426903
795286122.939716
795005565.854368
795237210.780185
795237210.780185
794892159.457261
794892159.457261
795321679.298472
795321679.298472
795321679.298472
795602058.495431
795602058.495431
795182270.909238
795182270.909238
795182270.909238
795182270.909238
795164275.504818
795164275.504818
795251633.695334
795231609.002413
795231609.002413
795231609.002413
795231609.002413
794791643.036809
795677417.384363
795677417.384363
795677417.384363
795460617.463384
795460617.463384
795460617.463384
795210179.532886
795375920.291103
795201326.378719
795201326.378719
795204032.742554
795204032.742554
795468537.216197
795468537.216197
795310914.399848
795233872.419869
795233872.419869
795233872.419869
795233872.419869
795233872.419869
794773667.798333
795134375.856607
795134375.856607
795134375.856607
795134375.856607
795143188.640027
795143188.640027
795143188.640027
795143188.640027
795143188.640027
795143188.640027
795361614.239696
795361614.239696
795197900.944489
795342082.919082
795342082.919082
795003252.89329
795003252.89329
794452295.984301
795668273.397586
795668273.397586
795668273.397586
795668273.397586
794846435.334605
794846435.334605
794856916.774622
795027884.718725
795027884.718725
794890575.543488
794890575.543488
794890575.543488
794890575.543488
795231856.398218
795350905.209533
795350905.209533
795345662.513512
795345662.513512
795345662.513512
795044534.761263
795044534.761263
794930441.244407
794642800.559479
795309933.842655
795309933.842655
795490196.954904
794834490.748533
794834490.748533
794834490.748533
795093336.875111
795093336.875111
795093336.875111
795093336.875111
795589605.693728
795299848.343513
795299848.343513
795299848.343513
795299848.343513
794938214.773137
794938214.773137
794938214.773137
794927372.434632
794927372.434632
794927372.434632
794927372.434632
794927372.434632
794927372.434632
794927372.434632
794927372.434632
794669554.843192
794577417.773565
794759078.479054
794759078.479054
794930806.6133
794930806.6133
794930806.6133
795440288.437497
795084430.404659
795128127.48206
795122494.707175
794915015.658058
794915015.658058
794915015.658058
795339284.599707
795339284.599707
795419599.49395
795055242.996214
795248420.013131
794959038.567984
794997342.905553
794997342.905553
795088487.905132
795088487.905132
794875340.819824
794875340.819824
795305851.827843
795305851.827843
795305851.827843
795182738.280845
795293866.82835
795293866.82835
795293866.82835
795293866.82835
795293866.82835
794884148.092486
795166601.056063
795228161.742197
795228161.742197
795228161.742197
795057556.00129
795057556.00129
795057556.00129
795057556.00129
795182603.492258
795182603.492258
795182603.492258
795472405.745785
794911003.425943
794953227.053649
794918131.205902
794918131.205902
794918131.205902
795080621.255444
795080621.255444
795080621.255444
794883297.247977
794895339.576597
794895339.576597
794895339.576597
794895339.576597
794895339.576597
794917274.047541
794917274.047541
794917274.047541
794917274.047541
795200069.307079
795266542.178067
795266542.178067
795266542.178067
795266542.178067
795266542.178067
795266542.178067
795266542.178067
795266542.178067
795660358.755813
795660358.755813
795660358.755813
795159715.12799
795159715.12799
794901579.609583
794901579.609583
794901579.609583
795664715.290442
795478734.15448
795478734.15448
794841065.863987
794841065.863987
794841065.863987
794892667.323376
794771914.691853
795413055.225085
795138370.166891
795279567.626675
795279567.626675
795780598.942311
795288628.052
795288628.052
795288628.052
795227733.187458
794943061.521432
795541952.159719
795420664.921568
795420664.921568
795420664.921568
795420664.921568
795420664.921568
795420664.921568
795726937.095306
795706495.81823
795512968.911609
795512968.911609
795606038.605706
795606038.605706
795715650.673501
795715650.673501
795389557.820359
795389557.820359
795251574.655342
795251574.655342
794993016.813977
794993016.813977
794993016.813977
794993016.813977
794993016.813977
794993016.813977
794993016.813977
794993016.813977
794993016.813977
795101310.191489
795016949.137567
795016949.137567
795216812.420122
795216812.420122
795216812.420122
795119777.00547
795119777.00547
795119777.00547
795317819.912599
795893532.601683
795893532.601683
795609197.794749
795758869.155782
795758869.155782
795758869.155782
795758869.155782
795704780.545128
795704780.545128
795704780.545128
795056177.500065
795088881.452928
795088881.452928
795088881.452928
795088881.452928
795088881.452928
795088881.452928
795362102.672665
795591481.972504
795591481.972504
795198475.709423
795198475.709423
794753973.608989
795004278.377761
795186140.542905
795186140.542905
795186140.542905
794974125.909852
794974125.909852
794974125.909852
794974125.909852
794974125.909852
795436608.043867
795613349.222294
795613349.222294
795613349.222294
795613349.222294
795613349.222294
795515517.633558
795515517.633558
795515517.633558
795515517.633558
795526287.120266
795156090.047139
795156090.047139
795156090.047139
795156090.047139
795156090.047139
795156090.047139
795156090.047139
795156090.047139
795137474.347331
794999811.706127
794999811.706127
794999811.706127
794999811.706127
794678104.136289
794932452.556969
794932452.556969
794400187.493126
794875506.334047
794875506.334047
794893960.962495
794893960.962495
794893960.962495
794593566.696731
794593566.696731
794593566.696731
794593566.696731
794889823.419775
794889823.419775
794889823.419775
794889823.419775
794889823.419775
794889823.419775
795172286.892965
795008467.525141
795579373.843006
795559428.552967
795559428.552967
794981025.950699
794981025.950699
795544937.881554
795544937.881554
795544937.881554
795544937.881554
795346795.94364
795424126.107924
795424126.107924
795424126.107924
795405302.641827
795405302.641827
795405302.641827
795405302.641827
795405302.641827
795029738.278886
795029738.278886
795029738.278886
795029738.278886
795029738.278886
794956762.369542
794956762.369542
795319696.192366
795288382.479894
795288382.479894
795288382.479894
795288382.479894
795463465.529804
795463465.529804
795463465.529804
795331209.485963
795331209.485963
795331209.485963
795331209.485963
795432426.129156
795432426.129156
795432426.129156
795432426.129156
795270160.306637
794949134.14428
795350510.887654
795350510.887654
795350510.887654
795350510.887654
794733966.492426
794733966.492426
795050101.225739
795050101.225739
794981691.861288
794736372.237346
795196019.92009
795424698.063205
795424698.063205
795424698.063205
795424698.063205
795448784.706961
795448784.706961
795344464.905482
795344464.905482
794679864.79869
794751745.227816
795533676.462727
795533676.462727
795533676.462727
795353346.183186
794987308.79077
794987308.79077
795260306.038665
795260306.038665
795260306.038665
795260306.038665
795260306.038665
795260306.038665
794913931.788172
794913931.788172
794913931.788172
795226067.950357
794941721.637806
794954156.043505
795383647.890636
795383647.890636
795383647.890636
795383647.890636
795383647.890636
795383647.890636
794733399.811021
794733399.811021
794719036.159758
794719036.159758
795084082.15464
795084082.15464
795084082.15464
795084082.15464
795105830.969241
795109556.347348
795109556.347348
795109556.347348
795109556.347348
795109556.347348
795162498.425641
795162498.425641
795798768.437814
795798768.437814
795798768.437814
795798768.437814
795798768.437814
795366955.970939
795366955.970939
795430259.154248
795361372.300608
795361372.300608
795361372.300608
795363383.587332
795363383.587332
795363383.587332
795177306.842154
795177306.842154
795177306.842154
795177306.842154
795177306.842154
795177306.842154
795429851.996297
795429851.996297
795429851.996297
795429851.996297
795429851.996297
795429851.996297
795291142.906938
795823934.271331
795823934.271331
795437205.856472
795437205.856472
795437205.856472
795134015.701064
795134015.701064
795578060.482707
794967702.448753
794967702.448753
794967702.448753
794967702.448753
794967702.448753
794967702.448753
794967702.448753
794967702.448753
794967702.448753
794967702.448753
794967702.448753
794967702.448753
794967702.448753
794967702.448753
794967702.448753
795577531.907961
795577531.907961
795577531.907961
795577531.907961
795181433.300002
795287165.807838
795287165.807838
795287165.807838
795287165.807838
795006114.808541
795006114.808541
795006114.808541
795006114.808541
795473178.554072
795010243.722432
795437539.784456
795437539.784456
795551823.40037
795551823.40037
795551823.40037
795093863.451393
795093863.451393
795093863.451393
795093863.451393
795125264.078486
795125264.078486
795125264.078486
795125264.078486
795125264.078486
795125264.078486
795125264.078486
795125264.078486
795125264.078486
795362656.953686
795373869.602902
795373869.602902
795373869.602902
795467207.805785
795467207.805785
795467207.805785
795467207.805785
795467207.805785
795467207.805785
795467207.805785
795311789.011795
795235607.086467
795235607.086467
795235607.086467
795017634.204733
795017634.204733
794906765.712796
794915813.927024
794915813.927024
794915813.927024
794915813.927024
795287235.445294
795287235.445294
795287235.445294
795226062.599915
795258365.830647
795258365.830647
794993559.654835
794993559.654835
794993559.654835
794993559.654835
795188894.256265
795188894.256265
794648643.68987
795093309.005116
795093309.005116
795093309.005116
795093309.005116
795093309.005116
795093309.005116
795093309.005116
795093309.005116
795093309.005116
795124708.989375
795124708.989375
795124708.989375
795124708.989375
794712322.263142
794712322.263142
794712322.263142
794712322.263142
794712322.263142
794705251.674198
795631792.728229
795146827.589795
795146827.589795
795098233.263968
795098233.263968
795098233.263968
795460351.808236
795522640.480788
795545929.719906
795545929.719906
795545929.719906
795679524.829644
795741302.312958
795741302.312958
795741302.312958
795719333.49912
795719333.49912
795542869.021161
795542869.021161
795542869.021161
794975301.222352
794975301.222352
794975301.222352
794975301.222352
794975301.222352
794975301.222352
795549110.965183
795323087.996791
795323087.996791
795189247.953506
795189247.953506
795189247.953506
795189247.953506
795153972.014437
794842295.412072
794842295.412072
794842295.412072
794842295.412072
794747886.304219
794929406.377897
794929406.377897
794929406.377897
795011017.858959
795011017.858959
795011017.858959
795011017.858959
795011017.858959
795011017.858959
795109961.952595
795109961.952595
795109961.952595
795109961.952595
795109961.952595
795609358.089296
795539983.597856
795539983.597856
795539983.597856
795539983.597856
795539983.597856
795539983.597856
795526827.724879
795314818.112374
795314818.112374
794908414.107109
794908414.107109
794908414.107109
794908414.107109
794908414.107109
794908414.107109
794908414.107109
794908414.107109
794908414.107109
795197737.294956
795141884.583092
795141884.583092
795060413.526094
795060413.526094
795060413.526094
795211307.539797
795398013.821694
795398013.821694
795398013.821694
795398013.821694
794854894.900017
794854894.900017
794854894.900017
795285060.577424
795285060.577424
795285060.577424
795285060.577424
795132071.199987
795132071.199987
795469750.088857
794965412.193657
795311119.729702
795311119.729702
795311119.729702
795311119.729702
795311119.729702
795448493.503633
794983419.502151
795220912.456793
794961503.483095
794961503.483095
794866143.216463
794866143.216463
794866143.216463
794866143.216463
795037548.337028
795037548.337028
795037548.337028
794814024.684688
794814024.684688
795481426.785175
795481426.785175
795481426.785175
795287826.676819
795287826.676819
795287826.676819
795287826.676819
794651628.284229
795238371.127239
795238371.127239
795238371.127239
795238371.127239
795238371.127239
795238371.127239
795331792.544891
795331792.544891
795331792.544891
795331792.544891
795186403.009346
795448518.798648
795448518.798648
795535624.481825
795225503.025817
795225503.025817
795225503.025817
795225503.025817
795225503.025817
795225503.025817
795068921.27204
795068921.27204
795147801.607516
795147801.607516
795147801.607516
795147801.607516
795147801.607516
795147801.607516
795388344.893412
795552181.542068
795552181.542068
795636050.67812
795636050.67812
795497513.566699
795461958.311707
795461958.311707
795355990.873982
795276039.875459
795232845.002151
795232845.002151
795232845.002151
795232845.002151
795232845.002151
795232845.002151
795328473.242177
795130205.364245
794960961.103802
795401560.131535
795500609.515205
795500609.515205
794971642.931784
794702545.764079
794702545.764079
794301246.817278
794355514.786818
794355514.786818
794355514.786818
794472325.853533
794928045.072935
794928045.072935
794928045.072935
794928045.072935
794928045.072935
794928045.072935
794928045.072935
795066467.906985
795066467.906985
795066467.906985
795066467.906985
795066467.906985
795066467.906985
795066467.906985
795066467.906985
795066467.906985
795005191.37973
795005191.37973
795282844.706936
795067906.568785
795067906.568785
795067906.568785
795067906.568785
795067906.568785
795067906.568785
795067906.568785
795067906.568785
795067906.568785
795253465.929112
795253465.929112
795253465.929112
795253465.929112
795253465.929112
795253465.929112
795253465.929112
795260177.79467
795594552.79677
795594552.79677
795673402.621466
795519967.994147
795519967.994147
795519967.994147
795453513.481451
795453513.481451
795453513.481451
795036001.490827
795342852.810846
795342852.810846
795342852.810846
795189985.729396
795476105.712123
795476105.712123
795777850.443909
795899046.808569
796126735.880582
796147745.959561
796147745.959561
796147745.959561
796147745.959561
796147745.959561
796147745.959561
796147745.959561
796147745.959561
795526567.454798
795526567.454798
795442381.528929
795442381.528929
795442381.528929
794925441.5595
795207244.781139
795207244.781139
795207244.781139
795207244.781139
795408141.943179
795408141.943179
795089950.151592
795089950.151592
795392798.608832
795392798.608832
795319475.783554
795494935.805944
794930542.261105
795248215.89814
795248215.89814
795248215.89814
795248215.89814
795716017.49287
795659666.615341
795371115.855833
795371115.855833
795371115.855833
795936267.314183
795936267.314183
795331038.135261
795331038.135261
795118280.028501
795118280.028501
795118280.028501
795220126.192685
795220126.192685
795236714.099112
795236714.099112
795236714.099112
795236714.099112
795236714.099112
795236714.099112
795236714.099112
795332891.696977
795332891.696977
795052932.428833
795052932.428833
795052932.428833
795265807.027342
795265807.027342
795265807.027342
795586234.274947
795586234.274947
795586234.274947
795586234.274947
795586234.274947
795222125.493205
794948509.075744
794948509.075744
794948509.075744
794948509.075744
794948509.075744
794948509.075744
795225353.030708
795478511.951697
795478511.951697
795478511.951697
795478511.951697
795478511.951697
795478511.951697
795478511.951697
795478511.951697
795478511.951697
795560223.746211
795560223.746211
795266218.349835
795266218.349835
795155378.325861
795155378.325861
795155378.325861
794743337.157554
794886768.777461
794886768.777461
794446263.213271
794446263.213271
795588348.855772
795588348.855772
795455606.8457
795455606.8457
795455606.8457
795380056.221919
795380056.221919
795380056.221919
795380056.221919
795380056.221919
794695527.69172
794695527.69172
794695527.69172
794695527.69172
794695527.69172
794695527.69172
794695527.69172
794973711.00492
795276213.08723
795276213.08723
795276213.08723
795276213.08723
795276213.08723
794887246.519203
794887246.519203
794887246.519203
795014691.527006
795014691.527006
795014691.527006
794946071.983078
794936034.988348
794700282.278576
795330540.919513
795206074.688393
794923066.147935
795127933.12407
795127933.12407
795000867.664725
794937590.143115
794937590.143115
794937590.143115
794937590.143115
794937590.143115
794794509.422876
794794509.422876
794794509.422876
794794509.422876
794794509.422876
794794509.422876
794794509.422876
794794509.422876
794877645.861203
795796956.636049
795796956.636049
795796956.636049
795261862.997275
795453226.265783
795453226.265783
795181511.029741
795036860.045014
795036860.045014
795036860.045014
795089973.67509
795089973.67509
795089973.67509
795089973.67509
795089973.67509
795089973.67509
794919843.455336
794919843.455336
794919843.455336
794868848.339199
794542089.718989
794542089.718989
795077136.069981
795077136.069981
795077136.069981
795077136.069981
795077136.069981
795077136.069981
795077136.069981
795077136.069981
795566896.304147
795566896.304147
795515337.315706
795515337.315706
795335773.931247
795229673.340022
795229673.340022
795076894.690053
795002045.980512
795002045.980512
795013999.593834
795013999.593834
795013999.593834
795013999.593834
795013999.593834
795146308.504314
795626782.731431
795626782.731431
795626782.731431
795626782.731431
795676153.238535
795676153.238535
795249708.620597
795249708.620597
794953334.460127
794953334.460127
795727724.647961
795727724.647961
795444500.365509
795444500.365509
795444500.365509
795194504.61553
795194504.61553
795507682.543914
795507682.543914
795507682.543914
794647028.258896
794856497.326893
794856497.326893
794856497.326893
795115024.935716
795115024.935716
795115024.935716
794951159.015211
794951159.015211
794951159.015211
795062186.651596
795292142.227803
795292142.227803
795292142.227803
795249726.453639
795187665.113539
795187665.113539
795111317.940107
795111317.940107
795111317.940107
795171224.3054
794904559.299043
794904559.299043
795089154.254374
794804974.416725
794639472.270135
795461302.301457
795560468.291148
795560468.291148
795560468.291148
795362663.758238
794886053.782644
794886053.782644
794886053.782644
795055285.953669
794704294.775686
794704294.775686
794704294.775686
794948746.910112
794948746.910112
794948746.910112
794948746.910112
794962139.85456
794962139.85456
794962139.85456
794962139.85456
794962139.85456
795333791.705239
795333791.705239
795333791.705239
794963157.274344
794963157.274344
794785918.739921
794785918.739921
794785918.739921
795059275.138801
795059275.138801
795066796.241126
795066796.241126
795066796.241126
794861284.456871
794861284.456871
794861284.456871
795041122.456776
795041122.456776
795403944.824371
795605426.148112
795520689.964729
795534413.253924
795534413.253924
795534413.253924
795404151.825439
795404151.825439
795404151.825439
795404151.825439
795496937.847141
795496937.847141
795496937.847141
795496937.847141
795496937.847141
795496937.847141
795496937.847141
795525403.411747
795525403.411747
795161006.88836
795161006.88836
795161006.88836
795161006.88836
795161006.88836
795161006.88836
795130382.119176
795130382.119176
795130382.119176
794870031.15064
795632845.494898
795632845.494898
795632845.494898
795632845.494898
795632845.494898
795638179.522901
795638179.522901
795587629.862697
795110985.867319
795110985.867319
795110985.867319
795110985.867319
795110985.867319
795171880.21226
795171366.120296
795366872.324494
795567389.267574
795519857.423331
795519857.423331
795519857.423331
795621782.158762
795733631.526781
795733631.526781
795780145.037127
795780145.037127
795656387.972423
795646784.586919
795476282.039935
795476282.039935
795476282.039935
795349944.934108
795349944.934108
795349944.934108
795011243.231477
795011243.231477
795011243.231477
795066901.653942
795066901.653942
795066901.653942
795066901.653942
795066901.653942
795066901.653942
795476478.926843
795476478.926843
795476478.926843
795752677.013226
795367445.327848
795367445.327848
795367445.327848
795247295.420379
795247295.420379
795247295.420379
795548174.842161
795094150.27782
795094150.27782
795261455.159106
794972553.592356
794972553.592356
794972553.592356
795016113.339687
795016113.339687
795016113.339687
795016113.339687
795295425.746475
795295425.746475
795118551.122447
795157293.454576
795157293.454576
795157293.454576
795562514.359594
795531970.983792
795531970.983792
795423407.941554
795423407.941554
795226434.550254
795226434.550254
795226434.550254
795367428.765518
795367428.765518
795400410.273023
795400410.273023
795803768.008896
795416902.405885
795352370.590441
795352370.590441
795352370.590441
795352370.590441
794736751.567086
794736751.567086
794870292.832192
795257110.884564
795257110.884564
795257110.884564
795207812.440592
795211828.541034
795459620.445265
795572963.942062
795572963.942062
795301710.334737
795301710.334737
795301710.334737
795361111.18955
795361111.18955
795311391.280391
795311391.280391
795311391.280391
796018978.780491
796018978.780491
795289930.699485
795289930.699485
794948825.419328
794948825.419328
795526563.70434
795526563.70434
795526563.70434
795526563.70434
795526563.70434
795526563.70434
795526563.70434
795440258.576634
795440258.576634
795228787.713584
795195605.125329
795195605.125329
795195605.125329
795195605.125329
795195605.125329
794989258.327683
795115632.790763
795473076.339503
795137060.825142
795477719.665043
794802607.987981
795054127.617889
795054127.617889
794891427.23002
794883936.412875
794883936.412875
794883936.412875
795555718.763165
795555718.763165
795555718.763165
795555718.763165
795381265.53457
795381265.53457
795381265.53457
795381265.53457
795381265.53457
795381265.53457
795122564.730376
795280310.460884
795306322.216458
795328252.360666
795328252.360666
795328252.360666
795450580.634251
794893467.337572
794893467.337572
794893467.337572
794893467.337572
795244410.94308
795020542.971323
795020542.971323
795020542.971323
795020542.971323
795020542.971323
795020542.971323
795020542.971323
795020542.971323
795020542.971323
795809753.447124
795809753.447124
796040124.931413
795839310.324984
795839310.324984
794846109.603123
794846109.603123
794846109.603123
794846109.603123
794723538.048402
794723538.048402
794934212.093317
794934212.093317
794934212.093317
794934212.093317
794934212.093317
794934212.093317
794934212.093317
794331670.517582
794817192.320142
795278856.915573
795278856.915573
794920553.426044
795165860.307528
795165860.307528
795850815.146771
795850815.146771
795850815.146771
795508915.779608
795508915.779608
795462580.903597
795462580.903597
795462580.903597
795462580.903597
795462580.903597
795590759.249546
795500212.827494
795437738.661632
795550737.870428
795550737.870428
795691399.336142
795169915.017708
795169915.017708
795179192.145959
795179192.145959
795179192.145959
795179192.145959
795179192.145959
794996520.735635
794497724.13524
794497724.13524
794497724.13524
794497724.13524
794497724.13524
794497724.13524
794497724.13524
794497724.13524
794820167.033234
794820167.033234
794632546.631184
795454263.483049
795454263.483049
795373797.716027
795120931.991241
795120931.991241
795120931.991241
795120931.991241
795120931.991241
795298115.889395
795298115.889395
795298115.889395
795298115.889395
795298115.889395
795298115.889395
794859292.521152
795170064.150053
795245040.300457
795245040.300457
795245040.300457
795245040.300457
795245040.300457
795104992.339697
795175048.782207
795175048.782207
795565773.126863
795565773.126863
795531923.835121
795469691.216123
795484991.449875
795655608.706779
795655608.706779
795655608.706779
795655608.706779
795655608.706779
795655608.706779
795655608.706779
794551058.823664
794551058.823664
794852175.525431
794852175.525431
794852175.525431
794852175.525431
794852175.525431
795209891.291943
795209891.291943
795209891.291943
795173470.580168
795173470.580168
794855449.91249
794736096.454024
795107440.965855
795107440.965855
795107440.965855
795107440.965855
795482693.913965
795482693.913965
795287013.980726
795287013.980726
795287013.980726
794895511.450691
794724368.535679
794724368.535679
794724368.535679
795180695.905684
795180695.905684
795180695.905684
795204928.342531
795350238.109869
795223932.285836
794901756.704266
795345776.670154
795389392.045386
795389392.045386
795389392.045386
795472622.657013
795472622.657013
795472622.657013
795684756.887247
795684756.887247
795684756.887247
795684756.887247
795486327.86717
795486327.86717
795486327.86717
795486327.86717
795486327.86717
795486327.86717
795486327.86717
795486327.86717
795245625.808708
794905172.581575
794964643.842747
794964643.842747
794964643.842747
794964643.842747
795009665.692014
795009665.692014
795009665.692014
795009665.692014
795337064.856848
795240691.420715
795240691.420715
795240691.420715
795240691.420715
795168343.351835
795466935.372204
795159949.457481
794764744.27262
794764744.27262
794764744.27262
794764744.27262
794764744.27262
794764744.27262
795146184.19962
795146184.19962
794935292.014421
794935292.014421
795062857.97945
794978502.546858
794978502.546858
794978502.546858
795212072.499465
795381244.83663
795381244.83663
795381244.83663
795419148.460094
795419148.460094
795077608.555868
795129322.212956
795129322.212956
795013674.681492
795013674.681492
795013674.681492
795013674.681492
795246751.178784
795679617.134343
795679617.134343
795679617.134343
795571894.267211
795571894.267211
796071897.642789
796071897.642789
796071897.642789
796071897.642789
795735816.677806
795203726.137803
795352377.605692
795352377.605692
795404911.240448
795404911.240448
795404911.240448
795404911.240448
795404911.240448
795404911.240448
795404911.240448
795572520.479555
795148299.779454
795148299.779454
794818097.862612
794749871.092972
794749871.092972
795063133.724483
795125893.557264
795058084.947181
794949050.248954
794949050.248954
794949050.248954
794949050.248954
794949050.248954
795065710.747317
795002084.856512
795002084.856512
795002084.856512
795002084.856512
795002084.856512
795002084.856512
795086900.652607
795086900.652607
795512285.844784
795357260.098222
795357260.098222
795357260.098222
794822279.383044
795261020.233295
795261020.233295
794822847.328982
794732744.848538
794732744.848538
795487862.757491
795487862.757491
795487862.757491
795487862.757491
795487862.757491
795487862.757491
795487862.757491
795114643.016472
795335588.67871
794551953.933501
794785256.642895
794785256.642895
794554891.132126
794943865.838136
794943865.838136
794943865.838136
794943865.838136
794943865.838136
794964543.653359
794964543.653359
795189273.735301
795189273.735301
795189273.735301
795189273.735301
794686069.138808
794686069.138808
794728135.101762
794728135.101762
794728135.101762
794841246.451372
795346849.019766
795346849.019766
795077844.484172
795077844.484172
795077844.484172
795050004.123613
795050004.123613
795243152.566424
794604410.99475
794604410.99475
794872345.934512
794872345.934512
794872345.934512
794959608.411005
794959608.411005
795344852.854632
795344852.854632
795344852.854632
795063132.527595
795063132.527595
795406754.762972
795406754.762972
795406754.762972
794784474.745054
795290991.496265
795290991.496265
795290991.496265
795086943.530234
795146301.987359
795146301.987359
795051675.146074
795051675.146074
795051675.146074
794941189.399123
794941189.399123
794941189.399123
794941189.399123
794789519.180104
795466063.828914
795466063.828914
795403955.392689
795403955.392689
794968653.207764
794819152.145673
794819152.145673
794819152.145673
794819152.145673
794819152.145673
795116299.940253
795315596.058719
795315596.058719
795315596.058719
794894815.631701
795316520.115629
795316520.115629
795316520.115629
795316520.115629
795316520.115629
795231537.280928
795394880.131068
795394880.131068
795394880.131068
795394880.131068
795173836.83018
795193674.545044
795193674.545044
795193674.545044
794968179.012032
794968179.012032
795126314.300327
795397882.993087
795397882.993087
795651192.001612
795651192.001612
795651192.001612
795651192.001612
795651192.001612
795651192.001612
795576370.117672
795576370.117672
795576370.117672
795576370.117672
795576370.117672
795728309.677953
795728309.677953
795728309.677953
795728309.677953
795548138.456337
795548138.456337
795119485.497998
795119485.497998
795256335.829834
795256335.829834
795021450.453346
795021450.453346
795021450.453346
794918901.490237
794918901.490237
794918901.490237
794918901.490237
794918901.490237
794867545.605097
794867545.605097
794867545.605097
794867545.605097
794867545.605097
794867545.605097
794867545.605097
794781655.059836
795354378.33196
795354378.33196
795354378.33196
795354378.33196
795456265.138516
795456265.138516
795456265.138516
795624795.71654
795624795.71654
795107501.250299
795098022.344984
794968273.15214
795198555.101368
795198555.101368
795198555.101368
795198555.101368
794843962.021647
794843962.021647
795058668.612896
795058668.612896
795489524.012765
795489524.012765
795489524.012765
795489524.012765
795489524.012765
795370787.236396
795550121.512696
795550121.512696
795550121.512696
795550121.512696
795550121.512696
795550121.512696
795550121.512696
795550121.512696
795550121.512696
795550121.512696
795550121.512696
795605125.230133
795630956.428556
794914434.398255
794914434.398255
794914434.398255
794914434.398255
795126298.263383
794866129.093213
794917234.651219
794917234.651219
795300298.045033
795377853.973605
795377853.973605
795673086.548131
795673086.548131
795823874.602152
795823874.602152
795823874.602152
795823874.602152
795823874.602152
795823874.602152
795823874.602152
795823874.602152
795823874.602152
795620769.429226
795286056.383623
795286056.383623
795286056.383623
795286056.383623
795286056.383623
795286056.383623
795286056.383623
795286056.383623
795038998.948158
794949415.199298
794718375.884247
794718375.884247
794718375.884247
794718375.884247
794989715.80076
794989715.80076
794867154.776736
795001818.03647
795164315.673501
795164315.673501
795316952.607193
795316952.607193
795316952.607193
795316952.607193
795316952.607193
795316952.607193
794627219.510673
794627219.510673
794627219.510673
794627219.510673
795056148.661354
795056148.661354
794823334.312683
794823334.312683
795013321.711364
795387316.422882
795387316.422882
795387316.422882
794926781.934196
794926781.934196
794926781.934196
795063075.515045
795063075.515045
795157754.182438
795663103.714716
795663103.714716
795469400.357322
795041221.686722
795041221.686722
795041221.686722
795041221.686722
795041221.686722
795041221.686722
795041221.686722
795041221.686722
795050633.62977
795012110.020868
795012110.020868
795012110.020868
795269904.233102
795269904.233102
795269904.233102
795179494.576061
795041719.034892
795140343.431587
795140343.431587
795140343.431587
795140343.431587
795140343.431587
795140343.431587
795140343.431587
795140343.431587
795140343.431587
795140343.431587
795472103.849636
795440923.001797
795440923.001797
795420706.553494
795420706.553494
795420706.553494
795150308.386885
795150308.386885
795150308.386885
795150308.386885
795347410.523094
795347410.523094
795347410.523094
795347410.523094
795676620.201288
795532489.962271
795532489.962271
795532489.962271
794787454.47728
794648553.706471
794648553.706471
794648553.706471
794648553.706471
794648553.706471
794648553.706471
794825916.456693
794613421.112064
794946903.916197
794946903.916197
794946903.916197
795102049.163409
795102049.163409
795102049.163409
795102049.163409
794976058.866383
794908095.445436
794908095.445436
794908095.445436
794959899.069073
794546072.192198
794546072.192198
795146059.751193
795376931.259963
795376931.259963
795376931.259963
795030781.84862
795030781.84862
794703172.607613
794496525.766007
794843938.069919
794843938.069919
794843938.069919
794843938.069919
794926404.397864
794854307.766746
795204682.227399
795204682.227399
795503615.358665
795503615.358665
795503615.358665
795503615.358665
795167688.887506
795167688.887506
795167688.887506
795167688.887506
795167688.887506
794580903.180626
794580903.180626
794851875.516387
794851875.516387
795337785.221924
794770335.493694
794770335.493694
794982626.407092
794982626.407092
794982626.407092
795560629.017532
795560629.017532
795560629.017532
795560629.017532
795560629.017532
795560629.017532
795287731.783013
795287731.783013
795287731.783013
795180167.561992
795499458.095688
795499458.095688
795499458.095688
795539782.184772
795379834.742121
795379834.742121
795379834.742121
795379834.742121
795368557.473715
795741318.60048
795741318.60048
795362856.866647
795039122.878973
795466186.028643
795466186.028643
795466186.028643
795466186.028643
795466186.028643
795466186.028643
795466186.028643
795466186.028643
795271402.409848
795271402.409848
795271402.409848
795271402.409848
795132868.356456
794988489.014442
794988489.014442
794988489.014442
794988489.014442
794988489.014442
794676058.933535
794633028.798895
795205625.602909
795205625.602909
795392040.10685
795392040.10685
795590804.466346
795424113.942095
795250867.180991
795250867.180991
795110135.191876
795110135.191876
795104167.619085
795494180.683123
795199570.57683
795199570.57683
795199570.57683
795199570.57683
795199570.57683
795199570.57683
794928309.905247
795021485.882639
795021485.882639
795021485.882639
794992922.607253
794919423.013359
794919423.013359
794919423.013359
794793648.383701
794793648.383701
794793648.383701
794793648.383701
794810748.572082
794810748.572082
794944854.096405
795508203.211729
795387801.250294
794928575.810869
794779744.836712
794779744.836712
794779744.836712
794779744.836712
794779744.836712
795010595.754668
795010595.754668
795010595.754668
795233291.863627
795553948.545345
795325591.906804
795153878.683724
794853046.901602
794853046.901602
795373277.783762
795772380.292267
795697856.029214
795271341.948563
795271341.948563
795271341.948563
795271341.948563
795271341.948563
795271341.948563
795271341.948563
794972564.547409
794972564.547409
795206116.466607
795206116.466607
795548306.772116
795548306.772116
795548306.772116
795548306.772116
795489895.345662
795489895.345662
795399424.728292
795399424.728292
795399424.728292
795399424.728292
795502381.806929
795008939.569828
795420357.859955
795420357.859955
795420357.859955
795420357.859955
795130131.573685
795130131.573685
795123239.966323
795123239.966323
795123239.966323
795321239.612038
795321239.612038
795321239.612038
795321239.612038
795229419.634322
795440409.711734
795440409.711734
795491251.548525
795491251.548525
795491251.548525
795491251.548525
795035988.314867
795035988.314867
795035988.314867
795159744.587788
795749134.662539
795867583.824124
795867583.824124
795592095.762592
795592095.762592
795592095.762592
795518818.418187
795518818.418187
795518818.418187
795518818.418187
795227398.674241
795227398.674241
795227398.674241
795227398.674241
795227398.674241
795227398.674241
795227398.674241
795227398.674241
795106003.9725
795106003.9725
795106003.9725
794968256.592976
795136124.835777
795446149.43797
795446149.43797
795446149.43797
795239578.629127
795239578.629127
795239578.629127
795662592.250841
795662592.250841
795662592.250841
794880010.999221
794880010.999221
794880010.999221
795100314.019654
795100314.019654
795100314.019654
795100314.019654
795100314.019654
795267134.65522
795267134.65522
795267134.65522
795478692.482016
795478692.482016
795478692.482016
795813662.134103
795046463.018937
795046463.018937
795046463.018937
795046463.018937
795294948.511423
795294948.511423
795398046.011315
795398046.011315
795662156.253045
795662156.253045
795564795.921011
795383506.573496
795383506.573496
795383506.573496
795383506.573496
795711413.34977
795711413.34977
795711413.34977
795711413.34977
795592128.47288
795592128.47288
795592128.47288
795592128.47288
795426837.430857
795426837.430857
795241744.936578
795241744.936578
795202798.700471
795300721.744844
795300721.744844
795300721.744844
795300721.744844
795300721.744844
795575921.291904
795246392.393432
794708866.727127
794708866.727127
794708866.727127
794708866.727127
794659184.877637
794643363.632544
794643363.632544
794377248.105394
794454024.052058
794161430.27493
794505874.823349
794539931.200224
794620002.485246
794620002.485246
794620002.485246
795190069.567329
795190069.567329
795190069.567329
795190069.567329
794952578.606
795581475.425776
794973255.500395
794973255.500395
794973255.500395
794973255.500395
794973255.500395
794973255.500395
794973255.500395
794933568.936755
794808445.775434
794808445.775434
795990606.911389
795228092.587263
795228092.587263
794905395.993697
795002946.841796
795002946.841796
795002946.841796
795002946.841796
795002946.841796
795002946.841796
795002946.841796
794984747.221338
795267351.469053
795186230.662421
795186230.662421
795841274.098335
795841274.098335
795858953.518568
795858953.518568
795034761.817712
795637400.524526
795927782.539208
795927782.539208
795927782.539208
794858744.483769
794858744.483769
794793013.339478
794793013.339478
794793013.339478
795080859.277081
795080859.277081
795455446.214202
795455446.214202
795143442.34818
795166253.364239
795327069.0138
795325952.493209
795325952.493209
795325952.493209
794930338.613104
794930338.613104
794930338.613104
794710050.415254
794710050.415254
795585057.671358
795585057.671358
795241495.290951
795326857.760106
795326857.760106
795190300.051091
795190300.051091
795436943.294729
795436943.294729
794926138.823429
794926138.823429
795037431.275814
795037431.275814
795037431.275814
795037431.275814
795037431.275814
794978803.302228
795105704.164616
795105704.164616
795105704.164616
795672778.786716
795672778.786716
795273836.891991
795273836.891991
795273836.891991
795833627.122272
795768059.25007
795768059.25007
795915705.263159
795915705.263159
795915705.263159
795211349.299768
795211349.299768
795217991.617858
794789738.392209
794789738.392209
794958313.093246
794958313.093246
794958313.093246
794958313.093246
794958313.093246
794958313.093246
794958313.093246
794838671.286858
794838671.286858
794838671.286858
794838671.286858
794838671.286858
794838671.286858
794838671.286858
795008479.358274
794861978.443577
795433478.18949
795433478.18949
795433478.18949
795433478.18949
795524003.434534
795524003.434534
795524003.434534
795197338.933319
795197338.933319
795197338.933319
795416739.845007
795416739.845007
795416739.845007
794634240.725824
794634240.725824
794634240.725824
794634240.725824
794792260.564287
794792260.564287
795018279.472319
795018279.472319
795018279.472319
795018279.472319
795018279.472319
795018279.472319
795018279.472319
795018279.472319
795018279.472319
794925918.369453
794925918.369453
794925918.369453
794925918.369453
794925918.369453
795287961.289521
795175981.166266
795175981.166266
795175981.166266
795009103.924422
795032437.601237
795043582.633332
795043582.633332
795909687.02989
795909687.02989
795215303.311066
795215303.311066
795215303.311066
795215303.311066
795045804.838961
795045804.838961
795045804.838961
795225850.424994
795229319.313792
795229319.313792
795229319.313792
795194765.590906
795194765.590906
795194765.590906
795411255.79391
795411255.79391
795411255.79391
795411255.79391
795135681.310771
795135681.310771
794956045.622762
794891815.893316
794891815.893316
794891815.893316
794891815.893316
795115055.673334
795097582.043932
795097582.043932
795097582.043932
795795055.554078
795070149.143781
795070149.143781
795070149.143781
795124934.781384
795216867.332636
795444689.145502
794655864.359487
794749411.967884
794749411.967884
794578693.742256
794578693.742256
794578693.742256
794601271.089524
794686027.183748
794686027.183748
794686027.183748
794822245.69477
794822245.69477
795371877.606966
795497542.754454
795507256.500809
795889418.946426
795889418.946426
795259446.525383
795418667.650418
795240090.725822
795240090.725822
795228790.900569
795283130.171167
795283130.171167
795284882.946003
795284882.946003
795284882.946003
795352615.687679
795352615.687679
795051607.53429
795051607.53429
795051607.53429
795051607.53429
795051607.53429
795051607.53429
795146909.404212
795146909.404212
795072174.153736
795072174.153736
795072174.153736
795275138.911696
795275138.911696
795250570.433713
795250570.433713
795250570.433713
795250570.433713
795250570.433713
795250570.433713
795250570.433713
795226605.293055
795226605.293055
795226605.293055
795281849.484606
795281849.484606
795326996.388514
795326996.388514
795195902.595911
795195902.595911
795195902.595911
795195902.595911
795195902.595911
795123512.972624
795121416.645038
795121416.645038
795121416.645038
795121416.645038
795121416.645038
795121416.645038
795121416.645038
795121416.645038
795450674.290078
795450674.290078
795450674.290078
794898357.197373
794898357.197373
795488040.458046
795488040.458046
795488040.458046
795799671.232731
795128546.821582
795156772.379149
794953219.698467
795202537.370096
794924066.527889
794924066.527889
794924066.527889
795127780.503934
795308663.50408
795119930.166896
795297683.739055
795297683.739055
795297683.739055
795297683.739055
795297683.739055
795278231.097705
795456181.931025
794964407.892673
795508607.503744
795373189.038684
795399336.408671
795399336.408671
795696960.323065
795696960.323065
795743505.051847
795743505.051847
794872802.141301
794872802.141301
794872802.141301
794948867.863835
794948867.863835
794948867.863835
794948867.863835
794948867.863835
794948867.863835
794725148.911893
794468560.142495
794468560.142495
794843703.019736
794838436.979658
794838436.979658
794838436.979658
794838436.979658
794838436.979658
794838436.979658
795151888.746683
795151888.746683
795151888.746683
795092162.316111
795092162.316111
795092162.316111
794859567.581012
794859567.581012
794859567.581012
794740622.1249
794740622.1249
794740622.1249
795080520.465696
795080520.465696
795143686.618734
795143686.618734
795143686.618734
795405878.841028
795405878.841028
795758151.628333
795758151.628333
795758151.628333
795823978.514193
795387062.464213
795889191.155247
795889191.155247
795395844.309787
795555001.940175
795555001.940175
795387172.579433
795387172.579433
795387172.579433
795387172.579433
794982566.001716
794982566.001716
794982566.001716
795175834.493772
795048839.46103
795539538.104006
795539538.104006
795539538.104006
795539538.104006
795539538.104006
795004262.126602
795004262.126602
795004262.126602
795531654.022238
795531654.022238
795531654.022238
795389867.800069
795389867.800069
795389867.800069
795389867.800069
795247653.012565
795317437.642085
795005581.567381
795065720.409614
795486025.322296
795486025.322296
795375152.736558
794757159.553867
794757159.553867
794757159.553867
794757159.553867
794757159.553867
794757159.553867
794926220.808873
795404047.72488
795251778.177245
795251778.177245
795332823.829924
795332823.829924
795332823.829924
795001972.461676
795001972.461676
795525385.374514
795525385.374514
795231832.407754
795241832.681633
794960926.15587
795420930.580833
795378866.523246
795378866.523246
795275410.173705
795275410.173705
795275410.173705
795390458.914813
795390458.914813
794641488.001248
794641488.001248
794641488.001248
795492638.955146
795492638.955146
795609741.977087
795104024.977186
795229034.770161
795004920.627361
795247234.973546
795247234.973546
795247234.973546
795248574.111778
795248574.111778
795248574.111778
795248574.111778
795303532.757426
795394799.093301
795394799.093301
795394799.093301
794958848.589316
794958848.589316
794958848.589316
795360321.960863
795130426.797549
795130426.797549
795130426.797549
795130426.797549
795015438.087669
795015438.087669
795010544.350125
795010544.350125
795068370.08828
795068370.08828
794851501.424538
794851501.424538
794832437.48945
794832437.48945
795113882.197905
795113882.197905
795113882.197905
794964883.426663
794964883.426663
794964883.426663
794964883.426663
795412833.815792
795177954.032243
795433540.238503
795433540.238503
795433540.238503
795484404.17513
795484404.17513
795484404.17513
795484404.17513
795480347.243012
794796904.642929
794796904.642929
794796904.642929
794796904.642929
794796904.642929
794796904.642929
794668971.7447
794668971.7447
794781146.738772
794781146.738772
794781146.738772
795491952.426112
795309173.647515
795309173.647515
795309173.647515
795309173.647515
794950177.316355
794950177.316355
794950177.316355
794950177.316355
794950177.316355
795130658.212067
795130658.212067
795130658.212067
795130658.212067
795130658.212067
795193587.625747
795193587.625747
795193587.625747
795193587.625747
795193587.625747
795193587.625747
794909865.21373
794759846.219506
794759846.219506
794759846.219506
794977692.409379
794977692.409379
794977692.409379
794977692.409379
794977692.409379
794977692.409379
794970275.357055
795131191.51259
795131191.51259
795131191.51259
794935710.427357
794935710.427357
794935710.427357
795031192.953594
795031192.953594
795240543.473987
795240543.473987
795240543.473987
795240543.473987
795240543.473987
795240543.473987
795264828.365153
795264828.365153
795264828.365153
795449885.291229
795342140.752523
795342140.752523
795342140.752523
795342140.752523
795342140.752523
795097690.171872
795138955.263499
795138955.263499
795138955.263499
795138955.263499
795130592.088234
795130592.088234
795130592.088234
795130592.088234
794791116.173283
794791116.173283
794791116.173283
794791116.173283
795273448.067786
795273448.067786
795273448.067786
795273448.067786
795198431.566199
795198431.566199
795198431.566199
795213035.422546
795663088.076982
795719476.366383
795719476.366383
795505225.855426
795505225.855426
795505225.855426
795505225.855426
795505225.855426
795420105.402182
795420105.402182
795321864.923104
795321864.923104
795108520.442704
795108520.442704
795255945.179217
795255945.179217
795255945.179217
795032094.760702
795032094.760702
794872091.024464
795221782.027322
794970889.092309
795248807.684761
795248807.684761
795248807.684761
795313442.230285
795313442.230285
795270264.770203
795270264.770203
795505065.320134
795505065.320134
795505065.320134
795505065.320134
795505065.320134
795505065.320134
795505065.320134
795505065.320134
795505065.320134
795505065.320134
794973065.29699
794973065.29699
794671407.056985
794671407.056985
794671407.056985
794671407.056985
794671407.056985
794682088.733374
794682088.733374
794682088.733374
794682088.733374
794682088.733374
794682088.733374
794646561.051837
794994573.273045
795108867.583927
795483296.014484
795483296.014484
795483296.014484
795199602.206535
795199602.206535
795199602.206535
795199602.206535
795104506.282956
795104506.282956
795108859.848897
795108859.848897
795500673.155972
795137364.961262
794953503.713633
794321790.002537
794321790.002537
794321790.002537
794321790.002537
794207052.530377
794207052.530377
794207052.530377
794207052.530377
794207052.530377
794453709.860636
794453709.860636
794453709.860636
794687211.927492
794830458.950598
794830458.950598
794830458.950598
794830458.950598
794830458.950598
794830458.950598
794830458.950598
794830458.950598
794830458.950598
794770241.35905
795441212.702819
795195255.502927
795195255.502927
795195255.502927
795568775.642443
795289436.414001
795289436.414001
795289436.414001
795289436.414001
795289436.414001
795289436.414001
795289436.414001
795289436.414001
795289436.414001
795289436.414001
795289436.414001
795403590.265428
795284524.391029
795216990.084944
795216990.084944
795009869.568662
795009869.568662
795009869.568662
795009869.568662
794952683.605202
794952683.605202
794927171.287863
794927171.287863
794927171.287863
794910748.022423
795194118.637984
795194118.637984
795103580.923361
795103580.923361
795103580.923361
795354944.738303
795694892.592431
795723105.881665
795723105.881665
795502618.459522
795456893.727977
795456893.727977
795238663.355632
795406752.456484
795478459.685679
795470506.849227
795470506.849227
795470506.849227
795470506.849227
795470506.849227
795470506.849227
795470506.849227
795264472.030868
795264472.030868
795402982.584932
795093427.322337
794921274.894318
795335740.294818
795335740.294818
795813672.306892
795813672.306892
795510404.253882
795510404.253882
795531870.131776
795497639.226556
795497639.226556
795497639.226556
795497639.226556
795497639.226556
795497639.226556
795497639.226556
795497639.226556
795497639.226556
795497639.226556
795497639.226556
795609609.340926
795609609.340926
795795412.653987
795795412.653987
795795412.653987
795795412.653987
795556451.956031
795556451.956031
795556451.956031
795556451.956031
795556451.956031
795309078.202721
795309078.202721
795309078.202721
794922118.112125
794922118.112125
794922118.112125
794922118.112125
794922118.112125
794922118.112125
794922118.112125
794922118.112125
794922118.112125
794934386.292842
795027961.275091
794865257.709656
794865257.709656
795121768.332505
795050164.187468
795050164.187468
795050164.187468
795542400.995976
795542400.995976
795212650.522518
795212650.522518
795212650.522518
795656939.132468
794872409.254872
794872409.254872
794872409.254872
794872409.254872
794792029.316619
794979670.528972
794979670.528972
794979670.528972
795434639.732321
795434639.732321
795434639.732321
795358493.784542
795358493.784542
795358493.784542
795333981.207551
795333981.207551
795333981.207551
795444403.949559
795444403.949559
795444403.949559
795444403.949559
795444403.949559
795444403.949559
795403980.630857
795403980.630857
795403980.630857
794885750.391691
795540729.962514
795540729.962514
795540729.962514
795504738.287714
795504738.287714
795582173.432694
795582173.432694
795582173.432694
795582173.432694
795632041.977325
795299451.20331
795342286.881145
795422543.260476
795422543.260476
794889646.036312
794579671.915535
794579671.915535
794579671.915535
794579671.915535
794579671.915535
795046562.896323
795046562.896323
795046562.896323
795355151.271181
795355151.271181
795355151.271181
795355151.271181
794557636.8558
794557636.8558
794717451.900884
794717451.900884
794529893.116526
794529893.116526
794543472.083966
794543472.083966
795155077.768609
795079153.878102
795079153.878102
795079153.878102
794999571.622917
794764052.779051
794764052.779051
794764052.779051
794764052.779051
795106342.096053
795106342.096053
794895798.579488
794856295.027083
794856295.027083
794856295.027083
794856295.027083
795424265.669125
795424265.669125
795424265.669125
795309059.308272
794803430.884998
794803430.884998
795156448.77574
795156448.77574
795156448.77574
795251908.162555
795251908.162555
795251908.162555
795251908.162555
795359058.310393
795226048.456299
795226048.456299
795226048.456299
795226048.456299
795226048.456299
795226048.456299
795226048.456299
795539953.493683
795101437.278715
795101437.278715
795101437.278715
795101437.278715
795101437.278715
795042795.819398
795042795.819398
795042795.819398
795042795.819398
795042795.819398
795042795.819398
795042795.819398
795055104.950848
794977697.673748
794977697.673748
794977697.673748
794977697.673748
795014550.835907
794925307.441172
794925307.441172
794925307.441172
794925307.441172
794925307.441172
794727399.226497
794727399.226497
794727399.226497
794727399.226497
794727399.226497
795448741.996625
795550233.789954
795198610.329093
795198610.329093
795198610.329093
795198610.329093
795198610.329093
795198610.329093
795198610.329093
795072165.776057
795072165.776057
795243109.230882
795060298.38002
795060298.38002
795060298.38002
795060298.38002
795060298.38002
795060298.38002
795060298.38002
795060298.38002
795060298.38002
795060298.38002
795379283.210894
795117728.802572
795050847.061801
795050847.061801
794968158.851125
795074046.291327
795074046.291327
795074046.291327
795074046.291327
795074046.291327
795170932.461185
795170932.461185
795344195.203831
795344195.203831
795344195.203831
795344195.203831
795344195.203831
795344195.203831
795344195.203831
795344195.203831
795344195.203831
795399496.241541
795399496.241541
795339748.926709
795339748.926709
794925748.054703
794925748.054703
795004310.705659
795004310.705659
795004310.705659
795004310.705659
795004310.705659
795004310.705659
795004310.705659
794934290.695778
794934290.695778
794934290.695778
794934290.695778
794934290.695778
794789459.569578
794789459.569578
794789459.569578
794977903.239337
794977903.239337
794977903.239337
795375513.341113
795375513.341113
795375513.341113
795288037.920508
795288037.920508
794804929.269763
794484615.718041
794484615.718041
794585673.839053
794585673.839053
794585673.839053
794585673.839053
794585673.839053
794934662.204344
794934662.204344
795472513.57329
795472513.57329
795472513.57329
795472513.57329
795255283.114901
795255283.114901
795255283.114901
795498245.299028
795723911.326841
795723911.326841
795723911.326841
795723911.326841
795723911.326841
795457797.25712
795457797.25712
795457797.25712
795439803.768984
795031317.223442
795674615.056684
795539552.93594
795209810.391105
795037048.014818
795333687.351494
795080175.502662
795080175.502662
795080175.502662
795080175.502662
795080175.502662
795080175.502662
795080175.502662
794763030.164256
794763030.164256
794763030.164256
794677139.77803
794677139.77803
794677139.77803
794677139.77803
794810959.245812
795179287.783485
795238426.884359
795226759.346381
795226759.346381
795040417.210485
795617539.106481
795617539.106481
794963285.921351
795000104.410976
795588156.904936
795588156.904936
795588156.904936
795588156.904936
795588156.904936
795588156.904936
795588156.904936
795588156.904936
795588156.904936
795033277.903452
795575846.667539
795575846.667539
795575846.667539
795575846.667539
795575846.667539
795575846.667539
795575846.667539
795575846.667539
795575846.667539
795411661.743186
795290695.195043
795290695.195043
795290695.195043
795290695.195043
795371428.160171
795371428.160171
795371428.160171
795336367.439419
795732490.945892
795006563.682605
794759011.314565
794763879.248637
794763879.248637
794763879.248637
795533549.35768
795533549.35768
795533549.35768
795533549.35768
795533549.35768
795533549.35768
795533549.35768
795533549.35768
795067644.074005
794809268.007372
794809268.007372
794809268.007372
794809268.007372
795005817.867942
795005817.867942
794635452.441236
794635452.441236
794635452.441236
794635452.441236
794692103.967332
794692103.967332
795023125.860843
795023125.860843
795023125.860843
795099063.857345
795263435.584057
795546486.256872
794429298.077839
794652197.357066
794932520.066884
794578882.475137
794578882.475137
794578882.475137
794578882.475137
794578882.475137
794578882.475137
794578882.475137
795118887.783396
795118887.783396
795118887.783396
795118887.783396
795622555.51515
795360263.923323
795436520.615898
795370364.618633
795370364.618633
795370364.618633
795262374.295022
795150694.114252
795150694.114252
794947757.351937
795255738.991245
795255738.991245
795033564.835074
795033564.835074
794902882.036286
795255859.891836
795255859.891836
795255859.891836
795255859.891836
795169787.452775
795169787.452775
795169787.452775
795169787.452775
795185552.425479
795764759.626691
795764759.626691
795764759.626691
795764759.626691
795307099.475224
795307099.475224
795307099.475224
795307099.475224
795307099.475224
795357137.15604
795068795.060102
795068795.060102
794904604.352086
794904604.352086
795062557.205598
795062557.205598
795062557.205598
795220535.578114
795220535.578114
795219552.987305
795219552.987305
795219552.987305
795337566.299687
795294417.483709
795262705.326925
794725556.511887
794725556.511887
794623754.16914
794623754.16914
794623754.16914
794623754.16914
794623754.16914
795320637.134945
795156547.976654
795124412.931322
795155298.208724
795158330.582359
794968515.793876
794968515.793876
794968515.793876
795198320.865565
795198320.865565
795244769.221084
795244769.221084
795244769.221084
795025659.47772
795025659.47772
795025659.47772
795025659.47772
795232109.164276
795232109.164276
795232259.46453
795232259.46453
795232259.46453
795232259.46453
795232259.46453
795267146.364321
795267146.364321
794749174.695073
794749174.695073
794718421.562732
794748903.42337
794748903.42337
795286905.32372
795286905.32372
795484297.402153
795149131.828506
795149131.828506
794951529.881658
794951529.881658
794951529.881658
794904839.169821
795344539.107407
795344539.107407
795173792.328606
795173792.328606
795395109.020292
795113004.336639
794849953.556974
794849953.556974
795343853.781027
795343853.781027
795343853.781027
795255429.294164
795255429.294164
795297683.998817
795297683.998817
795297683.998817
795297683.998817
795297683.998817
795276115.31948
795388015.481181
795462980.025152
795462980.025152
795462980.025152
795462980.025152
795462980.025152
795462980.025152
795462980.025152
795288792.339141
795288792.339141
795288792.339141
795383386.572427
795301783.220766
795301783.220766
795301783.220766
795301783.220766
795301783.220766
794873108.701419
795192645.602778
795192645.602778
795268791.041186
795213744.308514
795104544.401847
795104544.401847
795104544.401847
795118853.488889
795067432.250585
795067432.250585
794827339.36587
794827339.36587
795160934.299623
795719716.949725
795551454.821701
795551454.821701
795551454.821701
795298783.831868
794652886.890285
794652886.890285
794652886.890285
794922855.063262
794922855.063262
795240972.968503
794945649.652756
794820679.672737
794820679.672737
794846478.76318
794846478.76318
794846478.76318
795205096.606741
795205096.606741
795205096.606741
795205096.606741
795224200.616087
795232524.093758
795232524.093758
795145741.777436
795145741.777436
795040733.038193
794951916.309247
795362950.085111
795362950.085111
795362950.085111
795362950.085111
795362950.085111
795362950.085111
795392697.043138
795395347.691599
795395347.691599
795077882.258057
795077882.258057
795077882.258057
795077882.258057
795077882.258057
795077882.258057
795077882.258057
795077882.258057
795077882.258057
795077882.258057
795003246.107804
795003246.107804
795003246.107804
795190252.708747
795190252.708747
794780325.476678
794780325.476678
795148769.210838
795148769.210838
795148769.210838
795148769.210838
795148769.210838
794950520.870452
795447142.319722
795447142.319722
795447142.319722
795543652.607456
795543652.607456
795543652.607456
795108501.588652
795202056.706854
795162181.924547
795162181.924547
795525247.291512
795525247.291512
795813266.626174
795362999.58013
795268327.641586
795268327.641586
795268327.641586
794938760.867005
794938760.867005
794726322.868156
794726322.868156
794844886.088046
794973214.436571
794973214.436571
794973214.436571
794892302.104441
794951666.267545
794951666.267545
794951666.267545
794951666.267545
794905475.686111
794905475.686111
794905475.686111
795227607.468837
794501600.742094
794501600.742094
794875718.600731
794875718.600731
794875718.600731
794875718.600731
795158085.666563
795158085.666563
795158085.666563
795349962.749765
795275390.129143
795275390.129143
795275390.129143
795337468.481926
795337468.481926
795337468.481926
795337468.481926
795337468.481926
795337468.481926
795337468.481926
795543507.945128
795255767.318444
795255767.318444
795255767.318444
795419787.239157
795419787.239157
795334848.41823
795214048.461117
795362914.56164
795362914.56164
794701364.849162
794701364.849162
794434906.132351
794434906.132351
794434906.132351
794434906.132351
794434906.132351
794434906.132351
794347063.453619
794347063.453619
794413872.000483
794413872.000483
794413872.000483
794413872.000483
794413872.000483
795062666.459502
794850772.39353
794448510.38394
794448510.38394
794448510.38394
794448510.38394
794448510.38394
795197392.049301
795197392.049301
795197392.049301
795279040.057162
795101817.461564
795101817.461564
795101817.461564
794901893.804219
795135191.589019
795135191.589019
795318939.618449
795318939.618449
795318939.618449
795293526.745874
795293526.745874
795293526.745874
795293526.745874
795499185.83246
795499185.83246
795499185.83246
795497413.895494
795497413.895494
795497413.895494
795497413.895494
795497413.895494
795497413.895494
795497413.895494
795596229.233828
795596229.233828
795343874.486915
795343874.486915
795244508.721804
794845329.613844
794845329.613844
794516782.923424
794516782.923424
794516782.923424
794516782.923424
794516782.923424
795013800.836058
795299052.660792
795299052.660792
795299052.660792
795299052.660792
795299052.660792
795299052.660792
795299052.660792
795299052.660792
795344433.656951
795344433.656951
794972835.15073
795034553.181358
795034553.181358
795267295.11862
795267295.11862
795267295.11862
795267295.11862
795267295.11862
795719073.134651
795063040.460521
795499697.137174
795515334.720266
795515334.720266
795371832.013424
795371832.013424
795371832.013424
795040293.954859
795040293.954859
795116780.729162
795116780.729162
795605720.127457
795605720.127457
795249047.401614
795180272.570174
795245815.38508
795245815.38508
795245815.38508
795379145.498741
795379145.498741
795379145.498741
795735027.946263
795735027.946263
795735027.946263
795531366.083755
795172110.144674
795172110.144674
795172110.144674
795172110.144674
795172110.144674
795172110.144674
796074011.011491
796074011.011491
795376809.557511
795376809.557511
795376809.557511
795376809.557511
795603912.708123
795603912.708123
795603912.708123
795603912.708123
795374470.573524
795163671.930603
795163671.930603
795163671.930603
795163671.930603
795163671.930603
794929351.73712
794683272.2281
794834850.024084
794834850.024084
794834850.024084
794834850.024084
794834850.024084
794834850.024084
794834850.024084
795111842.863015
795111842.863015
795111842.863015
795114780.219553
795594950.372323
795594950.372323
795594950.372323
795594950.372323
795413032.114447
795413032.114447
795413032.114447
795362529.920965
795362529.920965
795068357.403018
794989833.467602
794989833.467602
794989833.467602
794989833.467602
794989833.467602
794989833.467602
794989833.467602
795196266.194159
795196266.194159
795196266.194159
794970109.327658
795218693.738936
795218693.738936
795218693.738936
795218693.738936
795218693.738936
795218693.738936
795218693.738936
795013458.592778
795013458.592778
795079981.207197
795033864.063189
795102271.383435
795116426.206502
795116426.206502
794762078.376109
794762078.376109
794762078.376109
794762078.376109
794620848.824236
794620848.824236
794620848.824236
794620848.824236
794620848.824236
795060930.260198
795060930.260198
795202309.287364
795202309.287364
795438735.815748
795438735.815748
795438735.815748
795438735.815748
795438735.815748
795438735.815748
795559274.631524
794949077.794678
794949077.794678
794949077.794678
794949077.794678
794949077.794678
794871290.105812
794833726.684188
794833726.684188
794833726.684188
794916693.025204
794916693.025204
794916693.025204
794916693.025204
794916693.025204
795472367.044113
795134890.214644
794678319.420508
794698333.184946
794698333.184946
794698333.184946
794698333.184946
794698333.184946
794698333.184946
794434311.780671
794434311.780671
794941068.6788
794719131.473276
795130988.264852
795130988.264852
795130988.264852
795270509.514292
795301707.939601
795148383.664733
795148383.664733
795148383.664733
795148383.664733
795136811.30311
795736538.524721
795442232.557
795442232.557
795486544.496716
795486544.496716
795486544.496716
795486544.496716
795486544.496716
795486544.496716
795486544.496716
795486544.496716
794764936.815842
794924073.621785
794924073.621785
795021817.548291
795021817.548291
794927542.113084
794962839.983336
794962839.983336
794962839.983336
794525874.815248
794525874.815248
794525874.815248
794525874.815248
794525874.815248
794876266.372842
794876266.372842
794876266.372842
794876266.372842
795763951.924601
795763951.924601
795763951.924601
795763951.924601
795763951.924601
795763951.924601
795763951.924601
795763951.924601
795641666.62256
795641666.62256
795435479.051493
795435479.051493
794745736.43122
794854567.556647
794740709.479072
795277592.727504
795784938.485637
795784938.485637
795192177.048574
795192177.048574
795192177.048574
794940403.214501
795072276.671036
795072276.671036
795072276.671036
795072276.671036
795235796.312269
795235796.312269
795235796.312269
795235796.312269
795398946.595374
795398946.595374
795026835.911049
795026835.911049
794797718.858945
794797718.858945
795143088.235625
795227316.841664
795227316.841664
795227316.841664
795227316.841664
795375769.845409
795355707.642363
794645385.440311
795144004.707642
795198289.951706
795198289.951706
795198289.951706
795155706.934474
795155706.934474
795285062.185169
794858558.772489
795183484.462416
795183484.462416
795183484.462416
795175935.780258
795175935.780258
795175935.780258
795175935.780258
795175935.780258
795175935.780258
795708107.241657
795105153.041749
795105153.041749
795552780.635525
795552780.635525
795552780.635525
795569170.729301
795569170.729301
795569170.729301
795243104.285983
795243104.285983
795243104.285983
795243104.285983
794971879.097618
794971879.097618
794990947.788854
794990947.788854
795360706.782659
795413800.745798
795398960.536752
795398960.536752
795298179.725501
795253697.742376
795289241.687004
795446263.997796
795446263.997796
795446263.997796
794865945.384868
794865945.384868
795366419.771565
795635209.477199
794917380.911553
794917380.911553
794917380.911553
794917380.911553
794917380.911553
794917380.911553
794917380.911553
795030150.250732
795463584.491717
795463584.491717
795463584.491717
795463584.491717
795463584.491717
795651032.191497
795651032.191497
795651032.191497
795648391.476511
795648391.476511
795648391.476511
795470580.041816
795792169.408205
795792169.408205
794779369.41986
794779369.41986
794779369.41986
794855094.671735
794598470.461421
794598470.461421
794797395.452357
794797395.452357
794797395.452357
794797395.452357
794797395.452357
795091005.061249
795091005.061249
795091005.061249
795091005.061249
795091005.061249
794786504.616311
794828990.828784
795222729.225349
795222729.225349
795222729.225349
795222729.225349
795222729.225349
795222729.225349
795186838.666983
795186838.666983
794974763.340921
794980191.945923
794885505.121362
794885505.121362
794885505.121362
794842897.094529
795034491.816369
794971785.376063
795287854.861529
795287854.861529
795287854.861529
795287854.861529
795020016.664589
795020016.664589
795020016.664589
795020016.664589
795426626.922808
795426626.922808
795560715.352528
795217156.276646
795217156.276646
794925962.855501
794925962.855501
794937278.844443
794937278.844443
794857277.30099
794857277.30099
794897576.125743
794897576.125743
794897576.125743
794894610.337293
794894610.337293
794968359.771286
795063313.82252
795599212.229088
795599212.229088
795456711.315847
795456711.315847
795456711.315847
795456711.315847
795007471.449912
795007471.449912
795007471.449912
795007471.449912
795166287.847319
795166287.847319
795289174.828287
795289174.828287
795289174.828287
795349734.656797
795349734.656797
795349734.656797
795349734.656797
795349734.656797
795083520.313298
795083520.313298
795083520.313298
795083520.313298
795083520.313298
795083520.313298
795083520.313298
794997648.388364
795734012.685801
795712280.242642
795712280.242642
795712280.242642
795342120.315702
795342120.315702
795342120.315702
795513223.849892
795513223.849892
795513223.849892
795513223.849892
795513223.849892
795513223.849892
794966410.854928
794966410.854928
794966410.854928
795256162.634256
795256162.634256
795256162.634256
795337124.531961
795337124.531961
795337124.531961
795337124.531961
795337124.531961
795337124.531961
795337124.531961
795479077.958547
795479077.958547
795123577.286482
794584607.540394
794584607.540394
794729652.689845
794729652.689845
794722916.971522
794722916.971522
794632202.066287
794632202.066287
794632202.066287
794632202.066287
794632202.066287
794949230.480795
794949230.480795
795494098.557571
795494098.557571
795494098.557571
795494098.557571
795494098.557571
795494098.557571
795494098.557571
795427801.263579
795427801.263579
795427801.263579
795563760.808381
795563760.808381
795563760.808381
795389731.200173
795389731.200173
795515118.994389
795515118.994389
795515118.994389
795515118.994389
795598835.630219
795431547.045136
795431547.045136
795431547.045136
795410202.346285
795410202.346285
795549623.347097
795511572.165271
795511572.165271
795511572.165271
795492510.057591
795492510.057591
795492510.057591
794746389.382862
794746389.382862
794746389.382862
795019896.097878
795019896.097878
795019896.097878
795019896.097878
795019896.097878
795074410.692231
795216098.529009
795500995.719222
795500995.719222
795129885.74083
795129885.74083
795407987.13744
795407987.13744
795407987.13744
795259606.524667
795259606.524667
795259606.524667
795010358.454009
795010358.454009
795010358.454009
794937940.251674
795138790.464749
795185056.427801
795185056.427801
795157090.419137
795157090.419137
795128478.016587
794603631.95541
794603631.95541
794603631.95541
795106622.174249
795106622.174249
795106622.174249
795181738.667818
795181738.667818
795680089.665893
795611042.112573
795611042.112573
795562955.798317
795370900.361589
795377357.560154
795362174.241276
795362174.241276
795135202.056026
795482503.651357
795425187.724975
795425187.724975
795425187.724975
795443189.74831
795849835.048461
795849835.048461
795849835.048461
795849835.048461
795849835.048461
795849835.048461
795849835.048461
795849835.048461
795849835.048461
795849835.048461
795849835.048461
795849835.048461
795849835.048461
795286346.506882
795031237.036007
795081537.599758
795081537.599758
795081537.599758
795081537.599758
795081537.599758
795081537.599758
795081537.599758
794864617.743935
795139939.246564
795085515.885045
795451689.808839
795451689.808839
794975509.443203
794975509.443203
794975509.443203
794999703.680807
794750392.533753
794750392.533753
794791900.344217
794791900.344217
794791900.344217
794791900.344217
794791900.344217
794791900.344217
795228685.739076
795228685.739076
795228685.739076
795228685.739076
795228685.739076
795228685.739076
795228685.739076
795228685.739076
795228685.739076
795228685.739076
795228685.739076
795228685.739076
795228685.739076
795184226.319777
794644239.40669
795240677.424613
795277539.783105
795277539.783105
795277539.783105
795124616.494366
795124616.494366
795124616.494366
795124616.494366
795168768.37892
794671609.646857
795245994.576373
795245994.576373
795120964.164458
795120964.164458
795120964.164458
795164187.634611
795306136.982748
795228245.848449
795227079.265939
795227079.265939
795227079.265939
795227079.265939
795227079.265939
795089406.612769
795178982.667979
795187353.825803
795187353.825803
795187353.825803
795187353.825803
796169853.005589
795574133.518876
795574133.518876
795574133.518876
795574133.518876
795562811.96411
795073108.457066
794654020.230779
795155130.025086
795155130.025086
795155130.025086
795194245.389708
794958193.939491
794802920.822692
794546622.853863
794597792.961439
795148450.357536
795148450.357536
795368858.296648
795368858.296648
795368858.296648
795452951.677239
795452951.677239
795370086.381169
795370086.381169
795370086.381169
795370086.381169
795370086.381169
795322026.567416
795170960.086167
795381368.85736
795381368.85736
795381368.85736
795381368.85736
794671653.788458
794355738.818012
794355738.818012
795345116.913297
795129404.258558
795129404.258558
794878216.740244
794878216.740244
794878216.740244
794878216.740244
794377976.661578
794728191.459686
794790347.665112
794790347.665112
795296002.311082
795134874.442059
795134874.442059
795344238.419726
795344238.419726
795412152.072281
795570267.913156
795570267.913156
795570267.913156
795133211.021646
794946952.379017
794746545.435103
794746545.435103
794746545.435103
794746545.435103
794746545.435103
794746545.435103
794883370.90685
794883370.90685
794889891.722154
794889891.722154
794889891.722154
794889891.722154
795012997.220164
794929526.705788
794929526.705788
794929526.705788
794929526.705788
795224979.355457
795224979.355457
795224979.355457
795224979.355457
795224979.355457
794693008.204487
794693008.204487
794693008.204487
794693008.204487
794862245.024509
794862245.024509
795026412.856652
794968297.319208
795441463.136122
795441463.136122
795116642.46686
795936357.315822
795734407.571977
795734407.571977
795588187.517541
795588187.517541
795434241.139094
795434241.139094
795434241.139094
795434241.139094
795434241.139094
795434241.139094
795434241.139094
795434241.139094
795381903.605015
795381903.605015
795312028.29767
795312028.29767
795196378.393221
795029692.476143
795084495.75393
794756878.747643
794756878.747643
794756878.747643
795013027.868081
794754975.969162
794754975.969162
794754975.969162
794754975.969162
794754975.969162
795259163.712759
795259163.712759
795259163.712759
795259163.712759
794911117.335355
794911117.335355
794911117.335355
794911117.335355
794911117.335355
795217531.891428
795217531.891428
795217531.891428
795217531.891428
794932947.293521
795187598.104408
795522072.323864
795334146.419777
795286496.154775
795343258.210276
795590858.603906
795299714.040907
795299714.040907
795299714.040907
795299714.040907
795299714.040907
795399496.356199
795338677.673256
795338677.673256
795338677.673256
795338677.673256
795338677.673256
795338677.673256
795338677.673256
795276011.057279
795983966.538555
795983966.538555
795310990.003
795033495.027477
795282815.831889
795282815.831889
795282815.831889
795282815.831889
795282815.831889
795282815.831889
795282815.831889
795282815.831889
795282815.831889
795282815.831889
795282815.831889
795282815.831889
795282815.831889
795282815.831889
795038754.719407
795038754.719407
795173148.284281
795173148.284281
795676964.315354
795063199.554559
795063199.554559
794644524.617667
794644524.617667
795297470.732774
795297470.732774
795281511.473376
795281511.473376
795281511.473376
795281511.473376
795281511.473376
795281511.473376
795102636.038477
795102636.038477
795102636.038477
795102636.038477
795102636.038477
795512901.481673
795512901.481673
795512901.481673
795307064.837611
795307064.837611
795307064.837611
795307064.837611
794765221.551837
795304510.552887
795247246.419287
795247246.419287
795247246.419287
795247246.419287
795337920.537886
795755604.160625
795755604.160625
795755604.160625
795256058.275372
795256058.275372
795213482.267178
795213482.267178
795207323.856085
795207323.856085
795207323.856085
795565452.937136
795565452.937136
795565452.937136
795096886.357774
795096886.357774
795105616.602993
795105616.602993
794949906.728433
794949906.728433
794949906.728433
794949906.728433
794912881.188139
794912881.188139
794912881.188139
794892029.603762
795367328.106521
795198351.480681
794659685.99406
794659685.99406
794659685.99406
794659685.99406
794659685.99406
794659685.99406
795194799.715024
794737069.379343
794737069.379343
794737069.379343
795340553.667827
795082308.798836
794802231.57166
794960971.138391
794960971.138391
795427455.706788
795427455.706788
795427455.706788
795511248.821517
795511248.821517
795511248.821517
794601913.277728
794601913.277728
794601913.277728
794601913.277728
794601913.277728
794601913.277728
794601913.277728
794601913.277728
794540744.776806
794540744.776806
794540744.776806
794540744.776806
794447312.31943
795074294.369939
795074294.369939
795074294.369939
795074294.369939
795074294.369939
795074294.369939
795493377.742499
795126105.010812
795126105.010812
795126105.010812
795083066.30328
795083066.30328
795341081.355193
795341081.355193
795341081.355193
795715760.430631
795715760.430631
795715760.430631
795345881.785451
795251053.808081
795251053.808081
795251053.808081
795251053.808081
795167461.430052
795167461.430052
794672254.592859
794672254.592859
794672254.592859
795013983.693773
795013983.693773
795140531.281949
795140531.281949
795305856.629935
795305856.629935
795305856.629935
795305856.629935
795305856.629935
795305856.629935
795305856.629935
795305856.629935
795305856.629935
795305856.629935
795305856.629935
795305856.629935
795533315.369181
795533315.369181
795533315.369181
794705748.471057
794705748.471057
794705748.471057
794705748.471057
794705748.471057
794963322.713343
794963322.713343
794963322.713343
794963322.713343
795232371.50131
795742322.122922
795742322.122922
795742322.122922
795464447.169499
795464447.169499
795464447.169499
795464447.169499
795464447.169499
795464447.169499
795140356.363012
795525555.447085
795525555.447085
794718874.725046
795116178.138505
795116178.138505
795277968.776027
795277968.776027
795453134.618267
795453134.618267
795453134.618267
795501882.944383
795501882.944383
794927607.910708
794877455.428127
795244394.702522
795244394.702522
795244394.702522
795244394.702522
795126822.296342
795449810.44775
795757457.755839
795757457.755839
794622214.461505
794622214.461505
794622214.461505
795146172.30089
794640780.253138
794640780.253138
795031788.792335
795048758.678032
795048758.678032
795048758.678032
795048758.678032
795019430.199193
795019430.199193
795318545.398207
795318545.398207
794999068.718725
794999068.718725
794999068.718725
794999068.718725
794999068.718725
794999068.718725
794999068.718725
794717422.701981
794927050.051879
794927050.051879
795330554.231069
795330554.231069
795332035.404643
795455775.852323
795366188.580811
795366188.580811
794975594.081964
794975594.081964
794975594.081964
794975594.081964
795254828.575462
795254828.575462
795287614.928733
795852787.320452
795447107.581996
795347869.199358
795347869.199358
795347869.199358
795347869.199358
795140719.774176
795231515.106702
795333093.403019
795139637.658057
794885062.339515
795572997.934964
795438717.216391
795497724.023922
795112332.82787
795243915.779593
795243915.779593
795243915.779593
794744622.47333
794744622.47333
794965612.283288
794965612.283288
795406254.296654
795012065.190885
795012065.190885
795012065.190885
794772557.3935
794772557.3935
794772557.3935
794894350.893533
795187770.495287
795187770.495287
795187770.495287
795172469.546875
795172469.546875
795172469.546875
795172469.546875
795172469.546875
795172469.546875
795237852.239575
795390526.185339
795390526.185339
795390526.185339
795390526.185339
795584747.638118
795584747.638118
795291581.865091
794853658.069411
794853658.069411
794988278.345243
794988278.345243
794988278.345243
795520842.527132
795520842.527132
795520842.527132
795520842.527132
795153273.647671
795153273.647671
795153273.647671
795153273.647671
795153273.647671
795153273.647671
795519825.471152
795519825.471152
795519825.471152
795519825.471152
795519825.471152
795519825.471152
795519825.471152
795519825.471152
795519825.471152
795519825.471152
795423369.380143
795423369.380143
795423369.380143
795423369.380143
795423369.380143
795423369.380143
795423369.380143
795423369.380143
795423369.380143
795340800.10142
795340800.10142
795340800.10142
795340800.10142
795340800.10142
795340800.10142
795340800.10142
795340800.10142
795340800.10142
795153600.559242
795153600.559242
795153600.559242
795432032.264423
795284459.302184
795187317.972673
796037850.891528
795117200.373703
795117200.373703
795117200.373703
795117200.373703
795301139.79544
795290636.639505
795290636.639505
795146184.272194
795146184.272194
794633049.399665
794934875.666815
794934875.666815
795155855.377366
795229696.61068
795229696.61068
795229696.61068
795229696.61068
795055458.120611
795055458.120611
795055458.120611
794886726.462781
795085980.575085
795307080.803741
795307080.803741
795307080.803741
795307080.803741
795307080.803741
795059146.655477
795059146.655477
795442558.321016
795442558.321016
795442558.321016
795392742.88257
795625393.427043
795187999.334323
795187999.334323
794877844.238112
794877844.238112
794877844.238112
794877844.238112
795646237.502601
795646237.502601
795429100.854736
795429100.854736
795429100.854736
795429100.854736
795429100.854736
795429100.854736
795429100.854736
795429100.854736
795470887.075682
795470887.075682
795470887.075682
795470887.075682
795264025.161273
795264025.161273
795264025.161273
795264025.161273
795264025.161273
795264025.161273
795264025.161273
795509501.598382
795156343.830044
795255269.332127
795255269.332127
795255269.332127
795059706.793084
794740753.176969
794740753.176969
794740753.176969
794821040.791885
794821040.791885
794821040.791885
794821040.791885
794821040.791885
794821040.791885
794821040.791885
794870766.401875
795461337.55527
795461337.55527
795461337.55527
795286340.568269
795286340.568269
795286340.568269
794682171.828285
794682171.828285
794682171.828285
794682171.828285
795204945.473589
795606293.761211
795606293.761211
795606293.761211
795606293.761211
795004151.959155
794942140.1264
794659740.277761
794876179.730558
794876179.730558
795032098.056036
795234945.44826
795529470.548193
795529470.548193
795529470.548193
794967153.654457
794967153.654457
794967153.654457
795493632.429245
795493632.429245
794987035.944884
794987035.944884
794987035.944884
794987035.944884
794987035.944884
794987035.944884
794987035.944884
795264733.704242
795264733.704242
795082691.005203
795082691.005203
795082691.005203
795147991.794598
795550867.988744
795550867.988744
795717245.900358
795946324.333085
795946324.333085
795946324.333085
795946324.333085
795296582.254241
794764164.454234
794764164.454234
794764164.454234
794764164.454234
794698988.288295
794698988.288295
794983799.654183
795224815.960302
794787193.173246
794787193.173246
795457947.893894
795199819.370789
795205929.19894
795167606.431209
795167606.431209
795233644.157924
795233644.157924
794692719.240488
794692719.240488
794692719.240488
794655042.285905
795103529.290056
795251883.695851
795251883.695851
794940676.349887
794898954.437486
794947603.052883
795065007.66147
795065007.66147
795065007.66147
795065007.66147
795126627.607488
795126627.607488
795285883.771974
795285883.771974
795285883.771974
795285883.771974
795285883.771974
794993943.054946
794993943.054946
794993943.054946
794993943.054946
794993943.054946
794894693.578089
794933253.573443
794933253.573443
794933253.573443
794841286.819944
794841286.819944
795306903.716183
795306903.716183
795455810.174445
795455810.174445
795455810.174445
795455810.174445
795455810.174445
794933672.12114
794933672.12114
794933672.12114
794933672.12114
794905561.10286
794905561.10286
794905561.10286
794905561.10286
794789894.142963
794789894.142963
794639362.49233
794905969.616841
794905969.616841
795309395.062577
795309395.062577
795430077.535899
795407990.351563
795407990.351563
795072118.508417
795247516.72122
795247516.72122
795247516.72122
795455912.119007
795248051.075283
795248051.075283
795248051.075283
795248051.075283
795248051.075283
795248051.075283
795248051.075283
795248051.075283
794831240.030197
794831240.030197
794831240.030197
794831240.030197
794888673.94752
795312749.808489
795039388.309703
795039388.309703
795201208.389849
795693872.708692
795431943.608007
795431943.608007
795431943.608007
795431943.608007
795438427.190565
795137291.329442
795137291.329442
794778675.979493
794778675.979493
795058673.987192
795106315.024776
795106315.024776
795281184.109987
795282473.315215
795424795.024213
795424795.024213
795424795.024213
795265313.855978
795265313.855978
795406637.035622
795406637.035622
795406637.035622
795155515.377783
795155515.377783
795155515.377783
795443425.625223
795590149.354056
795613993.515507
795459350.665554
795448933.036561
795400462.152229
794336471.757306
794441259.446193
794441259.446193
794441259.446193
794662355.965025
794662355.965025
794662355.965025
795431987.569063
795431987.569063
795481370.02223
795481370.02223
795433682.768232
795641878.420398
795641878.420398
795641878.420398
795705041.496567
795067273.924359
795067273.924359
795067273.924359
795013247.850534
794869343.008466
794869343.008466
794869343.008466
794869343.008466
794937048.894262
795001494.458991
795001494.458991
795001494.458991
794959358.226007
794959358.226007
794836228.825565
794836228.825565
794836228.825565
794836228.825565
794836228.825565
794836228.825565
794836228.825565
794836228.825565
795044816.234842
795044816.234842
795044816.234842
795285921.149246
795289338.741963
795242155.707518
795242155.707518
795242155.707518
795242155.707518
795264764.107331
795080911.374723
795080911.374723
795080911.374723
795080911.374723
795150582.800416
795328011.332654
794863738.818019
794891397.056838
794891397.056838
794842284.156942
794842284.156942
794594922.660727
794861231.214729
795272429.177046
795272429.177046
795314926.154399
795314926.154399
795238358.063742
795125392.611855
795164636.343002
795164636.343002
795155342.56735
795155342.56735
795155342.56735
795155342.56735
795155342.56735
795155342.56735
795173006.448271
795173006.448271
795173006.448271
795173006.448271
795173006.448271
795526366.44379
794899244.848512
795693124.295857
795693124.295857
795693124.295857
795693124.295857
795464359.62382
795464359.62382
795464359.62382
795083095.757722
794765390.458941
794634656.266516
794634656.266516
794998566.917997
795095536.595114
795292517.011896
795026456.706598
795028379.631516
795028379.631516
795257211.554672
795257211.554672
795257211.554672
795257211.554672
795257211.554672
795257211.554672
795257211.554672
795257211.554672
795257211.554672
795257211.554672
795257211.554672
795257211.554672
795257211.554672
795257211.554672
794835984.949349
794835984.949349
795114585.627983
795114585.627983
794813188.845372
794813188.845372
794612673.048123
794612673.048123
794612673.048123
794961760.301161
794961760.301161
794835598.480844
794949795.521518
794985939.221424
794985939.221424
794985939.221424
795174426.493267
794656117.310551
795197671.14104
795625780.312729
795643959.154413
795643959.154413
795643959.154413
795661591.448576
795388018.588182
795388018.588182
795374522.311486
795374522.311486
795298654.611602
795298654.611602
795298654.611602
795298654.611602
795298654.611602
794953260.217861
795075847.649918
795004256.36494
794839917.906972
795134405.198675
795130433.428364
795130433.428364
795130433.428364
795285543.368179
794913334.170072
794913334.170072
794913334.170072
794936628.73711
794936628.73711
794936628.73711
794936628.73711
794936628.73711
794936628.73711
794936628.73711
795102939.008037
795102939.008037
795102939.008037
795102939.008037
794783029.75936
795066633.695334
795020587.383659
795020587.383659
795020587.383659
795020587.383659
795147411.444416
795147411.444416
795147411.444416
795279907.218005
794932678.886082
794932678.886082
794932678.886082
794851676.397148
794851676.397148
794851676.397148
794807413.008171
794892399.743707
794895530.153287
794739741.245059
794739741.245059
794739741.245059
794739741.245059
794739741.245059
794739741.245059
795048107.906607
795048107.906607
795048107.906607
795048107.906607
795074183.864967
795074183.864967
795074183.864967
795074183.864967
795074183.864967
795074183.864967
795074183.864967
795074183.864967
795074183.864967
795074183.864967
795305155.915315
795305155.915315
795175142.438107
795175142.438107
795585393.498343
795569114.874362
795569114.874362
795569114.874362
795569114.874362
795554184.705767
795626665.658954
795626665.658954
795626665.658954
795669929.534915
795407730.55308
795378386.532559
795378386.532559
795378386.532559
795378386.532559
795051183.887384
795051183.887384
795051183.887384
795051183.887384
795051183.887384
795051183.887384
795051183.887384
795051183.887384
794943529.846289
794951956.566168
794951956.566168
794951956.566168
794951956.566168
794951956.566168
794951956.566168
795362151.656357
795362151.656357
795362151.656357
795150897.394842
795150897.394842
795150897.394842
795150897.394842
795150897.394842
795150897.394842
795150897.394842
795180249.545299
795180249.545299
795180249.545299
795068490.064989
795068490.064989
794331851.883039
794812931.050934
794812931.050934
795063296.418533
795063296.418533
795453371.180319
795458580.106836
795458580.106836
794797649.892528
794797649.892528
794797649.892528
795398384.124354
795398384.124354
795398384.124354
795398384.124354
795398384.124354
795398384.124354
795398384.124354
795398384.124354
795398384.124354
795129389.984377
794954597.449358
795012683.492689
795381843.326836
795381843.326836
795381843.326836
795884468.968013
795884468.968013
795283517.586944
795283517.586944
795283517.586944
795190378.342108
795190378.342108
795190378.342108
795190378.342108
795190378.342108
794909569.844486
794909569.844486
794909569.844486
794909569.844486
794909569.844486
794909569.844486
795092253.234947
795092253.234947
795413702.482091
795197843.162284
795197843.162284
795197843.162284
795197843.162284
795197843.162284
795197843.162284
795197843.162284
795261433.592513
795061910.936095
795061910.936095
795482851.789484
795482851.789484
795482851.789484
795482851.789484
795482851.789484
795644963.533878
795569682.817842
795569682.817842
795569682.817842
795096720.897343
795096720.897343
795096720.897343
794820998.628263
794820998.628263
794820998.628263
794820998.628263
795002839.515625
795002839.515625
795002839.515625
795002839.515625
795002839.515625
795002839.515625
794969158.505323
794969158.505323
795086452.510207
794953926.842025
794953926.842025
794953926.842025
794953926.842025
794953926.842025
794953926.842025
794953926.842025
795153677.16436
795153677.16436
795153677.16436
795153677.16436
795153677.16436
795153677.16436
795516688.912299
795516688.912299
795083438.090756
795083438.090756
795083438.090756
795214442.672314
795160686.337569
794623972.353266
794866330.30662
794866330.30662
794866330.30662
794866330.30662
794866330.30662
794866330.30662
794970341.785356
794887044.648004
794887044.648004
794887044.648004
794887044.648004
794887044.648004
794935002.529529
794788448.838813
795196665.515898
795196665.515898
795196665.515898
795196665.515898
795196665.515898
795196665.515898
794717959.835808
795165529.786685
795165529.786685
795165529.786685
795165529.786685
795165529.786685
795165529.786685
795165529.786685
795161158.052051
795161158.052051
795161158.052051
795161158.052051
795161158.052051
795161158.052051
795161158.052051
795161158.052051
795161158.052051
795161158.052051
795161158.052051
795161158.052051
795161158.052051
795161158.052051
795161158.052051
795854573.52364
795462512.748007
795462512.748007
795442879.881337
795442879.881337
795442879.881337
794971360.611839
794971360.611839
794971360.611839
794971360.611839
794971360.611839
794971360.611839
794971360.611839
794947589.236187
794947589.236187
794947589.236187
794947589.236187
794947589.236187
795246010.85424
795098654.53
795202114.798488
795032278.614685
795110244.165571
795592582.281084
795592582.281084
795592582.281084
795576370.714492
795691472.283665
795622824.421015
795265415.990084
795265415.990084
795265415.990084
795265415.990084
795265415.990084
795265415.990084
795398067.459127
795398067.459127
794985739.728677
795195289.009568
795195289.009568
794683068.427443
794683068.427443
794683068.427443
795295264.591766
795295264.591766
795295264.591766
795408287.689686
795408287.689686
795247309.528691
794996194.628383
795161446.939477
795227295.056853
795734978.606886
795734978.606886
795734978.606886
795734978.606886
795734978.606886
795379766.30123
795379766.30123
795248032.566662
795248032.566662
795248032.566662
795102339.633595
795102339.633595
795102339.633595
795102339.633595
795102339.633595
795059235.742897
794852697.831384
794852697.831384
794852697.831384
795044020.814956
795044020.814956
795279583.542425
795245337.925654
795245337.925654
795245337.925654
795245337.925654
795245337.925654
795245337.925654
794912622.711544
794912622.711544
794912622.711544
795237959.753719
795094388.961228
795094388.961228
795094388.961228
795230185.283607
795215912.72982
795215912.72982
795215912.72982
795215912.72982
795481338.581494
795481338.581494
795481338.581494
795481338.581494
795481338.581494
795481338.581494
795481338.581494
795481338.581494
795481338.581494
795481338.581494
794677464.844165
795543270.188381
795543270.188381
795543270.188381
795133355.84667
795133355.84667
795133355.84667
795133355.84667
795133355.84667
795133355.84667
795070313.377515
795070313.377515
794680917.912799
794680917.912799
794680917.912799
794680917.912799
794680917.912799
794906149.851302
794906149.851302
794906149.851302
794906149.851302
794906149.851302
794896655.120611
794896655.120611
794901597.4087
794901597.4087
794817715.144689
794817715.144689
794817715.144689
794817715.144689
794817715.144689
794911853.892664
794985595.343956
794985595.343956
795313513.414291
795130232.197965
795130232.197965
795130232.197965
794638952.395083
795062346.670262
795010303.091849
795010303.091849
794861493.097475
794861493.097475
795208517.448452
794970875.772201
794970875.772201
794813226.110327
795545142.360798
795545142.360798
795545142.360798
795476774.708161
795197735.507089
795197735.507089
795197735.507089
795197735.507089
794866247.892215
794730368.985759
794453320.022882
794453320.022882
794453320.022882
795217874.112793
795217874.112793
794985783.201677
795144159.804085
795144159.804085
795144159.804085
795144159.804085
795144159.804085
795404077.488916
795404077.488916
795404077.488916
795404077.488916
795217783.14321
795217783.14321
795307133.367478
795112957.706093
795112957.706093
794875111.072358
794875111.072358
794875111.072358
794875111.072358
794875111.072358
794872624.889528
794817287.092916
794817287.092916
794817287.092916
794817287.092916
794817287.092916
794895295.977495
794895295.977495
794895295.977495
795066795.935043
795066795.935043
795165899.859557
795388285.626033
795545271.109572
795321779.008492
795321779.008492
795419693.030389
795419693.030389
795628425.24971
795886793.850018
795886793.850018
795389762.21922
795401824.136892
795401824.136892
795401824.136892
795401824.136892
795657203.477366
795657203.477366
795657203.477366
794991371.840386
794991371.840386
795345835.936955
795345835.936955
795067838.893064
795067838.893064
795067838.893064
794866419.160489
794866419.160489
794910712.071758
794910712.071758
794862998.383666
795308782.629361
795136989.272803
795136989.272803
795136989.272803
795136989.272803
795136989.272803
795136989.272803
795136989.272803
795136989.272803
795136989.272803
795136989.272803
795136989.272803
795136989.272803
795136989.272803
795387383.424441
795564540.993272
795373298.01736
795486758.308971
795486758.308971
795486758.308971
795486758.308971
795486758.308971
795602660.460381
795602660.460381
795474821.491294
795474821.491294
795061974.727754
795061974.727754
795122344.593558
795257157.306392
795257157.306392
795257157.306392
795050621.054362
795120762.35534
795120762.35534
795120762.35534
795120762.35534
794980332.032681
794980332.032681
794980332.032681
794980332.032681
794980332.032681
794715899.961209
794715899.961209
795037430.213884
795037430.213884
794979282.892061
794979282.892061
795333499.223605
795333499.223605
795333499.223605
795333499.223605
794984404.979796
795116755.143507
795116755.143507
795116755.143507
795288886.547966
795116937.464381
795106077.61386
795106077.61386
795106077.61386
794985823.238155
794985823.238155
795001372.595292
795228170.807193
795228170.807193
795140179.048121
795140179.048121
795140179.048121
794957220.533296
794957220.533296
794957220.533296
794957220.533296
794667994.384561
794667994.384561
795035255.82187
794965616.049164
794955934.993908
794955934.993908
794955934.993908
794955934.993908
794955934.993908
794955934.993908
794955934.993908
794955934.993908
794955934.993908
794605213.321086
794750088.62805
794627744.895506
794694168.093304
795043058.281649
795043058.281649
795043058.281649
794540714.392502
794540714.392502
794615147.162806
794407412.03213
794529320.485487
794529320.485487
794902677.460562
794902677.460562
794902677.460562
794902677.460562
794902677.460562
795158879.827018
795435023.224103
795435023.224103
795435023.224103
795488424.655914
795488424.655914
795488424.655914
795488424.655914
795488424.655914
795488424.655914
795216351.339658
795216351.339658
795216351.339658
795216351.339658
794909657.821424
795061692.155351
795061692.155351
795061692.155351
795061692.155351
795061692.155351
795283249.711428
795175835.54981
795521482.117208
795874873.84504
795356483.182517
795482610.408894
795121524.911204
795121524.911204
794942690.012421
794942690.012421
794526357.044992
794519775.780211
795085365.280996
795085365.280996
795085365.280996
794934828.627251
794934828.627251
794835151.085877
794835151.085877
794835151.085877
794835151.085877
794835151.085877
794835151.085877
794835151.085877
795317684.653633
795143050.291652
795184792.254335
795184792.254335
795184792.254335
795184792.254335
795184792.254335
795356929.726416
795665124.348902
795665124.348902
795665124.348902
795457191.889039
795457191.889039
795457191.889039
795457191.889039
795457191.889039
795457191.889039
795749507.577095
795749507.577095
795749507.577095
795637780.781688
795637780.781688
795664171.804203
795664171.804203
795664171.804203
795464483.621439
795464483.621439
795464483.621439
795464483.621439
795464483.621439
795464483.621439
795464483.621439
795464483.621439
795701083.526016
794827427.243898
794827427.243898
794827427.243898
794827427.243898
794827427.243898
794827427.243898
794852989.792261
795001347.983312
795378405.413631
795242551.954485
794787662.162334
794787662.162334
795053301.0978
795053301.0978
795053301.0978
795053301.0978
795053301.0978
795726806.035048
794993919.584434
795144134.45221
795106340.725045
795106340.725045
795598486.443404
795598486.443404
795598486.443404
795598486.443404
795525815.990107
795525815.990107
795525815.990107
795525815.990107
795166097.982018
795166097.982018
795166097.982018
795166097.982018
795166097.982018
795166097.982018
795306864.86598
795306864.86598
795306864.86598
795306864.86598
794722665.525359
794722665.525359
795054559.416202
795054559.416202
795054559.416202
795386088.379846
795386088.379846
795386088.379846
795386088.379846
795386088.379846
795386088.379846
795245630.821793
795245630.821793
795245630.821793
795245630.821793
795245630.821793
795129575.778124
795246006.787109
795574625.66655
795519797.563015
795519797.563015
795519797.563015
795385863.000667
794988769.041152
794988769.041152
794955936.598065
795210722.044787
795210722.044787
795210722.044787
794966645.301274
794966645.301274
794966645.301274
794966645.301274
794966645.301274
794966645.301274
794966645.301274
794966645.301274
794809176.196638
795070007.234199
795070007.234199
795314906.195784
795314906.195784
795314906.195784
794809264.139885
795071606.714394
795071606.714394
795071606.714394
795115194.633977
794659633.563123
794659633.563123
794659633.563123
794956753.166231
794944194.39505
794944194.39505
795357606.972586
795357606.972586
795357606.972586
795357606.972586
795464075.107283
795193027.632201
795193027.632201
795370002.93323
795370002.93323
795370002.93323
795370002.93323
795311194.009249
795311194.009249
795311194.009249
795311194.009249
795311194.009249
794958921.190096
794958921.190096
794958921.190096
794958921.190096
794958921.190096
794958921.190096
794958921.190096
794958921.190096
794957801.348534
794957801.348534
794957801.348534
794957801.348534
794957801.348534
794957801.348534
794333796.950218
794773422.758825
795200932.600402
795200932.600402
795200932.600402
795184846.480294
795412370.046141
795254861.650107
795254861.650107
795254861.650107
795254861.650107
794898685.850433
794898685.850433
795611388.358226
795562095.897925
795517204.142045
795517204.142045
795517204.142045
795517204.142045
795517204.142045
795517204.142045
795311530.885889
795264555.321262
795264555.321262
795869691.047901
795813806.557033
795813806.557033
795813806.557033
795813806.557033
795813806.557033
795340030.368454
795340030.368454
795340030.368454
795400711.642221
795400711.642221
795400711.642221
795406540.415777
795406540.415777
795395375.339586
795395375.339586
795395375.339586
795395375.339586
795347943.444384
795488394.887579
795488394.887579
795488394.887579
795488394.887579
795488394.887579
795488394.887579
795512221.440979
795512221.440979
795512221.440979
795512221.440979
795512221.440979
795512221.440979
795204734.24071
795204734.24071
795467575.176401
795707620.887104
795484668.452771
795377410.216746
795332810.509734
795332810.509734
795332810.509734
795332810.509734
795332810.509734
795150486.505534
795150486.505534
795150486.505534
795024061.000921
795024061.000921
795024061.000921
795024061.000921
795376274.367653
795376274.367653
795344383.767965
795344383.767965
795077163.072019
795077163.072019
795077163.072019
795077163.072019
795077163.072019
795077163.072019
795077163.072019
795077163.072019
795292892.500062
795292892.500062
795502986.106804
795525266.904777
795525266.904777
795525266.904777
795841771.545775
795841771.545775
795841771.545775
795841771.545775
795841771.545775
795841771.545775
795841771.545775
795841771.545775
795841983.519299
795779388.578797
795687407.920029
795687407.920029
795686175.445106
795425266.182077
794984960.687721
794984960.687721
795157516.803797
795681892.096005
795681892.096005
795408111.849259
795431035.941544
795431035.941544
795431035.941544
795112592.60843
795112592.60843
794974680.493289
794974680.493289
795238996.032674
795238996.032674
795238996.032674
794976208.520964
794976208.520964
794976208.520964
794976208.520964
794738018.032511
794670212.574991
795114422.258378
795180806.723485
795191753.930748
795191753.930748
795191753.930748
795223759.74747
795238032.060812
795071305.7652
794859955.093488
794859955.093488
794859955.093488
794859955.093488
795137877.146314
795127543.827049
795127543.827049
795127543.827049
795127543.827049
794983636.640542
794983636.640542
795017656.356802
795017656.356802
795017656.356802
795017656.356802
795321819.738305
795234180.599173
795234180.599173
795234180.599173
795234180.599173
795234180.599173
795235119.785538
795235119.785538
795235119.785538
795438252.422472
795319707.099936
795262456.152727
795262456.152727
795262456.152727
795262456.152727
795262456.152727
795262456.152727
795456750.58353
795634369.082107
795221270.126412
795221270.126412
795221270.126412
795221270.126412
794300913.951621
794545188.64257
795045565.7175
795135035.05032
794910287.784452
794910287.784452
794893064.463413
795350648.466683
795350648.466683
795350648.466683
795350648.466683
795350648.466683
795521930.305699
795429012.832366
795429012.832366
795382267.776141
795382267.776141
795382267.776141
795335544.2092
795335544.2092
795335544.2092
795132224.099706
795132224.099706
795132224.099706
794916576.466432
794916576.466432
794916576.466432
795035546.161755
795035546.161755
795035546.161755
795035546.161755
795035546.161755
795035546.161755
795035546.161755
795035546.161755
795035546.161755
795035546.161755
795035546.161755
795035546.161755
794691716.947444
794691716.947444
795313709.40862
795313709.40862
795367362.321901
795189727.220356
795000032.863114
795000032.863114
795000032.863114
795000032.863114
795000032.863114
795000032.863114
794732913.542548
794732913.542548
794732913.542548
795350251.730121
795350251.730121
795111173.382335
795111173.382335
795429547.360374
795429547.360374
795429547.360374
795429547.360374
795429547.360374
794841270.642467
794841270.642467
795365926.913846
795103300.086424
795177781.929067
795399992.019591
795267733.859537
795267733.859537
795267733.859537
795267733.859537
795267733.859537
795263090.069225
794861131.725287
794637484.92986
795143329.383599
795143329.383599
795143329.383599
795143329.383599
795143329.383599
795143329.383599
795143329.383599
795143329.383599
795143329.383599
795143329.383599
795067249.995606
795067249.995606
795185827.701101
795185827.701101
795185827.701101
795185827.701101
795185827.701101
795560459.397489
795423513.069485
795423513.069485
795423513.069485
795510270.509526
795490740.874586
795490740.874586
795345571.96789
795345571.96789
795345571.96789
795173203.407457
794953247.768467
795178621.615762
795988300.453115
795988300.453115
794731875.503059
795122356.325914
794716395.168437
794716395.168437
794716395.168437
794716395.168437
794716395.168437
794716395.168437
794610817.124228
795678177.427706
795341205.836831
795341205.836831
794979349.88396
795202507.596622
795524363.23003
795524363.23003
794597798.183389
794855111.978459
794832370.37455
794832370.37455
795334174.602682
795334174.602682
795334174.602682
795334174.602682
795334174.602682
795334174.602682
795334174.602682
795303886.229713
795303886.229713
795360536.470467
795729037.609698
795729037.609698
795729037.609698
795729037.609698
795729037.609698
795560959.545821
795073855.221161
795073855.221161
795073855.221161
795073855.221161
795073855.221161
795073855.221161
795073855.221161
795073855.221161
795073855.221161
795043607.02948
795043607.02948
795043607.02948
795202788.652625
795202788.652625
795304508.744346
795304508.744346
795304508.744346
795304508.744346
795304508.744346
795304508.744346
795304508.744346
795304508.744346
795164764.43492
795164764.43492
794856391.659472
794856391.659472
794856391.659472
794856391.659472
794856391.659472
794825277.238915
794891826.797492
794914119.435321
795147720.071277
795295673.509338
795295673.509338
795423056.460784
795423056.460784
795423056.460784
795423056.460784
795423056.460784
795423056.460784
795423056.460784
795354500.195055
795490950.855529
795183140.656912
795183140.656912
795538307.498532
795538307.498532
795538307.498532
795538307.498532
795538307.498532
795334201.743638
795007754.368159
795007754.368159
795118010.549689
795118010.549689
795118010.549689
795409816.737069
795409816.737069
795409816.737069
795409816.737069
795658153.104966
795658153.104966
795658153.104966
795333754.444281
795402187.101703
795402187.101703
795402187.101703
795402187.101703
795402187.101703
795402187.101703
795402187.101703
795402187.101703
795402187.101703
795982922.139046
795982922.139046
795781992.591086
795507363.872552
795507363.872552
795507363.872552
796003654.158065
795899812.120413
795424941.405218
795424941.405218
795424941.405218
795092089.764982
795092089.764982
795092089.764982
795092089.764982
795053257.960935
795053257.960935
795132820.284235
795132820.284235
795327617.25932
795327617.25932
795327617.25932
795327617.25932
795327617.25932
795327617.25932
795327617.25932
795389917.815493
795056593.899106
795056593.899106
795056593.899106
795056593.899106
794830943.050202
794830943.050202
794850980.822593
794850980.822593
794850980.822593
794850980.822593
795149177.675169
795149177.675169
794919372.88214
794960787.062524
794960787.062524
795395242.750081
795395242.750081
795395242.750081
795321032.022022
795830472.24732
795375521.077741
795218823.737808
795218823.737808
795218823.737808
795218823.737808
795178330.180138
794764539.624824
794764539.624824
795059672.614824
795238628.911059
795238628.911059
795238628.911059
795586510.804925
795586510.804925
795586510.804925
795586510.804925
795586510.804925
795369142.671522
795183910.653306
795462848.143283
795462848.143283
795462848.143283
795462848.143283
795650520.293469
795650520.293469
795438308.212362
795630353.252036
795671024.385716
795671024.385716
795671024.385716
795671024.385716
794858286.925157
794858286.925157
794858286.925157
794858286.925157
795366763.193917
795366763.193917
795366763.193917
795366763.193917
795297040.753649
795297040.753649
795297040.753649
795297040.753649
795103893.355811
795103893.355811
795103893.355811
795103893.355811
795103893.355811
795103893.355811
795103893.355811
795437281.02901
795437281.02901
795437281.02901
795258792.784044
795369066.724987
795369066.724987
795511861.574541
795511861.574541
795515980.684616
795515980.684616
794923168.516248
794923168.516248
794923168.516248
794923168.516248
794923168.516248
794923168.516248
794874067.41995
794874067.41995
794874067.41995
794874067.41995
794784249.270978
794716635.204972
794716635.204972
795280192.410118
795280192.410118
795280192.410118
795280192.410118
795339226.236821
795339226.236821
795339226.236821
795339226.236821
795339226.236821
794788775.454583
794788775.454583
794788775.454583
795061869.75775
794743023.102777
794743023.102777
794712720.572079
794712720.572079
794712720.572079
794836584.087249
795011073.720818
795011073.720818
795011073.720818
795011073.720818
795011073.720818
795138515.67808
795152136.692738
795302907.016801
795302907.016801
795428493.687397
795598787.118814
795598787.118814
795598787.118814
795598787.118814
795598787.118814
795642623.19667
795642623.19667
795713239.883261
795222604.831967
795222604.831967
795651535.453163
795524034.494109
795524034.494109
795524034.494109
795524034.494109
795179917.938163
795179917.938163
795179917.938163
795179917.938163
795179917.938163
795179917.938163
795179917.938163
795179917.938163
795179917.938163
795405865.040214
795405865.040214
794701086.652167
794861567.394024
794985327.743094
794985327.743094
794985327.743094
794941243.380208
794941243.380208
794941243.380208
794941243.380208
795386885.304953
795461838.340817
795461838.340817
795416416.863285
795416416.863285
795416416.863285
795416416.863285
795416416.863285
795416416.863285
795416416.863285
795416416.863285
795083444.617319
795434249.24511
795135424.29917
795098437.218747
795098437.218747
794709193.502278
794709193.502278
794962410.035818
794962410.035818
794962410.035818
794962410.035818
794641141.393082
794894235.668078
794894235.668078
794894235.668078
794894235.668078
794894235.668078
794894235.668078
794894235.668078
794894235.668078
794894235.668078
795009182.10907
795009182.10907
795080518.150198
795080518.150198
795080518.150198
795239919.887717
795239919.887717
795239919.887717
795239919.887717
795341982.739608
795180519.526334
795180519.526334
795154259.161293
795154259.161293
795154259.161293
795154259.161293
795199523.310044
795388516.801013
795388516.801013
795388516.801013
795266292.729431
795266292.729431
795266292.729431
794735256.003116
794735256.003116
794735256.003116
794735256.003116
794595682.981125
794595682.981125
794595682.981125
794595682.981125
794595682.981125
794595682.981125
795109554.362629
795109554.362629
795109554.362629
795006541.79334
795528512.455504
795528512.455504
795528512.455504
795528512.455504
795528512.455504
795528512.455504
795528512.455504
794906839.535695
794906839.535695
795123976.855258
795123976.855258
795473341.920534
795473341.920534
795473341.920534
795454630.31918
795710661.339854
795805203.194977
795805203.194977
795777876.702695
795777876.702695
795777876.702695
795777876.702695
795456102.791186
795456102.791186
795456102.791186
794911168.368238
794911168.368238
794911168.368238
795114738.616381
795114738.616381
795479246.056895
795479246.056895
795529413.448188
795529413.448188
795529413.448188
795423169.862052
795423169.862052
795423169.862052
795272078.497004
795272078.497004
795272078.497004
795272078.497004
795272078.497004
795272078.497004
795440929.340695
795440929.340695
795440929.340695
795440929.340695
795326268.858714
795221224.274381
795221224.274381
795221224.274381
795221224.274381
795221224.274381
794419191.688924
794419191.688924
794419191.688924
794419191.688924
794412184.863069
795426529.363567
795426529.363567
795426529.363567
795426529.363567
795388429.618152
795388429.618152
795388429.618152
795388429.618152
795388429.618152
795388429.618152
795388429.618152
795388429.618152
795270981.382108
795270981.382108
795447069.450201
795219493.398911
795219493.398911
795143024.364722
795143024.364722
795143024.364722
795143024.364722
794800877.86202
794816487.894595
794816487.894595
794816487.894595
794816487.894595
794816487.894595
794899164.427325
795043585.143419
795043585.143419
795029978.546349
795029978.546349
795029978.546349
795029978.546349
795029978.546349
795029978.546349
795166197.194696
795166197.194696
795166197.194696
795166197.194696
795122515.182954
795122515.182954
795793879.750123
795793879.750123
794981466.680897
794975099.584822
794975099.584822
794975099.584822
794975099.584822
795002144.846024
795002144.846024
795002144.846024
795213429.015486
795110719.780363
795110719.780363
795110719.780363
795110719.780363
795110719.780363
795110719.780363
795110719.780363
795745832.613008
795503215.897103
795617577.743512
795617577.743512
795332422.661049
795110369.970374
795110369.970374
795110369.970374
795110369.970374
795110369.970374
795349626.189673
795349626.189673
795349626.189673
795349626.189673
795349626.189673
795349626.189673
795349626.189673
795590233.007062
795590233.007062
795185990.436825
794922318.438306
794922318.438306
794922318.438306
795351094.884945
795020829.315293
795020829.315293
795020829.315293
795020829.315293
795216140.859985
795216140.859985
794886107.712456
794886107.712456
794906144.757569
794906144.757569
794906144.757569
794906144.757569
795391332.850787
795391332.850787
795391332.850787
795550821.857108
795060495.387329
795069085.766708
795069085.766708
795144366.562551
795412932.700097
795412932.700097
795487931.051519
795291332.794725
795291332.794725
795291332.794725
795291332.794725
795138791.029501
795573661.383394
795458705.244686
795458705.244686
795755840.391817
795755840.391817
795391427.483538
795391427.483538
795138440.621914
795053774.502708
795053774.502708
795404823.478963
795404823.478963
795404823.478963
795189626.505406
795064886.919187
795064886.919187
795064886.919187
795493537.49216
795493537.49216
794970802.736963
794970802.736963
794970802.736963
794970802.736963
794970802.736963
794970802.736963
795153378.6849
795153378.6849
795153378.6849
795153378.6849
795153378.6849
795153378.6849
795141543.397543
795141543.397543
795141543.397543
795141543.397543
795141543.397543
795169738.863684
795244286.20662
795244286.20662
795244286.20662
795244286.20662
795244286.20662
795244286.20662
795244286.20662
795244286.20662
795591183.571085
795591183.571085
795565832.752645
795565832.752645
795430821.929365
795430821.929365
795430821.929365
795162450.97663
795277173.039116
795277173.039116
795075099.132968
794986689.336292
794986689.336292
795615931.282696
794968226.316458
794576060.604545
794866715.803415
795102193.280748
795102193.280748
795431599.989486
795431599.989486
795341711.928512
795360734.740806
795531932.770081
795531932.770081
795531932.770081
795326944.922429
795633461.101339
795633461.101339
795630806.846483
795630806.846483
795268859.933152
794867703.157005
794867703.157005
794867703.157005
794867703.157005
795289531.898958
795289531.898958
795028996.488256
795028996.488256
795028996.488256
794881668.289192
794881668.289192
794782165.903551
795071672.99773
795325700.480322
795076972.863574
795076972.863574
795076972.863574
794935035.135617
795306773.163028
795306773.163028
795209627.088449
795209627.088449
795071552.385006
795182646.837414
795182646.837414
795149802.223892
795373036.668061
794980955.186147
794980955.186147
795112201.176107
795112201.176107
795112201.176107
795002811.42327
795002811.42327
795014276.954664
795106577.369873
795106577.369873
795106577.369873
795106577.369873
795187932.127866
795187932.127866
795187932.127866
795187932.127866
794960955.671201
794960955.671201
795290387.817147
795392280.981614
795083508.321383
794980003.027383
794980003.027383
794980003.027383
795054253.057719
795034665.11579
795034665.11579
795034665.11579
795034665.11579
795034665.11579
794914647.682828
794817906.401355
794817906.401355
794902252.306012
794902252.306012
794902252.306012
794902252.306012
795030146.48193
794857375.496545
794711133.615957
794940048.383015
794940048.383015
795340292.388384
794545542.676205
794946483.454839
794782595.106904
794939582.20263
794939582.20263
794821038.074314
794821038.074314
795090097.121095
795090097.121095
795090097.121095
795090097.121095
795090097.121095
795090097.121095
795090097.121095
795090097.121095
795001968.749565
795784980.360098
795784980.360098
795506646.162331
795204906.173219
795204906.173219
795204906.173219
795204906.173219
795204906.173219
795320706.804744
795344822.527658
795344822.527658
795912535.419875
795617292.372345
795617292.372345
795617292.372345
795270782.180689
795270782.180689
795270782.180689
795437604.418147
794942202.125147
794942202.125147
794899657.428249
795233728.450729
795318766.09761
795318766.09761
795555262.00006
795681060.44694
795309726.654238
795309726.654238
795089897.760808
795089897.760808
795089897.760808
795084281.492466
795084281.492466
795084281.492466
795084281.492466
795084281.492466
795084281.492466
795282536.65427
795282536.65427
795282536.65427
795282536.65427
795282536.65427
795282536.65427
795282536.65427
794820277.092875
794933246.244817
794933246.244817
794906135.029434
794906135.029434
794906135.029434
795554852.783944
795554852.783944
795554852.783944
794833222.932548
794833222.932548
794833675.88562
794833675.88562
794833675.88562
794833675.88562
794833675.88562
795598769.513749
795598769.513749
794875378.706945
794875378.706945
794875378.706945
794875378.706945
794875378.706945
794875378.706945
794875378.706945
794687352.88419
795524227.245045
795524227.245045
795524227.245045
795393108.081896
795393108.081896
795393108.081896
795386414.938002
795386414.938002
795386414.938002
795386414.938002
795386414.938002
795386414.938002
795386414.938002
795386414.938002
795530845.402019
795530845.402019
795530845.402019
795530845.402019
795530845.402019
795530845.402019
795530845.402019
795037722.014466
794797963.967595
794797963.967595
794797963.967595
794797963.967595
794735903.902928
794705738.22572
794705738.22572
794705738.22572
794658311.490992
794658311.490992
795144794.750524
795151739.53628
795318202.712642
795420714.478561
795420714.478561
795420714.478561
794906557.146903
794906557.146903
794906557.146903
795272669.910594
794864676.244483
795501318.705369
795501318.705369
795501318.705369
795501318.705369
795501318.705369
795528585.530248
795449097.76012
795449097.76012
795452165.917365
795452165.917365
795452165.917365
795452165.917365
795452165.917365
795452165.917365
795452165.917365
795117709.250274
795117709.250274
794865709.902997
795208670.793704
795208670.793704
795208670.793704
795208670.793704
794892537.686178
794892537.686178
794892537.686178
794892537.686178
794892537.686178
794892537.686178
794892537.686178
795094692.818681
795061082.015142
795061082.015142
795061082.015142
795061082.015142
795061082.015142
795061082.015142
795020455.514884
795020455.514884
795020455.514884
795020455.514884
795077858.085318
795077858.085318
794947433.745335
794658982.996681
794658982.996681
794936264.656859
795177760.17669
795177760.17669
795177760.17669
794865551.182149
794865551.182149
794865551.182149
794865551.182149
794865551.182149
794959781.940651
794899633.454775
795197943.495317
795594784.742308
795594784.742308
795594784.742308
795519284.286838
795496113.598587
795496113.598587
795400880.19603
795400880.19603
795645621.557592
795645621.557592
795303855.123437
795303855.123437
795303855.123437
795303855.123437
795303855.123437
794972241.206906
794972241.206906
794972241.206906
794972241.206906
794972241.206906
795196861.91425
795196861.91425
795371108.55938
795624958.495459
795624958.495459
795624958.495459
795624958.495459
795435956.778724
795435956.778724
795422667.979811
795468994.990398
795461691.072474
794624462.506288
794624462.506288
794624462.506288
794624462.506288
795276325.104846
795276325.104846
795276325.104846
795276325.104846
795276325.104846
795276325.104846
795225914.712564
795225914.712564
794960095.313815
794960095.313815
794960095.313815
794960095.313815
794960095.313815
795212617.430933
795212617.430933
795212617.430933
795052810.032783
795052810.032783
795052810.032783
795279834.703511
795279834.703511
795279834.703511
795279834.703511
795279834.703511
795279834.703511
795441532.346319
795441532.346319
795441532.346319
795256527.309454
795256527.309454
795256527.309454
795256527.309454
795175092.121552
795117587.710084
795360833.328734
795365720.658997
795365720.658997
795365720.658997
795261005.102752
795457925.510051
795110619.897236
795110619.897236
794984041.418425
795090960.513448
795090960.513448
795656714.122377
795656714.122377
795656714.122377
795399521.991066
795399521.991066
795399521.991066
795399521.991066
795399521.991066
795399521.991066
795110589.744932
795110589.744932
795110589.744932
795112915.564938
795112915.564938
794971769.46677
794971769.46677
794971769.46677
794971769.46677
794971769.46677
794971769.46677
794971769.46677
794971769.46677
794971769.46677
794971769.46677
794971769.46677
794971769.46677
794971769.46677
794971769.46677
794971769.46677
794957368.684576
794957368.684576
794957368.684576
794957368.684576
795092640.414588
795092640.414588
795092640.414588
794827543.043156
794827543.043156
794827543.043156
795116736.667813
795116736.667813
794919230.562631
794919230.562631
795214746.473669
795094658.182219
795094658.182219
795484315.177416
795484315.177416
795280562.682898
795296300.440964
795024491.677628
795070470.432822
795070470.432822
795097035.493536
795097035.493536
795097035.493536
795313498.616402
795313498.616402
795396556.47385
795396556.47385
795098984.482284
795034129.193356
795162070.214516
795074961.101681
795390110.472454
795562386.403262
795395663.876307
795395663.876307
795395663.876307
795395663.876307
795395663.876307
795395663.876307
795395663.876307
795395663.876307
796028892.605011
796295504.651991
796295504.651991
796295504.651991
796295504.651991
796295504.651991
796295504.651991
796008313.158845
795780947.801937
795780947.801937
794980042.799013
794980042.799013
795241569.556574
795492077.413611
795492077.413611
795492077.413611
795492077.413611
795492077.413611
795492077.413611
795561713.987298
795561713.987298
795213770.272338
795054431.651788
795054431.651788
795054431.651788
795054431.651788
795054431.651788
795054431.651788
794904225.510229
795705746.589036
795485500.142272
794964047.67713
795334850.780859
795334850.780859
795345096.272792
795345096.272792
794960949.714796
794960949.714796
794960949.714796
794960949.714796
794960949.714796
795576163.346676
795576163.346676
795331246.895632
795331246.895632
795331246.895632
795331246.895632
795331246.895632
794932451.587052
794879358.452413
794879358.452413
795173755.586498
795092581.816953
795092581.816953
795069103.109046
795166006.091231
795247810.757078
795247810.757078
795247810.757078
795247810.757078
794702374.212981
794796482.986442
794913241.976019
794827049.534261
794888901.536697
794888901.536697
795186444.999073
795613559.039344
795874088.266402
795345967.16532
795345967.16532
795345967.16532
795345967.16532
795345967.16532
795345967.16532
795345967.16532
795345967.16532
795345967.16532
795345967.16532
795345967.16532
795015944.195475
795015944.195475
795512341.217061
795512341.217061
795561160.179557
795561160.179557
795409141.858989
795120892.37141
795120892.37141
795552128.610055
795552128.610055
795513537.88334
795529509.87098
795529509.87098
795529509.87098
795529509.87098
795529509.87098
795550691.761664
795550691.761664
795550691.761664
795550691.761664
795550691.761664
795612345.779111
795880104.349339
795880104.349339
795880104.349339
795526887.004036
795209234.295481
795209234.295481
795209234.295481
795209234.295481
795209234.295481
795201320.416353
794914610.549493
794721041.763749
794721041.763749
794721041.763749
794721041.763749
794721041.763749
794996132.659085
794996132.659085
794996132.659085
794996132.659085
794996132.659085
794996132.659085
794977970.376242
795137280.292954
795137280.292954
795097897.873791
795097897.873791
794637530.186345
794637530.186345
794637530.186345
794637530.186345
794784276.553939
794784276.553939
795014529.699573
795230588.409692
795230588.409692
794887038.449301
794887038.449301
794887038.449301
795478304.077677
795478304.077677
795478304.077677
795478304.077677
795478304.077677
795478304.077677
795478304.077677
795098761.413485
795228491.019228
795304635.072345
795124689.683791
795124689.683791
794821655.386518
794886187.130906
795222981.75394
795472156.330644
795176196.439407
795176196.439407
795176196.439407
795176196.439407
795176196.439407
795353729.577336
795353729.577336
795353729.577336
794991411.341115
795262925.217238
795053465.33093
795080858.638978
795080858.638978
795080858.638978
795066233.635259
795509903.866359
795215187.52403
795215187.52403
795215187.52403
795215187.52403
795215187.52403
794821769.629782
794821769.629782
794821769.629782
794891802.935888
795464086.046206
795464086.046206
795464086.046206
795464086.046206
795464086.046206
795464086.046206
795464086.046206
795171795.71209
795171795.71209
795171795.71209
795171795.71209
795171795.71209
795707320.578315
795707320.578315
795435274.061964
795435274.061964
795493979.479257
795586566.457254
795586566.457254
795586566.457254
795561998.239607
795561998.239607
795561998.239607
795425860.367733
795425860.367733
795160222.836904
795160222.836904
795160222.836904
795160222.836904
795160222.836904
795160222.836904
795160222.836904
795160222.836904
795160222.836904
795160222.836904
795241769.895798
795241769.895798
795222606.445201
794820878.483449
794820878.483449
794820878.483449
794820878.483449
794820878.483449
795069108.370557
795192341.53157
795192341.53157
795192341.53157
795192341.53157
795192341.53157
795192341.53157
795192341.53157
794840689.564538
795224096.605478
795224096.605478
795224096.605478
795224096.605478
795224096.605478
795224096.605478
795224096.605478
795224096.605478
795201137.342712
795201137.342712
795201137.342712
795201137.342712
795201137.342712
795201137.342712
795345852.213257
795325014.339893
795731845.644935
795387430.361693
795469744.161377
795469744.161377
795469744.161377
794997330.255303
794997330.255303
794997330.255303
794997330.255303
794997330.255303
795071453.124508
795071453.124508
795071453.124508
795071453.124508
795071453.124508
795071453.124508
795071453.124508
795071453.124508
794731508.274541
794846443.332832
794846443.332832
794846443.332832
794721882.572909
794721882.572909
794721882.572909
795021466.369122
795021466.369122
795021466.369122
794865454.940524
795595251.450832
795595251.450832
795595251.450832
795204023.915625
794411012.900702
794464211.803668
795035329.902357
795120506.117048
795120506.117048
795010360.12835
794898484.502398
794898484.502398
794898484.502398
794898484.502398
795361569.88707
795361569.88707
795361569.88707
795361569.88707
795361569.88707
795361569.88707
795445768.534073
795445768.534073
795412852.291293
795412852.291293
795251832.643794
795251832.643794
795251832.643794
795251832.643794
795251832.643794
795144222.633282
795144222.633282
795428319.031406
795425903.44406
795212192.749469
795651445.643783
795342477.330454
795342477.330454
795342477.330454
795342477.330454
795342477.330454
794769312.519685
794802318.523831
794802318.523831
794802318.523831
795532112.645036
795532112.645036
795532112.645036
795321821.446545
795321821.446545
795321821.446545
795321821.446545
795321821.446545
795321821.446545
795321821.446545
795321821.446545
795321821.446545
794927754.008616
794927754.008616
794927754.008616
794810984.412552
794575775.500924
795037904.481246
795264980.899047
795072985.186511
795893414.86677
795858473.48237
795858473.48237
795858473.48237
795858473.48237
795602456.352192
795602456.352192
795602456.352192
795602456.352192
795602456.352192
795511964.791623
795190263.399526
795699770.079829
795236196.811359
795236196.811359
795236196.811359
794992026.807336
795083205.421243
795418651.517303
795306141.630082
795289302.586734
795286331.105279
795356701.580223
795345654.759939
795424724.585384
795718778.850593
795718778.850593
794752163.720794
794752163.720794
794686644.856048
795075307.554879
794830050.547949
794830050.547949
794830050.547949
794830050.547949
794830050.547949
795087092.82245
795087092.82245
795087092.82245
795087092.82245
794832304.644727
794832304.644727
794832304.644727
795108741.832205
795108741.832205
795428421.116322
795026464.821709
795026464.821709
795026464.821709
795433091.982681
795433091.982681
795370236.505841
795436740.617043
795747077.596424
794851001.504859
794851001.504859
794830806.091183
794830806.091183
794919331.63051
794919331.63051
795112922.77222
794826382.74615
795346517.648443
795346517.648443
795346517.648443
795346517.648443
795346517.648443
795346517.648443
795346517.648443
795346517.648443
795418765.078605
794739022.390036
794739022.390036
794739022.390036
794739022.390036
795132196.976995
795132196.976995
795266343.526202
795015691.12118
795015691.12118
795015691.12118
795015691.12118
795015691.12118
795121323.70907
795121323.70907
795058294.174537
795058294.174537
795058294.174537
795227964.966921
794991484.76517
795453720.927153
795453720.927153
795169975.94482
794587337.913933
794587337.913933
794587337.913933
794587337.913933
794678028.166128
794678028.166128
794678028.166128
794678028.166128
794589625.216876
794801987.643081
794801987.643081
794801987.643081
794801987.643081
794801987.643081
795046920.563991
795046920.563991
795046920.563991
795046920.563991
795302691.851726
795496685.389419
795496685.389419
795496685.389419
795160625.509854
795160625.509854
795053886.373211
795053886.373211
795053886.373211
794732314.102551
794576082.317121
794576082.317121
795143041.309075
795143041.309075
794725561.969954
794805167.779267
794805167.779267
794805167.779267
794805167.779267
794805167.779267
794718296.897344
795003497.846965
795003497.846965
794910612.561753
794910612.561753
794910612.561753
795042061.212357
794903346.86105
794903346.86105
794903346.86105
795286706.946012
795392957.715726
795392957.715726
794854434.523196
795268805.722936
795268805.722936
795228993.987164
795228993.987164
795228993.987164
795228993.987164
795228993.987164
795228993.987164
795323217.382953
795346259.144536
794916548.982236
794916548.982236
795014743.96926
795014743.96926
795014743.96926
794722671.957163
794722671.957163
795109207.163917
795109207.163917
795109207.163917
795109207.163917
795025236.375813
795025236.375813
795242392.428834
795290839.816812
795431462.625956
794910428.862842
795400111.638277
795400111.638277
795400111.638277
795400111.638277
795400111.638277
795151735.402799
795340974.405281
795006547.245055
795006547.245055
795221536.2716
795221536.2716
795221536.2716
795138612.153129
795138612.153129
795250358.588824
795375250.47518
795919615.328455
795234070.736735
795234070.736735
795234070.736735
795234070.736735
795234070.736735
795234070.736735
795814362.938722
795248824.205452
795248824.205452
794933389.752283
794933389.752283
794543159.196588
794543159.196588
794532602.378205
795041951.914445
795041951.914445
795041951.914445
795017311.554139
795017311.554139
795570805.828195
795302938.155355
794960575.528818
794986067.27103
794986067.27103
794986067.27103
795012033.472645
795012033.472645
795012033.472645
795140974.063933
795290658.0008
795290658.0008
795290658.0008
794987765.219984
794987765.219984
794987765.219984
794987765.219984
795137155.030931
795137155.030931
795137155.030931
794878344.94809
794878344.94809
794955403.320171
794600246.12149
795147476.917276
795147476.917276
795207604.605256
795207604.605256
795207604.605256
795527260.152407
794714539.784851
794714539.784851
794714539.784851
794717036.355605
794717036.355605
794696157.950298
794789756.018961
794789756.018961
795366925.70923
795366925.70923
795366925.70923
795366925.70923
795387276.22319
795387276.22319
795387276.22319
795387276.22319
795387276.22319
795387276.22319
794908586.026681
794908586.026681
794719376.536104
794719376.536104
794837296.474426
795206973.076944
795206973.076944
795198139.972078
795198139.972078
795565980.304029
795565980.304029
795581371.009341
795581371.009341
795581371.009341
795581371.009341
795581371.009341
795530843.361758
795530843.361758
795530843.361758
795164467.230278
795164467.230278
795164467.230278
795061574.983629
795061574.983629
795437154.290366
795221497.870189
795221497.870189
795190331.231955
795190331.231955
795190331.231955
794804072.609799
794804072.609799
794539025.79061
794869793.696035
795213467.090906
795213467.090906
795108511.731417
795171313.246048
795171313.246048
795054579.576061
795054579.576061
795054579.576061
795159369.667155
795074348.038971
795074348.038971
795074348.038971
795074348.038971
795079806.606747
795079806.606747
795079806.606747
795079806.606747
795217725.358076
795217725.358076
795217725.358076
795217725.358076
795217725.358076
795217725.358076
795217725.358076
795219659.974097
795219659.974097
795219659.974097
795110200.072465
795110200.072465
794940743.060662
795375142.638253
795375142.638253
795375142.638253
795424933.373181
795121185.149979
795121185.149979
795287633.850829
795287633.850829
794893870.849367
794893870.849367
795028296.74901
794917787.952087
794917787.952087
794917787.952087
795528060.15667
795528060.15667
795410921.238477
795410921.238477
795410921.238477
795002673.956819
794758492.274971
794758492.274971
795077940.778694
795077940.778694
795077940.778694
795077940.778694
795077940.778694
795331480.015658
795537034.363595
795071471.975951
795071471.975951
795071471.975951
795071471.975951
795071471.975951
795071471.975951
795281599.084663
795281599.084663
795281599.084663
795450470.609183
795450470.609183
795541612.69211
795541612.69211
795541612.69211
795530869.340846
795530869.340846
795530869.340846
795530869.340846
795530869.340846
795448456.683887
795448456.683887
795448456.683887
795471870.224275
795471870.224275
795471870.224275
795257337.89651
795327053.206249
795181124.24033
794859034.808715
795116339.662852
794651128.049415
794651128.049415
794619211.291045
794668406.636224
794668406.636224
794668406.636224
794668406.636224
794826213.939644
794826213.939644
794826213.939644
795196604.38928
794910773.125778
795187162.394431
794870190.125013
794632887.377585
794632887.377585
794632887.377585
794632887.377585
794632887.377585
794632887.377585
794756820.260252
794756820.260252
794756820.260252
794756820.260252
795230419.429693
795230419.429693
795230419.429693
795230419.429693
795230419.429693
795230419.429693
795230419.429693
794749895.618552
794905317.02709
794883909.047886
794883909.047886
794804667.007191
794851678.21379
794947787.577287
794947787.577287
794947787.577287
794947787.577287
794947787.577287
795441679.72774
795322732.418371
795322732.418371
795322732.418371
795322732.418371
794817783.57419
794817783.57419
794817783.57419
794817783.57419
794817783.57419
794817783.57419
794708559.999557
794708559.999557
794708559.999557
794708559.999557
794848283.131484
794848283.131484
794848283.131484
794848283.131484
794848283.131484
794848283.131484
794693700.751605
795014188.095424
794502559.487707
794639203.632147
794639203.632147
794639203.632147
794815257.043414
794815257.043414
794815257.043414
794815257.043414
795591164.853863
795523015.931449
795523015.931449
795546123.77248
795546123.77248
795546123.77248
795395596.615778
795395596.615778
795312256.076225
795312256.076225
794969097.623463
795380180.536047
795380180.536047
795380180.536047
795432731.667205
795432731.667205
795547261.740342
795678041.148182
795782379.322582
795530504.216019
795530504.216019
795530504.216019
795542678.399711
795542678.399711
795542678.399711
795542678.399711
795530164.467583
795311801.440099
795311801.440099
795035175.678914
795035175.678914
795035175.678914
795035175.678914
794856175.337564
795006084.585493
795006084.585493
795518132.082688
795518132.082688
795518132.082688
795518132.082688
795527699.033171
795527699.033171
795527699.033171
795527699.033171
795527699.033171
795527699.033171
795527699.033171
795527699.033171
795545780.852967
795545780.852967
795520646.65864
795192935.046157
795192935.046157
795192935.046157
794684221.171722
794684221.171722
795174429.653649
795174429.653649
795008066.5877
794755250.789857
794755250.789857
794755250.789857
794755250.789857
794875243.653312
795571055.573041
795426306.471751
795426306.471751
795426306.471751
795426306.471751
795426306.471751
795426306.471751
795101678.007165
795101678.007165
795314703.924933
795199414.190356
795199414.190356
795127393.198441
795127393.198441
795272841.857765
795272841.857765
795272841.857765
795127452.189972
795127452.189972
794956035.560096
795195086.849653
795195086.849653
795195086.849653
794808118.438925
794808118.438925
795067028.111379
795130748.957294
795282109.8425
795182244.480836
795182244.480836
795256271.278745
795256271.278745
795256271.278745
795256271.278745
795353944.520418
795353944.520418
795353944.520418
795353944.520418
795430834.313018
795378414.492497
795342369.931905
795342369.931905
795342369.931905
795342369.931905
795342369.931905
795329647.571404
795329647.571404
795480036.496474
795480036.496474
795480036.496474
795798122.492493
795662757.911283
795662757.911283
795662757.911283
795436017.196205
795436017.196205
795436017.196205
795482498.703648
795482498.703648
795482498.703648
795482498.703648
795482498.703648
795191661.886148
795191661.886148
795191661.886148
795191661.886148
795191661.886148
795174636.169984
795063251.070931
795063251.070931
795063251.070931
794865041.355339
794865041.355339
794865041.355339
794865041.355339
795226580.660849
795326786.687567
795326786.687567
795326786.687567
795326786.687567
794998338.308068
794998338.308068
794998338.308068
795138149.666407
795138149.666407
794902844.994822
794902844.994822
794902844.994822
794979275.224616
795366654.324183
795366654.324183
795366654.324183
795366654.324183
795366654.324183
794796771.024914
794854192.683878
794854192.683878
794854192.683878
794854192.683878
794854192.683878
794854192.683878
794854192.683878
794854192.683878
794854192.683878
794854192.683878
795289496.252396
795648609.431569
795648609.431569
795648609.431569
795816072.375047
795159712.055483
795159712.055483
795159712.055483
795159712.055483
795216835.820534
795216835.820534
795216835.820534
795423479.369233
795263432.721321
795465758.063305
795465758.063305
795465758.063305
795465758.063305
795216537.045283
794528365.054688
794330989.861845
795369519.202559
795375140.014839
795375140.014839
795375140.014839
794954394.798386
794954394.798386
794902138.064999
795149760.285312
795081101.680883
795101575.967003
795247952.821776
795247952.821776
795046114.047526
795046114.047526
795046114.047526
794888663.886499
794888663.886499
795136061.367335
795136061.367335
795136061.367335
795136061.367335
795136061.367335
795136061.367335
795187273.614279
795148661.51538
795148661.51538
795148661.51538
795565768.712732
795565768.712732
795851640.027644
795851640.027644
795179787.916827
795179787.916827
795170765.059798
794993141.270272
794690277.01504
794690277.01504
794690277.01504
794600557.144422
794600557.144422
795236752.016034
795236752.016034
795236752.016034
795236752.016034
794727765.706811
794727765.706811
794727765.706811
795017369.920047
794956459.351488
794956459.351488
794950810.714954
795191291.183063
795002664.314334
795002664.314334
795098413.779904
795098413.779904
795098413.779904
795098413.779904
795098413.779904
795098413.779904
795098413.779904
794853304.79306
795001489.739465
795219005.100382
795087281.288864
795087281.288864
795087281.288864
795087281.288864
794861368.499394
795322218.13344
795322218.13344
795204537.982445
795204537.982445
795204537.982445
795204537.982445
795426089.448613
795426089.448613
795426089.448613
795426089.448613
795426089.448613
795028808.360992
795028808.360992
795225801.152369
795007987.54167
795007987.54167
794874370.463213
794874370.463213
794054244.598351
794054244.598351
794054244.598351
794629882.529539
794629882.529539
794629882.529539
794629882.529539
794629882.529539
795737414.192446
795737414.192446
795737414.192446
795737414.192446
795604070.817006
795604070.817006
795604070.817006
795501429.410659
795501429.410659
795501429.410659
795501429.410659
795431512.89642
795377807.956611
795377807.956611
795441090.440773
795631965.111214
795427402.537892
795641180.622144
795561565.679997
795564213.471123
795564213.471123
795564213.471123
795226378.88596
795226378.88596
795226378.88596
795226378.88596
795226378.88596
794846705.955597
794937729.119635
794937729.119635
794634561.649865
794772768.975116
794772768.975116
794772768.975116
794777440.15641
795133349.288017
795133349.288017
795133349.288017
795133349.288017
795154760.409008
795154760.409008
795125395.44409
795125395.44409
795125395.44409
795125395.44409
795574590.701509
795574590.701509
795574590.701509
795406836.0196
795406836.0196
795389821.055347
795389821.055347
795131470.736211
794676306.675152
795202345.931406
795202345.931406
795202345.931406
795202345.931406
795202345.931406
795035553.263192
795035553.263192
795035553.263192
795035553.263192
795035553.263192
794856722.720223
794856722.720223
794856722.720223
794779838.442842
794779838.442842
795000795.575072
795000795.575072
795000795.575072
794880598.686934
794909446.159166
794909446.159166
794909446.159166
795063023.327753
795433164.448474
795734961.978937
795734961.978937
795079409.105674
795079409.105674
795079409.105674
795079409.105674
795079409.105674
795079409.105674
794642227.817125
794642227.817125
795254174.887974
794629085.134239
794629085.134239
794837877.555897
794837877.555897
794837877.555897
794843478.204397
794843478.204397
794843478.204397
795339965.915208
795339965.915208
795578345.218694
795578345.218694
795578345.218694
795578345.218694
795578345.218694
795429311.623616
795429311.623616
795429311.623616
795429311.623616
795429311.623616
795429311.623616
795232633.698589
795232633.698589
794792463.033053
794792463.033053
794792463.033053
795387270.679157
794996468.080803
794996468.080803
794677736.38875
794677736.38875
794673101.036666
794673101.036666
794673101.036666
794673101.036666
794673101.036666
794722599.450964
794831493.083025
794974608.886449
794912860.241097
794912860.241097
794914260.623416
794914260.623416
794914260.623416
795298198.510221
795088717.427608
795088717.427608
795108406.35061
795591896.897463
795591896.897463
795591896.897463
795405189.224159
795360746.060482
795360746.060482
795360746.060482
795869380.590307
795869380.590307
795869380.590307
795459626.871498
795459626.871498
795459626.871498
795459626.871498
795689959.69909
795689959.69909
795381676.480374
795381676.480374
795561315.38404
795561315.38404
795561315.38404
795561315.38404
795561315.38404
794784130.68624
794784130.68624
794784130.68624
794784130.68624
794390445.529457
794390445.529457
794780983.981699
794780983.981699
795540959.202468
795540959.202468
795540959.202468
795540959.202468
795540959.202468
795252367.263262
795252367.263262
795252367.263262
795252367.263262
795252367.263262
795964791.023023
795430220.078054
795430220.078054
794929311.497305
795640953.29624
796220581.398097
796220581.398097
796220581.398097
795344161.814364
795344161.814364
795344161.814364
795344161.814364
795344161.814364
795344161.814364
795344161.814364
795344161.814364
795344161.814364
795344161.814364
795344161.814364
795437318.963618
795419480.715401
795564793.026436
795564793.026436
795575479.18235
795575479.18235
795575479.18235
795217668.497148
795217668.497148
795415787.379797
795270545.549576
795270545.549576
795270545.549576
795270545.549576
795270545.549576
795270545.549576
795279201.444601
795279201.444601
795279201.444601
794976378.484597
794976378.484597
794976378.484597
794893933.046065
794893933.046065
794893933.046065
794745349.763466
794745349.763466
794898419.960191
794898419.960191
794898419.960191
794898419.960191
794898419.960191
794898419.960191
794898419.960191
794898419.960191
794898419.960191
794898419.960191
794898419.960191
794898419.960191
794898419.960191
795296113.331757
794652749.425627
794933891.381801
794933891.381801
795063245.061845
795529319.328367
795529319.328367
795687778.24259
794898121.807893
794898121.807893
794898121.807893
794898121.807893
795105594.543314
795105594.543314
795105594.543314
795749845.451494
795749845.451494
795731158.080015
795731158.080015
795731158.080015
795429223.962298
795429223.962298
795321072.93805
795321072.93805
795174675.467907
794856276.423806
794975735.834978
795295292.429302
795295292.429302
795338879.948079
795338879.948079
795246356.433899
795246356.433899
794916958.977721
794780034.119622
794780034.119622
795189227.333484
795189227.333484
795189227.333484
795078894.884004
795078894.884004
795247376.905789
794997685.901859
795251994.698218
795251994.698218
795251994.698218
795251994.698218
795251994.698218
795251994.698218
795251994.698218
795251994.698218
795251994.698218
795251994.698218
795251994.698218
795251994.698218
795102885.625289
795445854.697073
795445854.697073
795406140.439296
795406140.439296
794949780.166042
794949780.166042
794949780.166042
795112216.551154
795247302.616955
795247302.616955
795247302.616955
795617224.076668
795617224.076668
795476575.088247
795476575.088247
795476575.088247
795115255.034825
795115255.034825
795324594.120302
795324594.120302
795324594.120302
795324594.120302
795373060.924461
795373060.924461
795414980.764549
795236315.580469
795222704.324449
795222704.324449
795369812.244185
795207284.806592
795078011.08339
795078011.08339
795078011.08339
794755301.946771
794657715.708742
794963912.99617
795243985.749238
795243985.749238
795243985.749238
795277583.676984
794667711.626588
794673274.18382
794673274.18382
794673274.18382
794718998.337587
794688119.887608
795422939.655722
795422939.655722
795422939.655722
795422939.655722
795422939.655722
795355442.524309
795708765.33551
795551685.825007
795675696.617808
795654634.840945
795158563.268
795119031.328411
795119031.328411
795493006.422627
794908483.392781
794842281.531322
794842281.531322
794842281.531322
794842281.531322
794837867.774848
794837867.774848
794837867.774848
794837867.774848
794837867.774848
794837867.774848
794837867.774848
794785277.659315
795048763.142328
795048763.142328
795048763.142328
795048763.142328
795048763.142328
794751426.002581
794669414.045452
794669414.045452
794669414.045452
794852368.338467
794852368.338467
794852368.338467
794852368.338467
795014976.090636
795014976.090636
795014976.090636
795014976.090636
795014976.090636
795014976.090636
795014976.090636
795014976.090636
795008921.083936
795008921.083936
795053320.603872
795053320.603872
795053320.603872
795053320.603872
795053320.603872
795277766.042526
795181944.53844
795181944.53844
795393174.242915
795499360.454346
795499360.454346
795331589.30683
795331589.30683
795331589.30683
795165095.694764
795165095.694764
795135859.000159
795135859.000159
795095905.241997
795095905.241997
795095905.241997
795330973.204288
795330973.204288
795173157.527947
795173157.527947
795173157.527947
795173157.527947
794979157.963779
794979157.963779
794874889.943535
795220870.116021
795220870.116021
795220870.116021
795294273.103255
795294273.103255
795294273.103255
794835902.209188
794835902.209188
794835902.209188
794835902.209188
795175617.035738
795162351.00083
795171500.476774
795171500.476774
795093723.902878
795093723.902878
794975861.806881
794975861.806881
795192836.350349
795192836.350349
795173271.450327
795173271.450327
794819753.040197
794819753.040197
794819753.040197
794942667.244943
794779758.449229
794779758.449229
794775309.696864
794775309.696864
794960195.266061
794977018.935105
795766643.632728
795766643.632728
795766643.632728
795192027.49411
795192027.49411
795192027.49411
795390281.063628
795390281.063628
795242775.173497
795242775.173497
794972444.142492
795054901.870791
794947283.173137
794947283.173137
795025461.349284
795025461.349284
795075056.635146
795075056.635146
795075056.635146
795075056.635146
795075056.635146
795075056.635146
795075056.635146
795075056.635146
795075056.635146
795133109.742816
795133109.742816
795387753.042556
794770722.123491
794770722.123491
795055023.523383
795055023.523383
795055023.523383
795055023.523383
795055023.523383
795055023.523383
795393143.451911
795393143.451911
795393143.451911
795666516.829871
795666516.829871
795238916.839718
795238916.839718
795238916.839718
794943639.488223
794943639.488223
794921694.283462
794921694.283462
794921694.283462
794921694.283462
794921694.283462
795083773.262061
794992432.8755
794992432.8755
794862254.981501
795510224.625866
795510224.625866
794838191.313903
795714397.437685
795714397.437685
795201919.279704
795201919.279704
795201919.279704
795201919.279704
795201919.279704
795201919.279704
795201919.279704
795201919.279704
795201919.279704
795201919.279704
795094812.589653
795639718.977962
795430044.671519
795430044.671519
795270688.465129
795415863.577808
795415863.577808
795415863.577808
795452813.339813
795452813.339813
795347278.98096
795347278.98096
795442397.137312
795442397.137312
795442397.137312
795228330.024348
795228330.024348
795228330.024348
795228330.024348
794831896.9932
794868966.027637
794762736.964574
794762736.964574
794762736.964574
795254593.499585
795254593.499585
795254593.499585
795254593.499585
795012183.076791
795012183.076791
795012183.076791
795019465.211219
795019465.211219
795019465.211219
795582873.179987
795582873.179987
795582873.179987
795582873.179987
795582873.179987
795582873.179987
795654260.332167
795654260.332167
795654260.332167
795140362.291018
795140362.291018
795140362.291018
795140362.291018
795140362.291018
795140362.291018
795140362.291018
795483594.412529
795483594.412529
795303409.653027
795303409.653027
795444924.72503
795527185.473301
795113578.167214
795113578.167214
795113578.167214
794675856.711033
794977819.386248
794977819.386248
794977819.386248
794977819.386248
794644927.807691
794644927.807691
795130592.329582
795130592.329582
795130592.329582
795130592.329582
795130592.329582
795036255.419476
795036255.419476
795036255.419476
795036255.419476
794657709.157236
794890446.184175
794890446.184175
794890446.184175
794890446.184175
795204565.732179
795204565.732179
795409715.447568
795108351.240588
795108351.240588
795145105.910763
795145105.910763
795145105.910763
794904133.28565
794904133.28565
795070744.518257
795565076.795472
795565076.795472
795084431.445198
795477445.521816
795668544.967262
795668544.967262
795147121.214021
795648550.052151
795409048.443833
795409048.443833
795409048.443833
795409048.443833
795410844.513174
795410844.513174
795410844.513174
795410844.513174
795410844.513174
795410844.513174
795410844.513174
795410844.513174
795460355.704826
795342542.763188
795342542.763188
795482708.780579
795225694.376563
795225694.376563
795225694.376563
795225694.376563
795225694.376563
795225694.376563
795225694.376563
795225694.376563
794769980.042294
794912721.474927
794748492.038007
794748492.038007
795144443.562936
795177924.711364
795336456.855201
795336456.855201
795091545.099813
795091545.099813
795091545.099813
795091545.099813
795370182.716648
795370182.716648
794711055.679088
794711055.679088
794711055.679088
795028565.895273
795127868.860443
795127868.860443
795127868.860443
795127868.860443
795127868.860443
795127868.860443
795490212.434716
795490212.434716
795490212.434716
795203208.100259
795203208.100259
795203208.100259
795203208.100259
795203208.100259
795203208.100259
795765600.686836
795765600.686836
795375897.483037
795375897.483037
794818644.463827
794794892.150306
794794892.150306
794794892.150306
794639156.500308
794639156.500308
794639156.500308
794639156.500308
794639156.500308
795383968.151671
795383968.151671
795383968.151671
795511571.308517
795511571.308517
795511571.308517
795511571.308517
795511571.308517
795511571.308517
795940250.921165
794911873.321002
794911873.321002
794911873.321002
794911873.321002
795075475.859406
795075475.859406
795075475.859406
795308394.536418
795066862.450831
795066862.450831
795066862.450831
795066862.450831
795066862.450831
795333744.747384
795333744.747384
795333744.747384
795333744.747384
795333744.747384
795333744.747384
795486979.463815
795283691.563605
795283691.563605
795283691.563605
795283691.563605
795287091.039862
795287091.039862
795287091.039862
795287091.039862
794790663.915841
795066561.631278
795593674.726903
795593674.726903
795593674.726903
795593674.726903
795593674.726903
795593674.726903
795593674.726903
795593674.726903
795596935.85189
795964473.692694
795005291.647753
795005291.647753
794565080.112128
794565080.112128
794751699.142794
794751699.142794
794751699.142794
795285733.899455
795285733.899455
795285733.899455
795285733.899455
795564365.709773
795564365.709773
795564365.709773
795076679.01209
795076679.01209
795106623.465834
795544868.8145
795272834.626408
795272834.626408
795272834.626408
795401291.101481
795401291.101481
795401291.101481
795401291.101481
795401291.101481
795088395.545167
795088395.545167
795088395.545167
795626408.423285
795871847.1351
795871847.1351
795030703.622485
794804230.479133
795035697.156527
795035697.156527
795277348.934244
795277348.934244
795096507.122687
795096507.122687
795096507.122687
795524603.51734
795524603.51734
795524603.51734
795524603.51734
795131038.659789
795376603.854602
795376603.854602
795376603.854602
794727054.268512
795365237.920409
795365237.920409
795365237.920409
795032560.488273
795032560.488273
795032560.488273
795032560.488273
795032560.488273
795032560.488273
795032560.488273
795032560.488273
795035847.641115
795035847.641115
795035847.641115
794977848.848385
794977848.848385
794880528.872449
795557545.400135
795557545.400135
795173753.565143
795036082.38301
795451840.398927
795451840.398927
795451840.398927
795451840.398927
795451840.398927
795367052.878764
795367052.878764
794863733.985649
794863733.985649
795654153.27783
795654153.27783
795298342.807125
795298342.807125
795298342.807125
795298342.807125
795298342.807125
795270872.166408
795270872.166408
795270872.166408
795270872.166408
795311624.259174
795311624.259174
795069113.861103
795069113.861103
795069113.861103
795069113.861103
795165033.086423
795165033.086423
795165033.086423
795157484.600358
795157484.600358
795157484.600358
795157484.600358
795157484.600358
795157484.600358
795157484.600358
795157484.600358
795157484.600358
795157484.600358
795157484.600358
795157484.600358
795157484.600358
795157484.600358
795157484.600358
795099704.426723
795099704.426723
794747649.282798
794688011.587703
794605976.698185
794605976.698185
795408253.527775
795593972.671955
795703761.989378
795703761.989378
795703761.989378
795703761.989378
795703761.989378
795703761.989378
795633052.590907
795633052.590907
795633052.590907
795633052.590907
795633052.590907
795633052.590907
795633052.590907
795691797.566166
795306461.486457
795306461.486457
795306461.486457
795365859.984173
795365859.984173
795365859.984173
795597097.069071
795597097.069071
795597097.069071
795145394.852514
795145394.852514
794882776.709352
794882776.709352
794882776.709352
794882776.709352
795524540.411413
795524540.411413
795235408.129809
795235408.129809
795235408.129809
795235408.129809
794522320.785231
794522320.785231
795188898.002979
795583790.861323
795583790.861323
795299843.48823
795598800.446902
795598800.446902
795598800.446902
795598800.446902
795598800.446902
795397265.026842
795397265.026842
794908216.73181
794908216.73181
795190447.513914
795190447.513914
795190447.513914
795190447.513914
795190447.513914
795190447.513914
794969969.223514
794969969.223514
794969969.223514
794969969.223514
794931145.83832
794931145.83832
795242525.236077
795242525.236077
795242525.236077
795154339.984647
795154339.984647
795154339.984647
794657215.827892
795360811.541832
795360811.541832
795360811.541832
795306408.415014
795456780.647013
795313708.797965
795313708.797965
795313708.797965
795313708.797965
795313708.797965
794968832.624147
795045500.306051
795045500.306051
795045500.306051
795386681.172756
795386681.172756
795320845.171951
795191056.385372
795191056.385372
795191056.385372
795179196.355217
795179196.355217
795179196.355217
795179196.355217
795270544.67619
795270544.67619
795270544.67619
795077560.009186
795051705.016047
795051705.016047
795051705.016047
795051705.016047
795051705.016047
795051705.016047
795170123.953647
795131560.767628
795131560.767628
795131560.767628
795474503.625053
795474503.625053
795474503.625053
795474503.625053
795474503.625053
795474503.625053
795474503.625053
795163340.474305
795163340.474305
795163340.474305
795417224.979441
794783201.952098
794783201.952098
795092733.363222
795092733.363222
795060931.023617
795060931.023617
795101050.173443
795367706.728799
795367706.728799
795234867.890818
795003543.378713
795341724.760364
795341724.760364
794785562.86951
794905848.279591
794684877.968727
794780487.846561
794801322.631738
795112198.244412
795112198.244412
795082036.101926
795082036.101926
795082036.101926
795041326.73321
795622208.207153
795622208.207153
795622208.207153
795622208.207153
795120413.175398
795120413.175398
795120413.175398
795387070.60117
795387070.60117
795387070.60117
795624991.848396
795624991.848396
795417042.809238
795390203.199252
795330704.802536
795330704.802536
795330704.802536
795330704.802536
795417481.724002
795417481.724002
795399852.219397
795399852.219397
795399852.219397
795448973.917844
795427394.894975
795427394.894975
795455870.804468
795666011.761033
795670812.26236
795670812.26236
795670812.26236
795670812.26236
795670812.26236
795372002.285237
795372002.285237
795596494.413475
795596494.413475
795454338.644068
795454338.644068
795454338.644068
795454338.644068
795454338.644068
795454338.644068
795344924.202077
795344924.202077
795344924.202077
794752859.389483
794752859.389483
794752859.389483
794965068.600022
794965068.600022
795419438.228238
795419438.228238
795330315.877743
795330315.877743
794928632.554758
794928632.554758
794736548.142992
794822537.697849
795327934.507614
795038357.407425
795455981.995272
795516526.971122
795366786.283785
795366786.283785
795366786.283785
794989174.201027
794970612.727917
794970612.727917
794970612.727917
794811443.361359
794811443.361359
795217098.19678
795217098.19678
795521033.543156
794822923.94175
794822923.94175
794989818.866708
794989818.866708
795311254.666413
795311254.666413
795311254.666413
795311254.666413
795379651.610894
794831737.112393
795248647.068183
794897213.320125
795076562.711781
794638853.162098
794638853.162098
795164801.789455
794936994.222994
794936994.222994
794936994.222994
794647573.504455
794647573.504455
794647573.504455
794647573.504455
795266817.233868
795266817.233868
795266817.233868
795266817.233868
795266817.233868
794732709.624656
794732709.624656
794630619.12448
794630619.12448
794630619.12448
795172886.715146
794922328.396241
794764281.819362
794764281.819362
794908638.250887
794908638.250887
794908638.250887
794962355.152895
795129016.59085
795129016.59085
795304425.507046
795473812.967842
795049358.352056
795124127.328075
795046814.373378
794961782.790572
794997334.318756
794997334.318756
794997334.318756
795297923.017773
795297923.017773
795297923.017773
795297923.017773
795297923.017773
795297923.017773
795297923.017773
795087723.918981
795327354.855893
794750817.946358
794750817.946358
794750817.946358
794712941.887874
794983190.228603
794983190.228603
794983190.228603
795278176.936528
795278176.936528
795278176.936528
795278176.936528
795278176.936528
795278176.936528
795233413.77862
795233413.77862
795233413.77862
795370848.116274
795370848.116274
795370848.116274
795370848.116274
795370848.116274
795370848.116274
795370848.116274
795370848.116274
794987029.799189
795091490.581568
795091490.581568
795091490.581568
795466862.550073
795466862.550073
795703252.877799
795703252.877799
795405469.610332
795027780.57278
794968889.865747
794968889.865747
794968889.865747
794968889.865747
794976028.409986
795039913.633255
795039913.633255
795039913.633255
795136463.196873
795136463.196873
795136463.196873
795166979.604714
795670236.296694
795233222.56683
795233222.56683
795391332.560564
794804720.031048
795514009.636044
795514009.636044
795514009.636044
795548631.984599
795548631.984599
795256615.921478
795256615.921478
795244767.796194
795004190.702904
795004190.702904
795149998.126969
795149998.126969
795149998.126969
795149998.126969
795149998.126969
795324209.912217
795157596.157741
795157596.157741
795157596.157741
795157596.157741
795157596.157741
795157596.157741
795157596.157741
795361419.658549
795653119.613412
795653119.613412
795653119.613412
795344324.039166
794796218.207128
795051473.823293
795051473.823293
794801816.950401
794782869.841382
794782869.841382
794782869.841382
795512667.10863
795512667.10863
795522390.660087
795522390.660087
795522390.660087
795522390.660087
795522390.660087
795522390.660087
795522390.660087
795391529.031664
795247120.05313
795660291.611865
795582994.320996
795582994.320996
795582994.320996
795582994.320996
795582994.320996
795582994.320996
795582994.320996
795144064.803259
795253149.881211
794952019.684725
794952019.684725
794952019.684725
794952019.684725
794952019.684725
794952019.684725
794952019.684725
794952019.684725
794888899.579166
795006469.359189
795006469.359189
795006469.359189
794986184.430146
794986184.430146
794882416.033809
794882416.033809
795162868.664718
795162868.664718
795162868.664718
795184732.534715
795116960.038464
795116960.038464
795569307.789371
795508117.077485
795540721.142205
795586170.586556
795337562.495228
795337562.495228
795337562.495228
795154940.97687
795154940.97687
795154940.97687
795154940.97687
795154940.97687
795090222.768672
795315913.4158
795315913.4158
795555959.537982
795555959.537982
794835659.852718
794759218.761333
794717648.786142
795421450.042955
795051875.186177
795153775.277926
794751012.591358
795533356.951582
795533356.951582
795330462.430277
795258393.639709
795258393.639709
795258393.639709
795258393.639709
795258393.639709
795258393.639709
795258393.639709
795258393.639709
795258393.639709
795258393.639709
795258393.639709
795145382.66139
795145382.66139
795145382.66139
795145382.66139
795145382.66139
794860561.99701
795251393.899304
795251393.899304
795251393.899304
795073982.042637
795073982.042637
795040787.147933
795807033.973241
795070132.446393
795022896.843562
795230784.553752
795230784.553752
795230784.553752
795230784.553752
795230784.553752
795230784.553752
794986210.326322
795500856.981927
795500856.981927
795500856.981927
795500856.981927
795500856.981927
795232622.116814
795214489.734346
795214489.734346
794913644.359472
794913644.359472
794913644.359472
794913644.359472
794913644.359472
794913644.359472
794913644.359472
795235709.668539
795040182.42789
795040182.42789
794966658.807768
794966658.807768
794966658.807768
794966658.807768
795244559.657027
795101339.604146
794976897.61588
795443169.628297
795443169.628297
795268505.269712
795268505.269712
795268505.269712
795268505.269712
795268505.269712
795268505.269712
795268505.269712
795117182.485982
795117182.485982
795117182.485982
795117182.485982
795990048.458255
795990048.458255
795990048.458255
795263985.438088
795516664.846809
795710595.349913
795710595.349913
795710595.349913
795336935.041548
795543583.116455
795358399.570928
795358399.570928
795394261.872998
795394261.872998
795248956.397116
795537630.593597
795409471.102579
795229312.203784
795229312.203784
795229312.203784
795229312.203784
795422868.943314
795422868.943314
795322643.934485
795322643.934485
795322643.934485
795322643.934485
795006516.997296
794804819.68638
794988835.52723
794988835.52723
794962770.396761
794962770.396761
794962770.396761
794962770.396761
794962770.396761
794962770.396761
794962770.396761
795205478.46468
795205478.46468
795440856.990578
795747055.935376
795747055.935376
795747055.935376
795693045.235203
795693045.235203
795265553.313394
795265553.313394
795265553.313394
795265553.313394
795265553.313394
795265553.313394
795265553.313394
795265553.313394
795265553.313394
795477106.227407
795433042.680926
795044556.901343
795044556.901343
795083080.290734
795083080.290734
795083080.290734
795083080.290734
795083080.290734
795083080.290734
795083080.290734
795083080.290734
795200896.725175
795200896.725175
795200896.725175
795200896.725175
795200896.725175
794672229.014355
794672229.014355
794583604.951326
794583604.951326
794583604.951326
795039337.244308
794859283.862652
795207589.63317
795207589.63317
795207589.63317
795207589.63317
795207589.63317
795207589.63317
795207589.63317
794985161.469615
794985161.469615
795363290.911852
795363290.911852
795363290.911852
795738476.390965
795226973.289922
795079628.324422
795079628.324422
795079628.324422
795079628.324422
795079628.324422
795158989.454196
795158989.454196
795472612.978816
795524240.384555
795055750.324249
795055750.324249
795055750.324249
795055750.324249
794757128.150969
794757128.150969
794986608.113421
794986608.113421
794986608.113421
794986608.113421
794986608.113421
795172898.380826
795172898.380826
795256823.384106
794969647.445487
795200918.33486
795200918.33486
795200918.33486
795200918.33486
795293644.965759
795293644.965759
795293644.965759
795293644.965759
795293644.965759
795202767.333711
795374186.841231
795510279.13261
795510279.13261
795513353.047206
795513353.047206
795493453.694219
795493453.694219
795328947.08139
795565872.838139
795150662.061698
795150662.061698
794763430.807184
794763430.807184
794763430.807184
795138216.514934
795138216.514934
795138216.514934
795469886.704782
795469886.704782
795469886.704782
795193935.32513
795193935.32513
795114372.266807
795114372.266807
795114372.266807
795114372.266807
795114372.266807
795143138.269675
795143138.269675
795023859.537048
795023859.537048
795023859.537048
795038105.191651
794994678.88737
794994678.88737
795379087.76695
795308651.290058
795308651.290058
794685081.670291
794685081.670291
794685081.670291
794685081.670291
794803415.10637
794803415.10637
794712968.838838
794580428.344658
795035426.505871
795035426.505871
795035426.505871
795035426.505871
795219511.759976
795219511.759976
795219511.759976
795219511.759976
795219511.759976
795219511.759976
795219511.759976
795298233.060009
795298233.060009
795270981.273554
795270981.273554
795270981.273554
794949300.823509
794949300.823509
795205440.783799
794996907.970526
794996907.970526
794996907.970526
794992959.820767
794992959.820767
795190801.830863
795190801.830863
795265808.456749
795265808.456749
795260766.465765
794574981.49879
794690493.898401
794690493.898401
794690493.898401
794690493.898401
794870224.659972
794870224.659972
795102084.66625
795102084.66625
795102084.66625
795102084.66625
795102084.66625
795126087.37169
795126087.37169
795586267.007815
795427112.377192
795427112.377192
795269335.642727
795269335.642727
794871129.596951
794871129.596951
794871129.596951
794871129.596951
794871129.596951
794871129.596951
794871129.596951
794871129.596951
795023193.255292
795023193.255292
795023193.255292
795023193.255292
795600564.109667
795600564.109667
795490460.81549
795490460.81549
795490460.81549
795490460.81549
795498750.013335
795498750.013335
795498750.013335
795069701.30523
795069701.30523
795207544.557515
794785308.716421
794785308.716421
794714054.604974
794439810.153951
795163964.118702
795163964.118702
795163964.118702
795163964.118702
794702857.646831
794702857.646831
795098360.127494
795098360.127494
795229882.322166
795229882.322166
795229882.322166
795194971.699214
795194971.699214
795691033.69122
795675855.642387
795600451.680167
795600451.680167
794782518.465767
794782518.465767
794860361.410101
795170089.551435
795391038.177304
795176390.479357
795176390.479357
795176390.479357
795176390.479357
795131641.614649
795131641.614649
795131641.614649
795131641.614649
795131641.614649
795505622.796407
794728737.191454
795320606.937216
795312640.743814
795312640.743814
794923923.691793
794563928.4853
794563928.4853
794943718.90746
795099908.285219
795099908.285219
795099908.285219
795071562.05965
795417387.10907
795417387.10907
795315849.977182
795315849.977182
794824012.163432
794824012.163432
794517998.248022
794690440.212421
794690440.212421
794647713.942181
795042130.363156
795042130.363156
795299563.817884
795594538.458004
795594538.458004
795594538.458004
795594538.458004
795594538.458004
795306614.042816
795208428.568489
795208428.568489
795261996.174802
795261996.174802
795261996.174802
795261996.174802
795316256.574754
795200652.272389
795142037.682727
795406001.315921
794654683.790825
794654683.790825
794549436.971388
794803785.24366
794996186.067075
794996186.067075
795066304.973728
795066304.973728
795066304.973728
795066304.973728
795066304.973728
795066304.973728
795066304.973728
795328627.993646
795148912.5375
795148912.5375
795148912.5375
795148912.5375
795148912.5375
795158723.88174
794954994.752011
795503565.684183
795503565.684183
795503565.684183
795503565.684183
794934049.051566
794934049.051566
794934049.051566
794934049.051566
794934049.051566
795039639.752038
795039639.752038
795039639.752038
794816854.705421
795307099.192705
795307099.192705
795572503.500271
795025608.096195
794999758.479609
795106526.78841
795029676.00473
795029676.00473
795029676.00473
795029676.00473
795029676.00473
795029676.00473
795029676.00473
795029676.00473
795029676.00473
795029676.00473
795029676.00473
794972434.954749
795361474.596483
795333730.777768
795778676.168203
795231933.268015
795231933.268015
795231933.268015
795231922.173005
795231922.173005
795231922.173005
794957167.836295
794957167.836295
794957167.836295
794796633.252204
794796633.252204
794908991.220695
794839560.893083
795051902.991816
795051902.991816
795051902.991816
795051902.991816
795051902.991816
795051902.991816
795113965.603982
795113965.603982
795294285.971409
795294285.971409
795294285.971409
795294285.971409
795294285.971409
795294285.971409
795186009.699171
795186009.699171
795186009.699171
795186009.699171
795085598.825716
795085598.825716
795085598.825716
795085598.825716
795085598.825716
795168118.911803
795168118.911803
795168118.911803
794978602.077898
794978602.077898
794978602.077898
794978602.077898
794978602.077898
794978602.077898
794978602.077898
794978602.077898
794978602.077898
795389879.189854
795389879.189854
795468568.812354
795468568.812354
795468568.812354
795468568.812354
795468568.812354
795468568.812354
795348475.655176
795348475.655176
795348475.655176
795003734.176062
795003734.176062
795003734.176062
795003734.176062
794835076.270653
794835076.270653
794835076.270653
794835076.270653
795172950.487628
795172950.487628
795172950.487628
795172950.487628
795172950.487628
795172950.487628
795172950.487628
795172950.487628
795172950.487628
795618391.120581
794941156.254725
794941156.254725
794590824.729479
794590824.729479
795156345.34313
794605613.582036
794982379.216446
794982379.216446
795072838.065345
794902430.778091
794902430.778091
795080572.884913
795080572.884913
795095439.181893
795095439.181893
795095439.181893
795095439.181893
795095439.181893
795030698.040057
795030698.040057
795030698.040057
794954771.735605
794954771.735605
794954771.735605
795452758.228903
795452758.228903
795452758.228903
795452758.228903
795452758.228903
795841666.910911
795870157.005933
795870157.005933
795907718.38567
795795981.804397
795135205.717107
795135205.717107
795135205.717107
795135205.717107
795135205.717107
795135205.717107
795393356.173804
795589296.824998
795589296.824998
795588817.970232
794902573.091025
795622540.522324
795460540.11315
795279778.354678
795279778.354678
795004134.131957
795004134.131957
795004134.131957
795004134.131957
795004134.131957
794989758.636983
794664245.439465
794778626.763754
794778626.763754
794778626.763754
795313545.663389
795313545.663389
795313545.663389
794975435.410723
795256069.562693
795256069.562693
795256069.562693
795256069.562693
795412639.353397
795582324.204127
795582324.204127
795631823.950131
795631823.950131
795145601.649444
795145601.649444
794802710.342783
794802710.342783
794827685.086129
795008810.492809
795008810.492809
795008810.492809
795008810.492809
794581639.047449
794810654.495554
794844451.94261
794971571.963618
794971571.963618
794674368.159647
794674368.159647
794674368.159647
795148274.632371
794934402.540167
795431464.281341
795405705.091998
795405705.091998
795405705.091998
795405705.091998
795405705.091998
795405705.091998
795405705.091998
795405705.091998
795405705.091998
795405705.091998
794747398.187509
795122050.056043
795122050.056043
795393904.14387
795149734.163498
795149734.163498
795087525.259133
795288079.919262
795374374.712884
795374374.712884
795374374.712884
795211805.957079
795211805.957079
795434095.588056
795112058.397876
795112058.397876
795382783.507196
795382783.507196
795382783.507196
795382783.507196
795382783.507196
795382783.507196
795052774.344804
795052774.344804
794960441.939645
794960441.939645
794960441.939645
794960441.939645
795039258.041618
795077995.387109
795036843.009244
795036843.009244
795330908.109984
795330908.109984
795920016.92711
795597308.309063
795597308.309063
795567559.989826
795567559.989826
795915870.922952
795915870.922952
795915870.922952
795802031.178131
795802031.178131
795802031.178131
795802031.178131
795802031.178131
795802031.178131
794979889.422661
795124307.804403
794979693.617154
794979693.617154
794979693.617154
794979693.617154
795327150.171073
795327150.171073
795037079.813515
795037079.813515
795037079.813515
795037079.813515
795037079.813515
795147003.051801
795147003.051801
795128106.392186
795062570.845884
795635211.739971
795434857.281752
795434857.281752
795434857.281752
795434857.281752
795434857.281752
795434857.281752
795466945.268921
795466945.268921
795004180.354586
795004180.354586
795004180.354586
795004180.354586
795004180.354586
795004180.354586
795193854.453238
795193854.453238
795193854.453238
795628401.223625
795628401.223625
795458244.770354
795609018.97408
795609018.97408
795743535.992647
795743535.992647
795743535.992647
795743535.992647
795338785.752267
795338785.752267
795338785.752267
795393118.500407
795584267.329468
795348471.125826
795348471.125826
794835161.156791
794835161.156791
794835161.156791
794835161.156791
794835161.156791
795227738.181067
795398596.650145
795398596.650145
795398596.650145
795398596.650145
795398596.650145
795293644.437111
794685553.503268
794685553.503268
794685553.503268
795208287.30177
795208287.30177
795208287.30177
795208287.30177
795208287.30177
795208287.30177
795513692.660809
795513692.660809
795513692.660809
795073818.469362
795073818.469362
795073818.469362
795739218.932738
795739218.932738
795578427.025025
795578427.025025
795578427.025025
795534561.389777
795534561.389777
795534561.389777
794928951.562644
794928951.562644
794928951.562644
795271117.746149
795052917.807176
795052917.807176
795052917.807176
795398279.96092
795398279.96092
794860212.727532
794860212.727532
794757657.503527
794920832.622607
794936026.510273
794936026.510273
794936026.510273
795268020.083147
795268020.083147
795074401.047167
795074401.047167
794914310.026952
794914310.026952
794744927.936138
794744927.936138
794744927.936138
795267442.35071
795087845.118439
794314038.115432
794314038.115432
794640274.695541
794758148.242766
794758148.242766
794758148.242766
794758148.242766
794758148.242766
794955172.554576
794637335.887177
795074265.061392
795074265.061392
795074265.061392
795484929.045393
795484929.045393
795484929.045393
795484929.045393
795484929.045393
794797731.132203
794797731.132203
794940240.701026
794732259.801767
794732259.801767
794732259.801767
795167809.037744
795337919.608351
794590990.687918
795116866.39099
795566857.312874
795566857.312874
795566857.312874
795177640.310098
795536884.336594
795439139.136838
795224615.477324
795224615.477324
795224615.477324
795224615.477324
795224615.477324
795224615.477324
795224615.477324
795224615.477324
795224615.477324
794978644.747008
794978644.747008
794978644.747008
795484840.403508
794992213.042267
794992213.042267
794992213.042267
794992213.042267
795291347.263973
795291347.263973
795073357.160508
795073357.160508
794987015.275361
794987015.275361
794987015.275361
795160095.779999
794866805.576207
795346340.605635
795346340.605635
795346340.605635
795297793.975732
795297793.975732
795551115.243937
795551115.243937
795233072.292266
795233072.292266
795233072.292266
795436879.508496
795436879.508496
795436879.508496
795441496.366863
795441496.366863
795441496.366863
795441496.366863
795441496.366863
795441496.366863
795441496.366863
795441496.366863
795441496.366863
795441496.366863
795441496.366863
795383045.352937
795383045.352937
795383045.352937
795459741.653088
795241257.552502
795086543.718283
795086543.718283
795007283.768856
794861895.167417
794861895.167417
794806319.923417
794537141.109179
795483902.811864
795483902.811864
795541909.08896
795541909.08896
795541909.08896
795541909.08896
795536719.27233
795336296.652403
795336296.652403
795210273.570859
795392745.164966
795945100.958662
795351252.563091
794237022.630057
794237022.630057
794237022.630057
794237022.630057
795000508.057356
795000508.057356
795324442.262915
795324442.262915
795215798.24787
795215798.24787
795215798.24787
795215798.24787
795215798.24787
795499168.405621
795499168.405621
795176841.887215
795176841.887215
795176841.887215
795736061.250617
795736061.250617
795736061.250617
795736061.250617
795195291.560266
795195291.560266
795195291.560266
795195291.560266
795445496.767191
795445496.767191
795445496.767191
795445496.767191
795445496.767191
795445496.767191
795445496.767191
795445496.767191
795218522.394136
795201009.348893
795201009.348893
795201009.348893
795201009.348893
795201009.348893
795201009.348893
795357306.457622
795499798.669062
795402247.803582
795402247.803582
795277616.873715
795277616.873715
795277616.873715
794692694.171853
794692694.171853
794692694.171853
794692694.171853
794692694.171853
794692694.171853
794692694.171853
794692694.171853
794594272.426823
795465141.620767
795465141.620767
795465141.620767
795477508.800267
795477508.800267
795221381.936068
795135371.730657
795135371.730657
795897944.982147
795897944.982147
795795634.427736
795795634.427736
795795634.427736
795795634.427736
795795634.427736
795795634.427736
795795634.427736
795795634.427736
795795634.427736
795795634.427736
795617927.383143
795192452.619458
795192452.619458
795350647.17606
795350647.17606
795094750.080759
794963537.424437
794963537.424437
794963537.424437
794679535.534623
794679535.534623
794966883.171026
794966883.171026
794674791.544434
795308206.145321
795308206.145321
795349022.65966
795349022.65966
795229864.071169
794844338.782546
794844338.782546
795387970.684139
795387970.684139
795387970.684139
795695748.022612
795695748.022612
795048754.502228
795054734.438446
795054734.438446
794977452.502178
794977452.502178
794892570.819261
794892570.819261
794892570.819261
794892570.819261
795017294.965386
795017294.965386
794894305.008082
794780968.537628
795199632.263117
795199632.263117
795127875.654909
794899716.771188
794899716.771188
794983425.142848
794983425.142848
794983425.142848
794983425.142848
794842478.012135
794842478.012135
794730589.535128
794730589.535128
794903006.169726
794903006.169726
794903006.169726
794903006.169726
795273568.978231
795273568.978231
795273568.978231
794930099.059694
794930099.059694
794930099.059694
794930099.059694
794930099.059694
795619497.0753
795271142.898266
795271142.898266
795354617.961092
795378488.746273
795378488.746273
795168571.064737
795270779.907094
795270779.907094
795270779.907094
795270779.907094
795270779.907094
795270779.907094
795270779.907094
794624538.218674
794624538.218674
794624538.218674
795079930.102172
795050157.372676
795050157.372676
795050157.372676
795123737.063871
795123737.063871
794896716.431531
794669782.362862
794669782.362862
795017659.565271
795017659.565271
795382079.566205
795382079.566205
795382079.566205
795769767.683277
795487934.888661
794938945.947515
794938945.947515
794938945.947515
795319372.14727
795319372.14727
795076067.659989
795076067.659989
795159172.026707
795159172.026707
795159172.026707
795159172.026707
795436008.904892
795436008.904892
795436008.904892
795436008.904892
795245204.434307
794994242.746624
795040134.806864
795040134.806864
795174446.49834
795174446.49834
795575683.23914
795479616.237966
795813010.092175
795813010.092175
795813010.092175
795813010.092175
795813010.092175
795813010.092175
795813010.092175
795813010.092175
795813010.092175
795744833.033915
795744833.033915
795744833.033915
795744833.033915
795744833.033915
795709905.871176
795709905.871176
795709905.871176
795709905.871176
795276761.580999
795276761.580999
795276761.580999
795337339.910964
795337339.910964
795337339.910964
795337339.910964
795337339.910964
795337339.910964
795337339.910964
795337339.910964
794717173.309289
794982991.787537
794982991.787537
794982991.787537
795286116.772858
795286116.772858
795286116.772858
795406638.672605
795346648.589036
795346648.589036
795346648.589036
795346648.589036
795346648.589036
795015936.675694
795015936.675694
795015936.675694
795015936.675694
795015936.675694
795015936.675694
795015936.675694
795015936.675694
795185961.795967
795185961.795967
795185961.795967
795185961.795967
795185961.795967
795185961.795967
795185961.795967
795185961.795967
795333549.253407
795333549.253407
795333549.253407
795333549.253407
795318804.903637
795339523.99075
795339523.99075
795900033.373662
795251227.002409
795251227.002409
795251227.002409
795251227.002409
795221477.680132
795221477.680132
795234877.485731
795003737.272212
795268093.089104
795268093.089104
795461487.622841
794706340.057695
794681594.698515
794681594.698515
794749805.416358
794927739.06376
794927739.06376
794717031.52038
794845557.422048
795320673.858827
795346012.32663
795346012.32663
795346012.32663
795346012.32663
795346012.32663
795346012.32663
795346012.32663
795346012.32663
795346012.32663
794790746.03246
795167003.062745
795167003.062745
795262170.46568
795245811.852495
795397580.741115
795397580.741115
795362216.831185
795362216.831185
794942956.681085
794942956.681085
794851064.019956
794934151.268191
795095318.70653
795095318.70653
795188519.593415
795188519.593415
795439094.084988
795386439.073783
795386439.073783
795377154.242921
795377154.242921
795377154.242921
795377154.242921
794969777.626621
794969777.626621
794969777.626621
794969777.626621
794969777.626621
794787190.583962
794787190.583962
794787190.583962
794787190.583962
795481317.446956
795481317.446956
795481317.446956
795131479.322988
795131479.322988
795131479.322988
795131479.322988
795131479.322988
795131479.322988
795131479.322988
795131479.322988
795273112.011597
795273112.011597
795273112.011597
795186510.605096
794973677.177863
794973677.177863
794973677.177863
794973677.177863
794973677.177863
794973677.177863
794973677.177863
795352018.962154
795096477.22836
795096477.22836
795362005.156639
795209756.774921
795209756.774921
795209756.774921
795209756.774921
795209756.774921
795209756.774921
795209756.774921
795209756.774921
795209756.774921
795209756.774921
795165443.504179
795165443.504179
795306037.394993
795306037.394993
795450046.275117
795683328.448528
795683328.448528
795683328.448528
795683328.448528
795683328.448528
794985436.350435
794985436.350435
794985436.350435
794815120.429762
794815120.429762
795130616.62252
795152392.00005
795152392.00005
795179097.638604
795179097.638604
795212899.624591
795212899.624591
795212899.624591
795212899.624591
794902203.578167
794902203.578167
795305609.263348
795466595.425346
795535123.385084
794713093.833842
794713093.833842
794713093.833842
794902349.199511
794902349.199511
794902349.199511
795058978.811366
795263209.395044
794985927.701788
794985927.701788
794985927.701788
794985927.701788
794816275.570305
794827526.127663
795180517.86958
795225707.083052
795590925.190693
795590925.190693
794983381.485898
795725868.652868
795538009.113373
795538009.113373
795538009.113373
795538009.113373
795338121.90167
795210142.667559
795210142.667559
795210142.667559
795516042.358512
794794943.053949
795200875.703669
795054599.1551
795054599.1551
795054599.1551
795054599.1551
795054599.1551
795054599.1551
795054599.1551
795262655.457989
795262655.457989
795717657.322645
795544208.974571
795544208.974571
794789445.241289
795284286.229816
795284286.229816
795284286.229816
795284286.229816
795284286.229816
795284286.229816
795284286.229816
795284286.229816
795284286.229816
795304514.904648
795364191.194345
795371702.474071
795371702.474071
794594081.426309
795278732.581901
795009910.837942
795393056.271075
795393056.271075
795393056.271075
795393056.271075
795393056.271075
795393056.271075
795393056.271075
795393056.271075
795558479.600196
794911979.699586
795227487.802385
795227487.802385
795227487.802385
795227487.802385
795354892.013796
794618043.283631
794618043.283631
794711944.866587
794711944.866587
794711944.866587
794711944.866587
794711944.866587
794711944.866587
794711944.866587
794711944.866587
795207407.519879
795207407.519879
795207407.519879
795207407.519879
795207407.519879
795595292.482668
795203289.732782
795001599.21213
795001599.21213
795267361.371504
795267361.371504
795267361.371504
795289536.719073
795289536.719073
795289536.719073
795289536.719073
795632962.726536
795632962.726536
795129385.039783
795023863.268925
795023863.268925
795023863.268925
795023863.268925
795023863.268925
794839083.437953
794839083.437953
794677140.568848
794677140.568848
794572562.144184
794754950.552471
794754950.552471
794754950.552471
794754950.552471
794754950.552471
794754950.552471
794754950.552471
794754950.552471
794754950.552471
794860739.162177
794860739.162177
795004115.490805
795004115.490805
794556959.116867
794556959.116867
794556959.116867
794437718.762147
794917822.834404
794917822.834404
794881281.812807
795110979.623273
795110979.623273
794900568.841079
794900568.841079
794900568.841079
794900568.841079
794900568.841079
794900568.841079
794900568.841079
795322151.165405
795322151.165405
795322151.165405
795659505.324962
795659505.324962
795659505.324962
795659505.324962
795659505.324962
795113032.35947
795113032.35947
795113032.35947
795113032.35947
795113032.35947
795113032.35947
794960489.699947
795446776.293965
795446776.293965
795710442.032125
795181476.659018
795181476.659018
795181476.659018
795629388.818686
795629388.818686
795629388.818686
795629388.818686
795641915.659826
795641915.659826
795641915.659826
795080149.933196
795080149.933196
795080149.933196
795185541.76045
795185541.76045
795185541.76045
795291823.277134
795291823.277134
795291823.277134
795291823.277134
795315245.842649
795315245.842649
795315245.842649
795315245.842649
795315245.842649
795315245.842649
795315245.842649
795357999.992637
795357999.992637
795167200.215741
795167200.215741
795167200.215741
795167200.215741
795549541.308023
794844443.523204
795708346.141414
795708346.141414
795841376.558226
795317188.719368
795593836.696176
795593836.696176
795593836.696176
795593836.696176
795512347.146
795512347.146
795688601.057844
795688601.057844
795688601.057844
795466170.464249
795466170.464249
795466170.464249
795428180.352618
795428180.352618
795197790.202111
795197790.202111
795197790.202111
795197790.202111
795197790.202111
795285409.408679
795116486.364899
795117326.259902
795117326.259902
794939190.524475
795189123.824092
795143985.871331
795143985.871331
795143985.871331
795143985.871331
795143985.871331
795143985.871331
795100211.646552
795100211.646552
795100211.646552
795072291.085258
795787504.377959
795185630.344504
795283902.316391
795134230.401221
794884841.177497
795480638.105882
795146201.119285
795227083.081172
795227083.081172
795075351.814516
795075351.814516
795075351.814516
795075351.814516
795075351.814516
795249913.22829
795249913.22829
795260720.3465
794885842.549336
794638283.174673
794718705.565431
794718705.565431
794718705.565431
795119786.412693
794963033.270706
794963033.270706
795337412.953957
795134902.67788
795134902.67788
795134902.67788
795134902.67788
795091527.482348
795310977.979663
795310977.979663
795310977.979663
795310977.979663
795310977.979663
795310977.979663
795443720.541509
795443720.541509
795139529.005303
795139529.005303
795525967.287652
795525967.287652
795525967.287652
795031857.46304
795243370.439872
795243370.439872
795243370.439872
795484992.46906
795484992.46906
795484992.46906
795484992.46906
795471586.489755
795471586.489755
795471586.489755
795586777.348949
795324934.1132
795324934.1132
795235682.931899
795527362.294821
795480712.862455
795480712.862455
794950034.579489
794950034.579489
794950034.579489
794839671.305694
795068758.143088
795295498.273261
795295498.273261
795249650.708675
795249650.708675
795249650.708675
795249650.708675
795249650.708675
795379618.842836
795300364.392979
795300364.392979
795824176.551417
795918928.529171
795233827.611464
795463657.704959
795463657.704959
795463657.704959
794870795.836631
794989826.222453
794989826.222453
794989826.222453
794989826.222453
794855008.150625
794855008.150625
794855008.150625
794855008.150625
794855008.150625
794855008.150625
795510960.163702
795510960.163702
795510960.163702
795524981.707208
794982332.551582
794825185.427354
794825185.427354
794825185.427354
794825185.427354
794825185.427354
795185974.244698
795185974.244698
795232830.947712
795232830.947712
795216457.017878
795216457.017878
795010808.019006
795887286.99305
795138072.926836
795138072.926836
795138072.926836
795138072.926836
795138072.926836
795143710.035607
795143710.035607
795216084.773928
795216084.773928
795216084.773928
795216084.773928
795216084.773928
795216084.773928
795223923.196869
795328709.797632
795328709.797632
795328709.797632
795039535.182317
795039535.182317
795780167.39517
795667152.343012
795667152.343012
795667152.343012
795684071.421634
795675660.673859
795332651.237316
795069279.735946
795069279.735946
795069279.735946
795069279.735946
795069279.735946
795069279.735946
795069279.735946
795069279.735946
794917662.356821
794917662.356821
794917662.356821
795050927.425895
795050927.425895
795050927.425895
795050927.425895
795039497.468508
795039497.468508
795039497.468508
795339916.903643
795339916.903643
795339916.903643
795339916.903643
795339916.903643
795339916.903643
795339916.903643
794902996.092297
794902996.092297
794902996.092297
794902996.092297
794722446.019837
794931228.271883
794947329.204253
794947329.204253
794947329.204253
794947329.204253
794998501.571801
794998501.571801
794998501.571801
794910242.442831
794910242.442831
794910242.442831
794772177.640859
794772177.640859
794772177.640859
794893640.402743
794893640.402743
794893640.402743
794692008.077941
794692008.077941
794692008.077941
794692008.077941
794835925.696136
794835925.696136
794556730.522108
795085396.880775
795085396.880775
795085396.880775
795085396.880775
795085396.880775
795084341.025778
795084341.025778
795084341.025778
795084341.025778
795180259.049977
795357142.645193
794910976.14065
795020283.082348
795020283.082348
795201853.753693
795201853.753693
795573998.886795
795573998.886795
795474907.330539
795474907.330539
795474907.330539
795552999.431915
794985444.741805
795119547.833148
794780744.159618
794780744.159618
794780744.159618
794780744.159618
794780744.159618
794780744.159618
794780744.159618
794705860.272718
794705860.272718
794705860.272718
795125926.410271
795125926.410271
795125926.410271
795125926.410271
795125926.410271
795121812.008672
795121812.008672
795121812.008672
795121812.008672
795121812.008672
795506580.95799
795445497.577428
795445497.577428
795445497.577428
795445497.577428
795445497.577428
795435400.416332
795435400.416332
795435400.416332
795327735.459811
795086218.001696
795086218.001696
795086218.001696
795386809.712969
795386809.712969
795386809.712969
795392345.178337
795392345.178337
795451194.396596
795451194.396596
795324900.130292
795054880.04001
794801223.235702
794899248.529001
795317195.808934
795317195.808934
795317195.808934
795317195.808934
795317195.808934
795317195.808934
795317195.808934
795317195.808934
795317195.808934
795317195.808934
795575449.591687
795575449.591687
795424280.130332
795424280.130332
795424280.130332
794788440.235065
795217598.708261
795217598.708261
795217598.708261
794886175.324974
795187425.890864
795187425.890864
795187425.890864
795004871.819873
795004871.819873
795004871.819873
795004871.819873
795040180.849342
795040180.849342
795040180.849342
795040180.849342
794769790.732147
794769790.732147
794769790.732147
795123094.39225
795123094.39225
795123094.39225
795082963.768929
795082963.768929
795056500.10083
795082126.702703
794839201.35533
794839201.35533
794839201.35533
794839201.35533
795483522.732528
795423270.236595
795423270.236595
795373706.812274
795499643.986209
795499643.986209
795548623.399307
795548623.399307
795548623.399307
795548623.399307
795296643.565942
795296643.565942
795296643.565942
795183065.390526
795030893.323841
795326793.162475
795326793.162475
795326793.162475
795326793.162475
795326793.162475
795441775.35517
795719171.523241
795119685.871079
795195031.137018
795258901.586373
795258901.586373
795258901.586373
795681192.419164
795681192.419164
795681192.419164
795681192.419164
794851226.5596
795097592.830733
795097592.830733
795215030.277834
795244761.830826
795244761.830826
795244761.830826
795244761.830826
795212791.892825
795212791.892825
795214681.068001
795214681.068001
795214681.068001
795214681.068001
795211469.217786
795210224.532619
795210224.532619
795210224.532619
795210224.532619
794887756.644611
794887756.644611
795092856.833859
795134010.158819
795134010.158819
795104513.862133
795104513.862133
795104513.862133
795104513.862133
795104513.862133
795117005.654553
795117005.654553
794995595.220725
795620270.377336
795599347.417616
794888677.357901
794888677.357901
795474526.028031
795162452.553627
795629545.769668
795629545.769668
795629545.769668
795002346.991349
795002346.991349
795187274.025918
795206136.523826
795206136.523826
795206136.523826
795437324.314851
795078563.358558
795078563.358558
795078563.358558
795436012.845235
795436012.845235
795526227.098485
795300506.419856
795348923.245565
795348923.245565
795239717.564123
794892866.011557
794756770.946395
794756770.946395
794844944.526823
795123516.667078
795123516.667078
794900719.683976
795286900.680099
795286900.680099
795286900.680099
795360578.074908
795360578.074908
795360578.074908
795360578.074908
795357137.627579
795357137.627579
795357137.627579
795357137.627579
795357137.627579
795357137.627579
795357137.627579
795357137.627579
794615762.947961
794615762.947961
794615762.947961
795268369.117857
795268369.117857
795268369.117857
794961961.241852
795229577.848485
795080440.158219
795080440.158219
795080440.158219
794902996.778593
795201324.199856
795542441.399961
795542441.399961
795542441.399961
795542441.399961
795542441.399961
795180148.597708
795180148.597708
795180148.597708
795180148.597708
795180148.597708
795180148.597708
795180148.597708
795180148.597708
794633172.670944
795337554.318913
794867951.545511
794867951.545511
794687864.536821
794687864.536821
794687864.536821
794766058.379457
794643029.010358
794643029.010358
794643029.010358
794643029.010358
794643029.010358
794643029.010358
794643029.010358
794643029.010358
795313872.951502
795313872.951502
795388009.244155
795026585.614702
795026585.614702
795095543.425832
795095543.425832
795095543.425832
794989925.981924
794989925.981924
794989925.981924
794989925.981924
795284828.275553
795284828.275553
795284828.275553
795284828.275553
795424132.1509
795424132.1509
795424132.1509
795424132.1509
795424132.1509
795145160.892667
795145160.892667
795141955.579779
795141955.579779
795141955.579779
795141955.579779
795216092.528927
795216092.528927
795216092.528927
795216092.528927
795216092.528927
795050894.268492
795223582.566546
795011337.2305
795011337.2305
795011337.2305
795011337.2305
795011337.2305
795011337.2305
795011337.2305
794876630.17595
794876630.17595
794876630.17595
794876630.17595
795078020.811451
795078020.811451
795078020.811451
795078020.811451
795166360.435964
795166360.435964
795166360.435964
795166360.435964
795166360.435964
795166360.435964
795166360.435964
795313949.803548
795313949.803548
795170104.136092
795170104.136092
795170104.136092
795170104.136092
795447844.843779
795516200.081208
795448008.801386
795002465.993286
795002465.993286
795002465.993286
795307640.594897
795307640.594897
795307640.594897
795307640.594897
794782775.284548
794782775.284548
794782775.284548
794782775.284548
794782775.284548
794750952.862894
794750952.862894
794737772.188848
794908580.419479
794908580.419479
794951938.929917
794951938.929917
794951938.929917
795073043.239643
795358507.342212
795358507.342212
795358507.342212
794830453.496759
795400369.685461
795663123.41515
795663123.41515
795663123.41515
795363194.684634
795363194.684634
795363194.684634
795082116.5111
795082116.5111
795082116.5111
795082116.5111
795053902.920568
795053902.920568
795053902.920568
795631735.813559
795631735.813559
795780096.215207
795151850.366986
795151850.366986
795151850.366986
794681407.377555
794774641.200072
794774641.200072
794774641.200072
795048200.136981
794945396.343238
794938226.120891
794856395.545476
794735124.668879
794735124.668879
794735124.668879
795028877.970528
795159180.94881
795159180.94881
795159180.94881
795159180.94881
795159180.94881
795414216.304528
795414216.304528
795414216.304528
795414216.304528
795606532.306031
795606532.306031
795606532.306031
795319608.20386
795319608.20386
795009695.668042
795009695.668042
795009695.668042
795002873.693598
795155741.080831
795155741.080831
795155741.080831
795389037.677477
795389037.677477
795027032.717922
795027032.717922
795027032.717922
795027032.717922
795027032.717922
795027032.717922
795027032.717922
795027032.717922
795027032.717922
795027032.717922
795027032.717922
795089783.727747
794870437.718411
795201772.687433
795201772.687433
795201772.687433
795201772.687433
795201772.687433
795161644.633077
795161644.633077
795161644.633077
795048362.488739
795319676.985038
795134417.18428
795134417.18428
795320873.585834
795320873.585834
795320873.585834
795320873.585834
795320873.585834
795320873.585834
795320873.585834
795320873.585834
795387968.446328
795387968.446328
795387968.446328
795262761.281178
795262761.281178
794998436.508122
794998436.508122
794926979.889542
794969484.015879
794969484.015879
794879019.09845
794879019.09845
794624569.42388
794624569.42388
795122591.401392
795440585.065904
795440585.065904
795043849.17328
795247362.573409
795247362.573409
795247362.573409
795247362.573409
795247362.573409
795247362.573409
795247362.573409
795247362.573409
795247362.573409
795247362.573409
795247362.573409
795247362.573409
794807112.426093
795255675.317806
795255675.317806
795083662.346616
795193011.774084
795193011.774084
795193011.774084
795133084.45502
795312346.81413
795312346.81413
795312346.81413
795312346.81413
795312346.81413
795312346.81413
794888231.865747
794888231.865747
795185484.220619
795033640.193852
795033640.193852
795174833.893127
795174833.893127
795174833.893127
795174833.893127
795174833.893127
795174833.893127
794959355.249242
794959355.249242
795489140.93929
795489140.93929
795489140.93929
795339976.176647
795339976.176647
795392866.787036
795330744.18867
795330744.18867
795330744.18867
795330744.18867
795389203.850999
795389203.850999
794908794.493975
794908794.493975
795130399.861683
795130399.861683
795130399.861683
795130399.861683
795130399.861683
795130399.861683
795130399.861683
795130399.861683
795130399.861683
795130399.861683
795130399.861683
795123749.987271
795123749.987271
795123749.987271
795359177.316573
795359177.316573
794770071.471934
795101601.604278
795101601.604278
795101601.604278
795101601.604278
795437534.735443
795074866.046046
795074866.046046
795074866.046046
795074866.046046
795593357.520111
795107847.220002
794607283.076252
794607283.076252
794607283.076252
794811834.158283
794836801.879616
794836801.879616
795109545.304989
795109545.304989
795109545.304989
795109545.304989
795109545.304989
795109545.304989
795056604.744086
795056604.744086
795056604.744086
795056604.744086
795056604.744086
795038173.169295
795038173.169295
795038173.169295
795273756.549974
795030232.421955
795030232.421955
795030232.421955
795030232.421955
795030232.421955
795117935.707733
795117935.707733
794916172.43225
794916172.43225
794916172.43225
795010330.677496
795010330.677496
795339999.784144
795279843.094806
795234064.846817
795234064.846817
795234064.846817
795234064.846817
795329906.267609
795329906.267609
795329906.267609
795273751.152265
795531034.93398
795355860.150167
795291821.92995
795291821.92995
795291821.92995
795291821.92995
795291821.92995
795291821.92995
795291821.92995
795291821.92995
795291821.92995
795291821.92995
795248602.606888
795248602.606888
795560349.199055
795560349.199055
795560349.199055
795560349.199055
795011988.584573
795133223.574405
794815604.815171
794815604.815171
794849213.280301
794927060.840855
794716491.888376
794958465.886293
794958465.886293
794958465.886293
794958465.886293
795222290.156816
795222290.156816
794880571.183711
794880571.183711
794880571.183711
795025238.964031
794557704.973037
795080832.008894
794824941.531497
794842498.904614
794842498.904614
794842498.904614
794842498.904614
794842498.904614
795740865.711577
795740865.711577
795164819.687457
795164819.687457
795164819.687457
795259832.658706
795173464.903706
795173464.903706
795026578.094966
795437018.505983
795437018.505983
795437018.505983
795437018.505983
795307867.161985
795301945.693347
795301945.693347
795301945.693347
795301945.693347
795058424.02245
795108288.374933
795076584.743528
795076584.743528
795076584.743528
795076584.743528
795448756.013041
795269832.176399
795269832.176399
795269832.176399
795269832.176399
795269832.176399
795269832.176399
795269832.176399
795333272.592659
795333272.592659
795293839.228293
795293839.228293
795293839.228293
795458927.797099
795458927.797099
795319838.633032
795319838.633032
795319838.633032
795319838.633032
795380128.209603
795380128.209603
795380128.209603
795380128.209603
795380128.209603
795097025.498159
795097025.498159
795097025.498159
795097025.498159
795097025.498159
795129385.694192
795129385.694192
795129385.694192
794516873.074547
794516873.074547
794516873.074547
795259456.240696
795259456.240696
795259456.240696
795259456.240696
795238530.709937
795238530.709937
794604947.777186
794604947.777186
795119927.469163
795119927.469163
795119927.469163
795119927.469163
795119927.469163
795119927.469163
795090817.92448
795090817.92448
795322247.255082
795383318.615513
795383318.615513
795383318.615513
795383318.615513
795359430.594883
795359430.594883
795359430.594883
795359430.594883
795359430.594883
795359430.594883
795359430.594883
795270555.864509
795270555.864509
795270555.864509
795710030.041956
795710030.041956
795026399.176404
795019799.38901
795019799.38901
795019799.38901
795019799.38901
795019799.38901
795019799.38901
795019799.38901
795019799.38901
794951224.790528
794846595.519953
794846595.519953
794846595.519953
794835393.675147
794835393.675147
794835393.675147
794835393.675147
795260853.139145
795260853.139145
795260853.139145
795303107.991277
795149607.793306
795290980.467263
795290980.467263
795290980.467263
795422011.070386
795867217.008375
795867217.008375
795592288.049906
795592288.049906
795423465.318693
795525003.286692
795525003.286692
795525003.286692
795525003.286692
795525003.286692
794950915.23604
794950915.23604
794950915.23604
794950915.23604
794603713.942067
794603713.942067
794691080.980919
794691080.980919
795505652.237456
795505652.237456
795422932.754806
795158808.483591
795075703.229653
795075703.229653
794834127.524489
794834127.524489
794834127.524489
794968276.980638
795665682.219821
795161553.298237
795206496.875022
794811568.219984
795243588.20195
795251905.89502
795251905.89502
795251905.89502
795251905.89502
795251905.89502
795251905.89502
795251905.89502
795174039.165912
795174039.165912
795251660.704716
795251660.704716
795148680.090753
795148680.090753
795354610.782489
795344673.593625
795361279.364091
795361279.364091
795361279.364091
795361279.364091
795468116.682696
795258128.951645
794856161.964615
794856161.964615
794856161.964615
794856161.964615
794856161.964615
795108883.406424
795348227.579769
795143400.687196
795143400.687196
795143400.687196
794894817.279316
794989938.292248
794738662.26435
794746963.380099
794476753.633605
794585215.131286
794826055.722657
795264451.227142
795131646.72111
795549784.708548
795549784.708548
795549784.708548
795549784.708548
795549784.708548
795522727.47099
795522727.47099
795522727.47099
795237318.934936
795237318.934936
795568927.592297
795546334.253779
795369245.195343
795369245.195343
795843559.681142
795843559.681142
794877789.231761
795373598.114673
795373598.114673
795373598.114673
795373598.114673
795373598.114673
795323563.334269
795323563.334269
795323563.334269
795323563.334269
795323563.334269
795323563.334269
795451524.442463
795451524.442463
795451524.442463
795451524.442463
795451524.442463
795451524.442463
795451524.442463
795597902.025021
795498808.898858
795498808.898858
795113429.342194
795063840.298226
795312485.960696
795217351.132017
795217351.132017
795056194.164204
795237750.009773
794621544.799381
794724212.582974
795083406.643293
795083406.643293
795086627.407555
795086627.407555
794960914.464566
795313526.994798
795313526.994798
795419565.146892
795419565.146892
795200063.437269
795200063.437269
795246403.78463
795419699.125869
795348603.131261
795349967.401469
794946874.086184
794946874.086184
794946874.086184
795385523.565388
795385523.565388
795385523.565388
795385523.565388
795357264.550503
795357264.550503
794873629.915706
795186332.235077
795186332.235077
795186332.235077
795186332.235077
794969153.139969
795502227.859925
795502227.859925
795502227.859925
795541625.871435
795797839.584709
795256914.815939
795426819.649396
795426819.649396
795521547.061558
795475443.966871
794909052.116876
795273335.126614
795726513.433289
795726513.433289
795726513.433289
795726513.433289
795304124.22083
795406135.028217
795270944.92594
794970964.129751
794971608.203304
794971608.203304
794971608.203304
794679677.964616
795130758.801007
794999778.623708
794999778.623708
794999778.623708
794916876.226486
794916876.226486
794916876.226486
794856294.058558
794920275.655737
794920275.655737
794920275.655737
795266813.407497
795266813.407497
794892949.184203
794892949.184203
794892949.184203
794892949.184203
794892949.184203
795404626.905678
795404626.905678
795421669.404259
795244160.084304
794973742.984252
794973742.984252
794973742.984252
794973742.984252
794973742.984252
794973742.984252
794973742.984252
794973742.984252
795278558.066251
795278558.066251
795278558.066251
795278558.066251
795006173.643963
795006173.643963
794990508.186715
794990508.186715
795236801.249947
794688915.551899
794688915.551899
794989711.125708
794989711.125708
794878912.341763
794878912.341763
794878912.341763
794878912.341763
795107932.711017
795537897.706767
795537897.706767
795537897.706767
795537897.706767
795669228.462512
795769199.891733
795769199.891733
795738389.623719
795112490.159022
795112490.159022
795112490.159022
795112490.159022
795112490.159022
795112490.159022
795227195.837486
795464292.211053
795431553.840346
795431553.840346
794603918.310475
794603918.310475
794603918.310475
795031163.303601
795203464.83452
795168716.783059
795168716.783059
795168716.783059
794965084.53421
794965084.53421
794844655.508697
794961361.127242
794961361.127242
794961361.127242
794961361.127242
794961361.127242
795080685.710752
795080685.710752
795080685.710752
795080685.710752
794795951.612979
795405949.391441
795405949.391441
795405949.391441
795405949.391441
795405949.391441
795405949.391441
795405949.391441
795480258.183433
795480258.183433
795618006.076966
795618006.076966
795207004.402739
795207004.402739
795207004.402739
794651533.414856
794651533.414856
794651533.414856
794651533.414856
795290958.578442
795290958.578442
795290958.578442
794956072.749187
794956072.749187
794956072.749187
794956072.749187
794956072.749187
794911920.050537
795001101.923836
795001101.923836
794791170.869052
794996153.256009
794996153.256009
795207041.883926
795207041.883926
795207041.883926
795207041.883926
795207041.883926
795245827.721143
795105706.828149
795160601.012615
795160601.012615
795160601.012615
795594220.122382
795329904.928172
795329904.928172
795329904.928172
795329904.928172
795329904.928172
795618870.095429
795618870.095429
795940768.837322
795940768.837322
795940768.837322
795741545.09211
795741545.09211
795741545.09211
795741545.09211
795741545.09211
795741545.09211
795477762.656849
795637063.231536
795637063.231536
795783252.496703
795783252.496703
795783252.496703
795783252.496703
795783252.496703
795783252.496703
795527289.286343
795527289.286343
795527289.286343
795604448.433089
795002800.589277
794950610.546342
794950610.546342
794950610.546342
795576232.066638
795356987.482499
795356987.482499
794871777.870143
794871777.870143
794871777.870143
795124680.240853
795124680.240853
795060796.863432
795150430.4462
794950729.043693
795318942.943549
795318942.943549
795318942.943549
795318942.943549
795318942.943549
794597086.498373
794597086.498373
795015810.358023
795090477.812022
795426051.724688
795214991.392488
795054944.51201
795054944.51201
795538145.498756
795538145.498756
795126125.957523
795126125.957523
795452913.533399
795452913.533399
795452913.533399
794985902.998174
795154856.892503
795247305.564826
795247305.564826
795188067.858019
795188067.858019
795188067.858019
795070317.160533
795070317.160533
794836140.660041
794836140.660041
794836140.660041
794836140.660041
794836140.660041
794869115.453041
794869115.453041
795109609.536691
795109609.536691
795142381.355324
795142381.355324
795568810.46948
795568810.46948
795767575.086074
795767575.086074
795767575.086074
795750890.737268
795750890.737268
795750890.737268
795432251.440432
795432251.440432
795191154.488622
795335637.592466
795335637.592466
795663457.913903
795420858.722569
795264587.956551
795264587.956551
794922536.044004
795268638.722699
795268638.722699
795268638.722699
794913021.391716
794913021.391716
794913021.391716
794913021.391716
794913021.391716
795231434.627834
795181968.409289
794889905.472512
795195616.392825
795195616.392825
795130426.52891
795255904.612284
795255904.612284
795255904.612284
794922308.121247
795235090.228389
794987359.7052
794987359.7052
794987359.7052
795301498.266254
795301498.266254
794332138.358294
794332138.358294
794670329.215411
794670329.215411
794864114.791318
794864114.791318
794864114.791318
794864114.791318
794839366.836444
794839366.836444
794864010.921906
794640676.834827
794614213.115124
794614213.115124
794614213.115124
794614213.115124
795097305.331631
794707223.389404
794707223.389404
794707223.389404
795156642.747089
795156642.747089
794953455.863474
794953455.863474
794953455.863474
794776844.93042
795361656.886533
795361656.886533
795361656.886533
795361656.886533
795361656.886533
795361656.886533
795306786.796457
795306786.796457
795156552.240894
795156552.240894
795156552.240894
795324894.139129
795324894.139129
795324894.139129
795324894.139129
795324894.139129
795324894.139129
795324894.139129
795324894.139129
795324894.139129
795324894.139129
795324894.139129
795324894.139129
795324894.139129
795324894.139129
795324894.139129
795324894.139129
795324894.139129
795324894.139129
795324894.139129
795324894.139129
795054976.084005
795495963.070993
795495963.070993
795740651.825718
795380430.252653
795380430.252653
795333890.498021
794925999.629006
794925999.629006
794925999.629006
794898103.879416
794796647.238518
794796647.238518
794796647.238518
794774250.632827
795491809.039821
795530274.075402
794852151.496149
794852151.496149
795012084.694796
795365488.598388
795365488.598388
794974225.456484
794974225.456484
794974225.456484
794974225.456484
794974225.456484
794974225.456484
794974225.456484
794974225.456484
794974225.456484
794974225.456484
794974225.456484
794390056.86659
794640127.858061
794924582.756934
795054975.697722
795054975.697722
795054975.697722
794901957.062056
794809541.035292
795197203.965316
795197203.965316
795018626.111649
795018626.111649
795018626.111649
795018626.111649
794975456.697273
794975456.697273
795743926.800503
795743926.800503
795743926.800503
795743926.800503
795743926.800503
795233261.774517
795048976.353287
795048976.353287
795048976.353287
794957723.11533
794957723.11533
794957723.11533
794957723.11533
795141761.500453
795141761.500453
795141761.500453
795141761.500453
794782397.118849
795039452.877636
794963762.936865
794979215.492714
794979215.492714
794936456.598548
795406814.192654
795406814.192654
795442203.142814
795442203.142814
795442203.142814
795575923.492459
795792462.768135
795518098.014039
795518098.014039
795518098.014039
795518098.014039
795684286.181665
795684286.181665
795684286.181665
795420137.910181
795563888.444251
795396142.408996
795207472.049712
795207472.049712
794401014.102707
794401014.102707
794401014.102707
794401014.102707
794443005.998736
794443005.998736
794443326.417202
794566712.523769
794447119.611171
794515448.274176
794515448.274176
794515448.274176
794515448.274176
794515448.274176
794597921.207248
794597921.207248
794597921.207248
794597921.207248
794597921.207248
794597921.207248
795285951.888852
795285951.888852
795285951.888852
795285951.888852
794984549.12084
794984549.12084
794867252.424458
794867252.424458
794867252.424458
794867252.424458
794867252.424458
795088487.419659
795088487.419659
795088487.419659
794970731.546083
795130165.669512
795130165.669512
795130165.669512
795311483.249232
795346155.392152
795097223.369002
795097223.369002
795056735.802989
794879308.138344
795117959.180725
795117959.180725
795183115.31719
795285589.896426
795285589.896426
795333128.613636
795333128.613636
795333128.613636
794968032.024641
795051773.039217
795415428.57124
795258444.948057
795258444.948057
795258444.948057
795258444.948057
795258444.948057
795258444.948057
795258444.948057
795258444.948057
795258444.948057
795258444.948057
795258444.948057
795595696.632815
795707366.235124
795707366.235124
795158014.202784
794815146.282118
794815146.282118
794815146.282118
794815146.282118
794815146.282118
794815146.282118
794669320.7815
794669320.7815
794669320.7815
794669320.7815
794669320.7815
795391540.282885
795197357.79817
795197357.79817
795197357.79817
795197357.79817
795250465.453862
795250465.453862
795250465.453862
795250465.453862
795393762.635979
795607936.708419
795653753.499858
795653753.499858
795851467.342134
795851467.342134
795851467.342134
795851467.342134
795164760.659483
795487299.590222
795302092.491356
795312115.364653
795312115.364653
795312115.364653
795312115.364653
794932280.776102
794932280.776102
794932280.776102
795172726.996937
795172726.996937
795172726.996937
795394951.324509
795229650.227677
795263526.722239
795263526.722239
794742205.297793
794781375.410859
794802023.534667
794802023.534667
794971129.721915
794971129.721915
794852714.921095
794852714.921095
795203939.154577
795258050.529227
795258050.529227
795258050.529227
795258050.529227
795258050.529227
795258050.529227
795258050.529227
794988040.45175
794988040.45175
795287795.562233
795287795.562233
795287795.562233
795287795.562233
795287795.562233
795287795.562233
795287795.562233
795287795.562233
795424698.084249
795424698.084249
794816401.913492
794816401.913492
794816401.913492
795072393.1991
795072393.1991
795167890.24253
795652337.294938
795652337.294938
795388446.234462
795388446.234462
795388446.234462
795441400.936646
795441400.936646
795048149.621501
795048149.621501
794888343.808127
795166105.260898
795397903.731161
795363286.416546
795006713.982039
795006713.982039
795147820.810644
795147820.810644
795115399.782094
794850973.975328
794991004.04348
795048810.675685
795420837.427957
795420837.427957
795420837.427957
795420837.427957
795420837.427957
795420837.427957
795420837.427957
795420837.427957
795492778.96331
795115328.838571
795115328.838571
795115328.838571
795124281.410425
795062083.850938
795062083.850938
795899554.637924
795899554.637924
795899554.637924
795812811.380607
795812811.380607
795812811.380607
795398100.433401
794662816.822495
794662816.822495
794873506.93919
794873506.93919
794873506.93919
795224502.760713
795224502.760713
795224502.760713
795224502.760713
795224502.760713
795216522.656077
794751114.482479
794751114.482479
794439579.963371
794439579.963371
794439579.963371
795145863.204487
795145863.204487
795145863.204487
795145863.204487
795145863.204487
795145863.204487
795145863.204487
795216343.430752
795216343.430752
795240948.497586
795240948.497586
795240948.497586
795240948.497586
795240948.497586
795544398.13366
795544398.13366
795544398.13366
795544398.13366
795544398.13366
795553161.766802
795553161.766802
795035750.536737
795406630.00345
795406630.00345
795024560.955745
795024560.955745
795024560.955745
795024560.955745
795024560.955745
794981096.335674
795119745.266773
795119745.266773
795033484.367709
794450621.095466
794450621.095466
794450621.095466
794791847.757076
794791847.757076
794837935.353257
794837935.353257
794837935.353257
794837935.353257
794662963.175904
794662963.175904
794662963.175904
795642567.723963
795642567.723963
794955593.31224
795354889.831617
795332831.845534
795430601.502526
795430601.502526
795017583.336266
794914554.265829
795161978.013782
795161978.013782
795181259.79604
795233089.376461
795233089.376461
794688808.612279
794688808.612279
794688808.612279
794688808.612279
794688808.612279
794688808.612279
794964895.379575
794964895.379575
794964895.379575
795133821.593336
795400369.069284
795400369.069284
795310687.236998
795310687.236998
795310687.236998
795642579.971962
795642579.971962
795642579.971962
795529893.90422
795331059.924211
795331059.924211
795331059.924211
795331059.924211
795331059.924211
795803212.321676
795788963.45685
795788963.45685
795824983.401465
795137340.319678
795137340.319678
794917988.325534
794917988.325534
794821449.021898
794856750.927301
795205620.817627
795205620.817627
795325242.664832
795325242.664832
795325242.664832
795325242.664832
795325242.664832
795325242.664832
795325242.664832
795325242.664832
795325242.664832
795325242.664832
795325242.664832
795325242.664832
795325242.664832
795099557.22702
795099557.22702
795308307.259832
795308307.259832
795308307.259832
795404460.660216
795404460.660216
795491767.167929
795491767.167929
795319860.342008
795319860.342008
795319860.342008
795319860.342008
795319860.342008
795319860.342008
795319860.342008
795319860.342008
795588332.039182
795588332.039182
795588332.039182
795588332.039182
795588332.039182
795588332.039182
795588332.039182
794563023.057862
794886864.982095
794718921.105178
794718921.105178
795029679.691857
795605266.598561
795605266.598561
795466119.831474
795466119.831474
795466119.831474
795466119.831474
795466119.831474
795133153.866563
795204915.409305
795204915.409305
795204915.409305
795204915.409305
795105801.675428
795105801.675428
795105801.675428
794936393.445391
794936393.445391
795145299.469472
795145299.469472
795145299.469472
794962684.873857
794962684.873857
794903422.109479
795026126.777917
795198486.633833
795198486.633833
795198486.633833
795246306.807876
795504061.541888
795148372.364609
795688123.551968
795688123.551968
795688123.551968
795688123.551968
795688123.551968
795717113.657597
795247805.936137
795247805.936137
795247805.936137
795247805.936137
795247805.936137
795247805.936137
795390457.859033
795390457.859033
795390457.859033
795371944.054685
795371944.054685
795288210.739784
795121593.057552
795023770.350167
794981746.37105
794981746.37105
795343232.409384
795343232.409384
794960059.809575
794960059.809575
795259329.625197
795215016.174129
795215016.174129
794882054.432468
795632856.569427
795576749.740561
795576749.740561
795576749.740561
795250815.184332
795250815.184332
794831149.559769
794831149.559769
794831149.559769
794985626.547143
794985626.547143
795396980.322778
795394887.203739
795394887.203739
795093177.367481
795243507.057569
795722892.906678
795674647.21454
795674647.21454
795546280.010674
795546280.010674
795546280.010674
795408592.97537
795363655.441537
795407981.719565
795407981.719565
795820109.559238
795820109.559238
795820109.559238
795820109.559238
795820109.559238
795178997.155421
795178997.155421
795508894.991113
795508894.991113
795508894.991113
795407581.79795
795407581.79795
795407581.79795
795661399.853135
795661399.853135
795661399.853135
795661399.853135
795661399.853135
795558012.142705
795044230.915792
795379399.782838
795379399.782838
795124848.43683
795124848.43683
795010492.605347
795206551.442459
795206551.442459
795328714.083109
795873367.150939
795012488.081553
795012488.081553
795012488.081553
795012488.081553
795105144.786549
795105144.786549
795105144.786549
795105144.786549
795105144.786549
795105144.786549
795105144.786549
795105144.786549
795317729.346622
795609463.492317
795609463.492317
795609463.492317
795616893.756355
795616893.756355
795427119.53786
795427119.53786
795696598.28101
795696598.28101
795750602.640962
795750602.640962
795500088.799912
795322658.591822
795349910.445418
795349910.445418
795349910.445418
795596462.56328
795596462.56328
795443308.371707
795309319.075028
795301694.875157
795301694.875157
795794646.788873
795794646.788873
795794646.788873
795623027.907592
795623027.907592
795623027.907592
795623027.907592
795403621.386065
795403621.386065
795000716.866091
795000716.866091
795000716.866091
795000716.866091
795461648.767545
795461648.767545
795461648.767545
795349703.349438
795302009.925995
795302009.925995
795302009.925995
795449091.36236
795449091.36236
795147265.0785
795147265.0785
795055949.670852
795055949.670852
795055949.670852
795055949.670852
795300925.68767
795519229.490885
794855542.63308
794752770.287554
794752770.287554
794954389.407168
794954389.407168
795472577.183167
795519863.912997
795230534.289274
795017517.724257
795029299.200091
795029299.200091
794747198.944054
794747198.944054
795008846.751594
795008846.751594
795008846.751594
795008846.751594
795151060.536654
795078691.871357
795078691.871357
795078691.871357
795245056.904769
795245056.904769
795240933.061344
795240933.061344
795392672.637563
795409807.770615
795409807.770615
795350359.455913
795124311.655825
794884726.909081
794884726.909081
795196725.303632
795196725.303632
795196725.303632
795196725.303632
795305022.981755
795046431.634306
795046431.634306
795046431.634306
795046431.634306
795046431.634306
795248284.014149
795286428.422532
795641512.906194
795641512.906194
795641512.906194
795477395.880174
795477395.880174
795477395.880174
795477395.880174
795477395.880174
795477395.880174
795042909.136253
795042909.136253
795042909.136253
795488693.792052
795488693.792052
795600173.124611
795600173.124611
795600173.124611
795600173.124611
795624006.506719
795624006.506719
795624006.506719
795624006.506719
795691159.505849
795691159.505849
795691159.505849
796095897.340021
796095897.340021
795370278.844866
795390202.717702
795390202.717702
795222751.145707
795222751.145707
795222751.145707
795222751.145707
795365434.583975
795365434.583975
795365434.583975
795365434.583975
795365434.583975
794967955.74163
794967955.74163
795072338.095904
794868440.515233
794593378.777606
794913902.613761
794913902.613761
794913902.613761
794598466.703564
795157757.888557
795163553.766437
795177951.020609
795177951.020609
795335516.598903
795335516.598903
795206650.425023
795186636.20846
795566109.911318
795566109.911318
795566109.911318
795582444.438762
794945422.913997
794945422.913997
795029371.619496
795029371.619496
794878561.500664
794878561.500664
794878561.500664
794878561.500664
794838571.956415
794838571.956415
794838571.956415
794838571.956415
795146306.111533
795146306.111533
795162047.033009
795162047.033009
795488887.254518
795488887.254518
795488887.254518
795568303.378014
795704667.614658
795704667.614658
795704667.614658
795060776.914137
795265813.208418
795265813.208418
795023915.646561
795023915.646561
794702740.97991
794838354.1242
794838354.1242
794838354.1242
794944268.943309
795280589.804261
794919372.113204
795063050.168248
795063050.168248
795268914.299307
794796170.328514
794796170.328514
795076178.411237
795076178.411237
795096830.378374
794930110.566625
794930110.566625
795133673.918589
795133673.918589
795133673.918589
795136458.304926
795136458.304926
795393096.291934
795393096.291934
795393096.291934
795011797.966442
794850162.817934
794850162.817934
794850162.817934
795046156.804122
795046156.804122
795046156.804122
795046156.804122
794975586.687897
795027262.189322
795027262.189322
795027262.189322
795607089.878982
795607089.878982
795607089.878982
795607089.878982
795324319.878046
795324319.878046
795324319.878046
795324319.878046
795354317.715841
795354317.715841
795354317.715841
795342308.259686
795342308.259686
795376569.971555
795376569.971555
795376569.971555
795829940.684982
795829940.684982
795644374.129379
795497745.449807
795497745.449807
795497745.449807
795186977.910316
795186977.910316
795186977.910316
795186977.910316
795414092.710543
795267247.384066
795267247.384066
795267247.384066
794813936.835322
795325335.765421
795639205.538391
795293996.957781
795293996.957781
795293996.957781
794759523.350928
794759523.350928
794759523.350928
794759523.350928
794759523.350928
795195593.686671
795118675.20943
795118675.20943
795188134.832905
795188134.832905
795137844.757681
795137844.757681
795175466.509013
795175466.509013
795353519.018752
795353519.018752
795353519.018752
795543175.435204
795543175.435204
795543175.435204
795416680.037474
795416680.037474
795416680.037474
795416680.037474
795623208.201826
795183360.57618
795183360.57618
795183360.57618
795183360.57618
795183360.57618
795108039.027736
795302127.174258
795322235.342688
795194242.374839
795194242.374839
795194242.374839
795194242.374839
795194242.374839
795176874.539093
795121933.907181
795121933.907181
795121933.907181
795121933.907181
794974681.945084
794974681.945084
794974681.945084
794974681.945084
794974681.945084
794974681.945084
794974681.945084
795171060.478409
795171060.478409
795171060.478409
794307950.379042
794450578.977647
794450578.977647
794825349.143743
794825349.143743
795173082.034698
795173082.034698
795191631.209936
794845889.105325
795442779.058825
794593647.216621
794794507.93144
794440263.627049
794440263.627049
795566928.858857
795566928.858857
795529296.267766
795529296.267766
795393165.116946
795393165.116946
795393165.116946
795393165.116946
795393165.116946
795393165.116946
795083955.314036
795251601.424598
794666588.997785
795243008.283281
795243008.283281
795260616.28741
795260616.28741
795419598.254628
795419598.254628
795419598.254628
795419598.254628
795419598.254628
795419598.254628
795419598.254628
795427704.059016
795427704.059016
795427704.059016
795427704.059016
795259423.901489
795259423.901489
795354143.231127
794952548.357911
794952548.357911
795038740.971584
795038740.971584
795114673.310251
795386064.437033
795386064.437033
795218904.289891
795218904.289891
795218904.289891
795040451.367827
795432523.297672
795432523.297672
795432523.297672
795432523.297672
795432523.297672
795280417.088572
795280417.088572
795280417.088572
795280417.088572
795280417.088572
794864723.323995
795193096.212642
795193096.212642
795288653.017255
795108712.522722
795311117.371315
795311117.371315
795118982.7541
795118982.7541
795118982.7541
795118982.7541
794633082.490563
794709092.312807
794820775.961434
795054611.965078
795054611.965078
795054611.965078
795054611.965078
795054611.965078
795223243.223505
795040786.902102
795040786.902102
795040786.902102
795040786.902102
795138485.892739
795088761.506551
795088761.506551
794878365.224573
794878365.224573
794878365.224573
794982516.657814
795043429.01639
795231978.903971
795231978.903971
795231978.903971
795231978.903971
795231978.903971
795231978.903971
795231978.903971
795231978.903971
795231978.903971
795215565.296445
795215565.296445
795215565.296445
794950803.559603
795312467.766765
795312467.766765
795312467.766765
795312467.766765
795312467.766765
795089512.922734
795089512.922734
795073991.323385
795073991.323385
795073991.323385
795184373.186641
795211978.667713
795211978.667713
795009717.160963
795009717.160963
795502830.570467
795502830.570467
795502830.570467
795274595.896599
795274595.896599
795458335.670697
795458335.670697
795484392.792027
795590554.020647
795656442.906654
795656442.906654
795427289.955978
795427289.955978
795427289.955978
795427289.955978
794882844.279959
795279859.738736
795298264.863653
795298264.863653
795186824.034703
795186824.034703
795440816.906496
795440816.906496
795440816.906496
795375421.157626
795409910.163405
795293064.345429
795293064.345429
795293064.345429
795293064.345429
795293064.345429
795293064.345429
795293064.345429
795215023.798578
795215023.798578
795215023.798578
795394669.689849
795394669.689849
795394669.689849
795394669.689849
795394669.689849
794940409.749639
794940409.749639
794940409.749639
794940409.749639
794940409.749639
794940409.749639
794940409.749639
794940409.749639
795204593.507341
795338476.089353
795338476.089353
795338476.089353
795338476.089353
795338476.089353
795338476.089353
795338476.089353
794929419.849154
794929419.849154
794884840.357207
794884840.357207
794884840.357207
794978909.949938
795375117.261171
795375117.261171
795375117.261171
795275584.67973
794998789.077703
795007783.447625
795007783.447625
795053181.436925
795108527.925754
795108527.925754
795108527.925754
795108527.925754
795108527.925754
795333622.064933
795333622.064933
795333622.064933
795758036.069194
795561435.867074
795431611.153558
795208850.535518
795208850.535518
795208850.535518
795208850.535518
795542261.62966
795542261.62966
795542261.62966
795542261.62966
795542261.62966
795126522.606308
795126522.606308
795126522.606308
795126522.606308
795126522.606308
795126522.606308
795126522.606308
795126522.606308
795126522.606308
795126522.606308
795126522.606308
795126522.606308
795126522.606308
795126522.606308
795181740.353357
795181740.353357
795181740.353357
795181740.353357
795181740.353357
795181740.353357
795181740.353357
795181740.353357
795181740.353357
795181740.353357
795078815.382544
795078815.382544
795078815.382544
795078815.382544
795078815.382544
795497637.675154
795497637.675154
795450539.131419
795450539.131419
795760005.863782
795123572.431835
795123572.431835
795330343.956999
795330343.956999
795330343.956999
794871097.765788
795136119.209495
795136119.209495
795136119.209495
795136119.209495
795244382.358039
795373837.074516
795373837.074516
795175560.835243
795175560.835243
795175560.835243
795410978.787439
795510808.840433
795510808.840433
795510808.840433
795132759.087329
795132759.087329
795132759.087329
795132759.087329
795132759.087329
795132759.087329
795132759.087329
795132759.087329
794825153.908001
794825153.908001
795099018.945297
795091479.496936
795091479.496936
795091479.496936
795621423.375356
795621423.375356
795272678.806381
795363771.548638
795363771.548638
795267765.900521
795267765.900521
796110240.119874
795452967.531402
795661651.336221
795557224.400084
795596958.5701
795596958.5701
795567043.50334
795567043.50334
794977191.647359
795374840.488836
795374840.488836
795374840.488836
795374840.488836
794825737.210722
794731537.6309
794731537.6309
794731537.6309
794731537.6309
794731537.6309
794731537.6309
794825411.569476
794990212.697019
795055743.276069
795128172.676978
795128172.676978
795293225.547508
795293225.547508
795307431.476229
795307431.476229
795240381.441891
795240381.441891
795383685.000933
795448066.586189
795423633.663517
795423633.663517
795423633.663517
795423633.663517
795851084.19076
795851084.19076
795673645.508634
795823099.60219
795823099.60219
795823099.60219
795029388.052952
794954787.584947
794954787.584947
794954787.584947
795157416.592806
795157416.592806
795129318.127813
795129318.127813
794881061.145231
795281101.103767
795232927.831592
795232927.831592
795115240.215489
794982897.340511
794982897.340511
794982897.340511
794925819.492136
795175678.561692
795175678.561692
795335142.685702
795497674.377221
795497674.377221
795497674.377221
795160620.821435
795160620.821435
795160620.821435
795160620.821435
795160620.821435
795160620.821435
795400595.046775
795400595.046775
795400595.046775
795400595.046775
795400595.046775
795400595.046775
795322279.454727
794903595.753616
795132217.260099
795024181.813874
795024181.813874
794873399.034973
794873399.034973
794873399.034973
794942891.588901
795240728.390186
795240728.390186
795135105.864877
795062976.659684
795062976.659684
795062976.659684
795062976.659684
795062976.659684
795062976.659684
795062976.659684
795704490.249336
795704490.249336
795704490.249336
795704490.249336
795079999.905246
795079999.905246
795444051.947935
795444051.947935
795444051.947935
795444051.947935
795368506.096908
795368506.096908
794987075.960885
794987075.960885
794987075.960885
795030898.201514
795517913.359403
795517913.359403
795517913.359403
795517913.359403
795517913.359403
795199851.723888
795199851.723888
795199851.723888
795199851.723888
795508134.255441
795565163.187743
795320968.250401
795320968.250401
795320968.250401
795320968.250401
795320968.250401
795320968.250401
795320968.250401
795320968.250401
795320968.250401
795065875.300672
795369776.175254
795440297.377079
794974531.885617
795480058.783505
795480058.783505
795480058.783505
795454092.051605
795454092.051605
795454092.051605
795382638.281523
795382638.281523
795382638.281523
795102785.327929
795102785.327929
795102785.327929
795102785.327929
795102785.327929
795052166.598268
795051037.28379
794967976.434752
795153657.287681
795153657.287681
795153657.287681
795153657.287681
795066264.011174
795117789.049139
795117789.049139
795117789.049139
795117789.049139
795117789.049139
795117789.049139
795117789.049139
795332496.601312
795332496.601312
795332496.601312
795332496.601312
795332496.601312
795332496.601312
795261645.875588
795261645.875588
795261645.875588
795261645.875588
794870033.722132
794870033.722132
794870033.722132
794870033.722132
795042316.201097
795042316.201097
795042316.201097
795042316.201097
795090564.0657
795090564.0657
795090564.0657
795090564.0657
795002774.617297
795002774.617297
795002774.617297
795002774.617297
795475699.897801
795562733.801576
795562733.801576
795141625.96984
795141625.96984
795131360.520614
795089693.623868
795009439.686662
795227094.770127
795227094.770127
795227094.770127
795277566.22009
795277566.22009
794978083.825129
794978083.825129
794978083.825129
795096231.443256
795096231.443256
795096231.443256
795096231.443256
795096231.443256
795096231.443256
795096231.443256
795086402.417103
795086402.417103
795086402.417103
795086402.417103
794894892.936531
794894892.936531
795272567.184411
795272567.184411
795166973.334506
795166973.334506
795166973.334506
795166973.334506
795166973.334506
795166973.334506
795166973.334506
795166973.334506
795166973.334506
794503940.968854
795185390.020543
795114714.008233
795114714.008233
795177385.215689
795177385.215689
795443726.789447
795443726.789447
794764450.112493
795045060.848952
795045060.848952
795210967.48078
795210967.48078
795210967.48078
795210967.48078
795210967.48078
795210967.48078
795210967.48078
795210967.48078
795195725.728507
794904824.580695
794904824.580695
794904824.580695
794904824.580695
794923846.350041
795058586.928793
795058586.928793
795058586.928793
795090925.720991
795090925.720991
795090925.720991
795344781.9698
795284866.975152
795463748.860707
795457724.900804
795002585.492855
795002585.492855
795002585.492855
795002585.492855
795002585.492855
795002585.492855
795002585.492855
795002585.492855
795022536.215847
795443236.085629
795443236.085629
795443236.085629
795443236.085629
795443236.085629
795407636.133029
795407636.133029
795284575.811878
795284575.811878
795284575.811878
795284575.811878
795388509.66833
794945453.213851
795005765.39053
795005765.39053
795055053.573132
795055053.573132
795055053.573132
795055053.573132
795706591.974545
795863496.247732
795863496.247732
795863496.247732
795863496.247732
795818736.121902
795401962.637184
795401962.637184
795321565.685309
795678708.373177
795678708.373177
795678708.373177
795678708.373177
795678708.373177
795678708.373177
795441893.758361
795441893.758361
795441893.758361
795441893.758361
795441893.758361
795441893.758361
795441893.758361
795292342.038464
795292342.038464
795292342.038464
795162823.99591
795137628.025432
795137628.025432
795137628.025432
795137628.025432
795380419.098312
794970238.331632
794970238.331632
794970238.331632
794970238.331632
795354577.352368
795354577.352368
795354577.352368
795354577.352368
794692639.693814
794692639.693814
794691078.593251
794613175.946544
794782414.999596
795458657.570743
795458657.570743
795684040.136886
795210665.219091
795210665.219091
795210665.219091
795210665.219091
795210665.219091
794588029.662321
794588029.662321
794674559.560806
794674559.560806
794674559.560806
794810683.808492
795572717.83971
795572717.83971
795572717.83971
795251401.7913
795159910.450571
794861943.795963
794861943.795963
794861943.795963
794861943.795963
794810167.643559
794371210.491629
794371210.491629
795211856.299637
795211856.299637
795211856.299637
795211856.299637
795211856.299637
795211856.299637
795211856.299637
795211856.299637
795211856.299637
795211856.299637
795211856.299637
795211856.299637
795211856.299637
795211856.299637
796027045.394884
796027045.394884
796027045.394884
796081395.122801
795762191.63749
795762191.63749
795762191.63749
795762191.63749
795762191.63749
795852042.919384
795492554.445292
794737736.047757
795090133.118341
795090133.118341
795090133.118341
795090133.118341
795090133.118341
795174799.232929
795174799.232929
795174799.232929
795076077.39267
795076077.39267
795076077.39267
795333250.301404
794882250.92421
794882250.92421
794918108.650324
794918108.650324
794918108.650324
794918108.650324
795085678.590352
795797487.864673
795797487.864673
795797487.864673
795606100.096217
795697439.690081
795576960.557173
795576960.557173
795576960.557173
795576960.557173
795576960.557173
795576960.557173
795455967.634539
795455967.634539
794854307.863063
795038340.68017
795038340.68017
795038340.68017
795038340.68017
795506829.91372
795439230.629198
795673359.200971
795716132.519759
795716132.519759
795716132.519759
795266743.702025
795266743.702025
795107725.217023
794448827.692482
794448827.692482
794867836.288539
795328135.780026
795168692.273057
795168692.273057
795168692.273057
795168692.273057
795168692.273057
795309537.6881
795309537.6881
795317631.323304
795317631.323304
794877058.135182
795024071.06148
795163866.767279
795163866.767279
795372116.003808
795372116.003808
795372116.003808
795372116.003808
795516358.657238
795513144.976708
795513144.976708
795451651.317784
795103497.817937
795103497.817937
795103497.817937
795103497.817937
795014590.815101
795226635.787452
795062215.18123
795062215.18123
795062215.18123
794967313.834095
794967313.834095
794967313.834095
794967313.834095
794967313.834095
794967313.834095
794890045.483368
794890045.483368
794890045.483368
794890045.483368
794890045.483368
794323711.500921
794837507.405165
794837507.405165
794837507.405165
794837507.405165
795244185.706764
795244185.706764
795031980.747868
795031980.747868
795203962.386188
795203962.386188
795203962.386188
795203962.386188
795220074.041721
795220074.041721
795179957.734304
794702775.891192
794702775.891192
794702775.891192
794702775.891192
794702775.891192
794702775.891192
794702775.891192
794702775.891192
794754495.171062
795231177.802085
795515698.674561
795989451.36072
795989451.36072
795989451.36072
795087354.848246
795387777.990525
795104684.391899
795104684.391899
795662169.529626
795662169.529626
795341488.61044
795341488.61044
795703136.310607
795566438.052567
795566438.052567
795566438.052567
795566438.052567
795566438.052567
795344835.344304
795676254.613988
795877878.940467
795877878.940467
795661423.205794
795297565.025534
795310636.551081
795310636.551081
795150935.541112
795150876.854367
795150876.854367
795150876.854367
795150876.854367
795150876.854367
795150876.854367
795150876.854367
795150876.854367
795150876.854367
795150876.854367
795685984.477553
795454187.247203
795422821.066648
795422821.066648
795422821.066648
795128382.330587
795128382.330587
795022616.682567
795022616.682567
795022616.682567
795022616.682567
795022616.682567
795022616.682567
795022616.682567
795022616.682567
795022616.682567
795022616.682567
795022616.682567
795022616.682567
795022616.682567
795237417.098143
795237417.098143
795237417.098143
795237417.098143
795237417.098143
795237417.098143
795269379.547922
795621545.883554
795465401.276425
795313476.353216
795313476.353216
795471753.905517
795471753.905517
795471753.905517
795471753.905517
795662740.92936
794948920.096637
794948920.096637
794948920.096637
795011719.864667
795011719.864667
795011719.864667
795011719.864667
795011719.864667
794664129.794022
794664129.794022
794664129.794022
795182000.399297
795182000.399297
795182000.399297
795297939.373288
794937473.636773
795459753.703803
795429372.435077
795429372.435077
795429372.435077
794938364.819585
794938364.819585
794938364.819585
795342909.497629
795342909.497629
795342909.497629
795342909.497629
795342909.497629
795342909.497629
795525468.158012
794961654.983191
794961654.983191
794961654.983191
794824458.766451
794824458.766451
794824458.766451
794808891.993288
794780164.492788
794999376.983654
794999376.983654
794850196.056873
794850196.056873
794609965.580928
794518522.744258
794518522.744258
794703651.738858
795293254.772751
795293254.772751
795293254.772751
795293254.772751
795293254.772751
794947753.279055
794947753.279055
794936220.105391
794936220.105391
794936220.105391
794936220.105391
794936220.105391
794936220.105391
794936220.105391
794936220.105391
794936220.105391
794936220.105391
794877350.908942
794877350.908942
794877350.908942
795340396.693009
795340396.693009
794940419.765663
795329013.549663
795329013.549663
795329013.549663
795329013.549663
795610509.639671
795205294.04511
795232549.050649
795744159.676549
795671390.526946
795671390.526946
795150508.831616
795150508.831616
795150508.831616
795125653.7983
795125653.7983
795125653.7983
795125653.7983
795125653.7983
795125653.7983
795125653.7983
794978454.804654
794979777.442659
794979777.442659
794979777.442659
794979777.442659
794979777.442659
794979777.442659
794979777.442659
795258052.645497
795110036.333025
795074320.100358
795074320.100358
795688016.897604
795688016.897604
795688016.897604
795688016.897604
795688016.897604
795403094.690209
795118940.071755
795118940.071755
795159233.515953
795370534.503702
795392005.017864
794912951.020462
794912951.020462
794912951.020462
794912951.020462
795315557.565724
795315557.565724
795507309.581425
795465812.360991
795465812.360991
795465812.360991
795324687.17566
795324687.17566
795205065.627916
795205065.627916
795424034.107606
795621093.382572
795621093.382572
795533140.85239
795022679.916822
795022679.916822
795022679.916822
795022679.916822
795022679.916822
795022679.916822
795022679.916822
795211080.983223
795095510.046516
795625286.633729
795625286.633729
795625286.633729
795625286.633729
795625286.633729
795348556.020268
795348556.020268
795108550.466201
795175062.265927
795009184.854513
795305445.285135
795305445.285135
795133927.909094
795133927.909094
795133927.909094
795110838.873029
795143513.131684
795064648.926627
795064648.926627
795064648.926627
795064648.926627
794991485.355877
794991485.355877
794971417.400029
794971417.400029
795069789.871363
795069789.871363
795069789.871363
795069789.871363
794591728.07532
794591728.07532
794861282.990624
794861282.990624
795208851.373495
795208851.373495
794725880.543855
794692705.461565
794911858.160767
794911858.160767
794859012.285378
794896440.265844
795192965.721447
795192965.721447
795192965.721447
795192965.721447
795192965.721447
795286564.661465
794721121.879694
794769826.558252
795156681.477497
795156681.477497
795156681.477497
795035602.864102
795035602.864102
795169619.13297
794913414.389863
794913414.389863
794913414.389863
795593847.372022
795833341.116707
795998924.82443
795998924.82443
795998924.82443
795509512.176756
795093612.036064
795546754.913055
795546754.913055
795546754.913055
795546754.913055
795546754.913055
795546754.913055
795546754.913055
794927144.597973
794927144.597973
794927144.597973
794927144.597973
794927144.597973
795025221.327228
795025221.327228
795378920.156731
795378920.156731
795378920.156731
795274438.985815
795274438.985815
795274438.985815
795274438.985815
795454214.656414
795454214.656414
795227862.571142
795227862.571142
794735497.193251
795495979.845695
795068324.889838
795068324.889838
795068324.889838
795348881.857655
795348881.857655
795369421.419123
795369421.419123
795369421.419123
795369421.419123
795369421.419123
795530107.540394
795530107.540394
795530107.540394
795542783.443047
795542783.443047
795542783.443047
795017881.752335
795094102.847265
795094102.847265
795094102.847265
795000224.001575
795000224.001575
795000224.001575
794915464.888865
795357810.692057
795633293.667899
795633293.667899
795815468.011022
795578338.093833
795578338.093833
795360400.233428
795278476.232589
795278476.232589
795278476.232589
795278476.232589
795278476.232589
795278476.232589
795278476.232589
795079340.516224
795079340.516224
795654974.970941
794915395.11947
795181300.733114
795181300.733114
794889159.212974
794889159.212974
795448664.005013
795496772.098954
795496772.098954
794739553.368629
795175576.566101
795283494.003422
795283494.003422
795283494.003422
795499100.018884
795499100.018884
795499100.018884
795227997.548617
795227997.548617
795227997.548617
795092580.583432
795092580.583432
795092580.583432
795380665.848909
795412119.062804
795500733.015249
795864935.294821
795864935.294821
795695276.683274
795410167.481249
795410167.481249
795410167.481249
795410167.481249
795370347.258689
795370347.258689
795370347.258689
794997873.638149
794773305.162954
794773305.162954
794773305.162954
794773305.162954
794875729.678661
794875729.678661
794831279.274066
794831279.274066
794677101.377915
794849900.338462
794849900.338462
795277862.392604
795277862.392604
795277862.392604
795277862.392604
795277862.392604
795277862.392604
795277862.392604
795277862.392604
794838928.881591
794838928.881591
795234932.339604
795234932.339604
795234932.339604
795234932.339604
795234932.339604
795148472.863232
795148472.863232
795148472.863232
795148472.863232
794744204.00057
795066786.811702
795066786.811702
795164341.802824
795164341.802824
795164341.802824
795164341.802824
794972318.668
794972318.668
794891020.787064
795421012.426713
795007735.807799
795366424.39886
795383001.341615
795383001.341615
795383001.341615
795383001.341615
795383001.341615
795383001.341615
795383001.341615
795159559.617399
795159559.617399
795159559.617399
795159559.617399
795372235.677102
795372235.677102
795372235.677102
795372235.677102
795372235.677102
795372235.677102
795372235.677102
795398992.045457
795398992.045457
794955985.259879
794497050.468459
794696487.30965
794814162.760419
794814162.760419
794940370.464798
794940370.464798
794960983.711724
794869474.853071
794821959.659428
794821959.659428
794821959.659428
794821959.659428
794821959.659428
794821959.659428
794821959.659428
794821959.659428
794932365.952633
794932365.952633
794988571.703324
794988571.703324
794988571.703324
794988571.703324
794988571.703324
794988571.703324
794988571.703324
795162010.215792
795635805.466554
795635805.466554
795635805.466554
795635805.466554
795911197.826661
795081951.394738
794928378.182627
794928378.182627
794928378.182627
794928378.182627
794928378.182627
795026478.70813
795026478.70813
795026478.70813
795026478.70813
795026478.70813
795026478.70813
795013322.780345
795407072.059948
795288473.772135
795288473.772135
795261526.1527
795261526.1527
795261526.1527
795261526.1527
795673818.792912
795673818.792912
795673818.792912
795852356.458037
795852356.458037
795852356.458037
795265606.040118
795265606.040118
795265606.040118
794956144.521103
795249213.338815
795249213.338815
794968278.526561
794830173.762416
794830173.762416
794876123.933829
794876123.933829
794680021.95312
794988192.569615
794988192.569615
794988192.569615
794988192.569615
794642067.596795
794642067.596795
794642067.596795
795250014.427762
795459616.021332
795459616.021332
795267241.968099
795170566.304924
795170566.304924
795170566.304924
795280341.529976
795280341.529976
794739659.738675
794739659.738675
794739659.738675
794739659.738675
794739659.738675
794657008.323976
794657008.323976
794657008.323976
794808339.459563
794824162.920051
795013704.153414
795013704.153414
795132772.073012
795132772.073012
795373787.991653
795373787.991653
795373787.991653
795373787.991653
795373787.991653
794893123.313411
794893123.313411
795435473.332375
795656312.186662
795656312.186662
795656312.186662
795656312.186662
795423786.911319
795423786.911319
795417818.216044
795172637.25756
795278572.441929
795278572.441929
795535041.014096
795296565.68806
795650016.955227
795650016.955227
795650016.955227
795650016.955227
795596815.042037
795577236.729425
795577236.729425
795577236.729425
795489882.877229
795083667.83584
795596579.988267
795596579.988267
795596579.988267
795596579.988267
795596579.988267
795596579.988267
795596579.988267
795596579.988267
795596579.988267
795596579.988267
795444064.163479
795444064.163479
795444064.163479
795365255.04466
795365255.04466
795355340.733698
795355340.733698
795355340.733698
795435717.001393
795435717.001393
795435717.001393
795458000.413926
795458000.413926
794879767.763535
794963085.112224
794963085.112224
794913178.806693
794913178.806693
794913178.806693
794913178.806693
794913178.806693
795487373.189927
795470402.718583
795267657.553346
795093130.637496
795093130.637496
795137811.194771
795137811.194771
795137811.194771
795137811.194771
795137811.194771
795137811.194771
795396991.681405
795051715.277315
795051715.277315
795051715.277315
795051715.277315
795497268.132637
795493878.583605
795301191.589048
795301191.589048
795649822.238962
795649822.238962
795649822.238962
795649822.238962
795524169.972012
795608033.061683
795581086.778387
795581086.778387
795581086.778387
795125178.001163
795125178.001163
795125178.001163
795242936.356684
795192328.009092
795114634.270758
795114634.270758
795114634.270758
795393152.826751
795026892.629542
795474550.169942
795474550.169942
795474550.169942
795163462.741619
795094162.117668
795094162.117668
795094162.117668
794983046.063138
794927912.308061
795310773.236513
795310773.236513
795192780.698374
795192780.698374
795165398.819689
795140969.908707
795140969.908707
795140969.908707
795665870.485291
795665870.485291
794953830.541256
795080508.640298
795080508.640298
795567353.839567
795567353.839567
795462862.142024
795618227.321867
795618227.321867
795618227.321867
795175227.175523
795438308.197049
795295311.881179
795166286.362805
795193857.296434
795052776.857679
795007345.822762
795007345.822762
795007345.822762
795228362.015882
795228362.015882
795228362.015882
795228362.015882
795228362.015882
795228362.015882
795271264.200709
795271264.200709
795310707.086351
795350273.464804
795350273.464804
795326810.824531
795326810.824531
795326810.824531
795345375.296958
794862271.849496
794897892.853274
794897892.853274
795148176.538473
794876169.622735
795225700.17868
795381609.45208
795381609.45208
795335268.738836
794915868.45243
794843612.832881
794843612.832881
794846990.98535
795265986.378131
795265986.378131
795265986.378131
795620672.34768
795620672.34768
795620672.34768
795433206.888779
795433206.888779
795425632.985439
795191695.024426
795191695.024426
795037343.992872
795037343.992872
795037343.992872
795037343.992872
795037343.992872
795037343.992872
795037343.992872
794697194.416056
794697194.416056
794697194.416056
794829032.786272
794829032.786272
795372301.9324
795631512.783548
795631512.783548
795631512.783548
794897519.232733
795538649.936826
795538649.936826
795219526.071399
795219526.071399
795219526.071399
795219526.071399
795219526.071399
795219526.071399
795219526.071399
795124366.362272
795124366.362272
795124366.362272
795124366.362272
794894599.445875
795272347.100957
795272347.100957
795272347.100957
795287822.489958
795287822.489958
795287822.489958
795287822.489958
795287822.489958
795287822.489958
795287822.489958
795303296.696558
795303296.696558
795408025.29783
795408025.29783
795410660.897868
795410660.897868
795410660.897868
795222080.749703
795222080.749703
795649362.384185
795827637.874571
795827637.874571
795827637.874571
795827637.874571
795128088.711274
795128088.711274
794579296.65466
794892960.093168
794892960.093168
795034010.469103
795034010.469103
795034010.469103
795034010.469103
795034010.469103
795104959.207278
795104959.207278
795104959.207278
795104959.207278
795588976.905869
795577519.440587
795536372.054933
795271253.571057
795271253.571057
795271253.571057
795431304.380272
795431304.380272
795431304.380272
795453237.382954
795453237.382954
795565879.915839
795280105.826076
795280105.826076
795280105.826076
795345112.315237
795345112.315237
795345112.315237
795366770.255195
795366770.255195
795366770.255195
794952685.252312
794952685.252312
794952685.252312
794952685.252312
794409801.902773
795380939.421209
795592223.02368
795592223.02368
795592223.02368
795592223.02368
795924648.193566
795720559.033404
795720559.033404
795720559.033404
795601147.070427
795601147.070427
795712406.718127
795712406.718127
795712406.718127
795598618.635802
795588344.506288
795588344.506288
795588344.506288
795588344.506288
795588344.506288
795588344.506288
795588344.506288
795604925.820606
795520431.924099
795520431.924099
795520431.924099
795120286.266481
794980384.928872
794980384.928872
795142631.557166
795142631.557166
795142631.557166
795142631.557166
795142631.557166
795142631.557166
795142631.557166
795142631.557166
795142631.557166
795142631.557166
795142631.557166
795256014.968703
795062412.297969
794819788.067112
794819788.067112
794819788.067112
794819788.067112
794819788.067112
794819788.067112
794819788.067112
794819788.067112
794819788.067112
794819788.067112
794819788.067112
794819788.067112
794819788.067112
794871680.458666
794871680.458666
794871680.458666
795209881.689877
795209881.689877
795209881.689877
795209881.689877
795209881.689877
795209881.689877
795209881.689877
795209881.689877
795209881.689877
795209881.689877
795209881.689877
795209881.689877
795209881.689877
795119095.078093
795135490.579649
795178754.517265
795178754.517265
794994203.257055
794994203.257055
794994203.257055
794994203.257055
794745863.033
795027629.598076
795027629.598076
795027629.598076
795027629.598076
795168721.543269
795168721.543269
795168721.543269
795188776.596644
795147590.715552
795368634.017625
795368634.017625
795368634.017625
795468592.6825
795604357.614525
795604357.614525
795604357.614525
795604357.614525
795357567.35976
795357567.35976
795549110.312806
795549110.312806
795918820.103296
795487935.326245
795487935.326245
795487935.326245
794952692.73466
794952692.73466
795212180.081208
795212180.081208
795212180.081208
794807139.530214
795194891.2308
795194891.2308
795194891.2308
795194891.2308
795555720.903405
795555720.903405
795555720.903405
795007897.638201
795007897.638201
795007897.638201
795493246.815712
795493246.815712
795493246.815712
795426466.491727
795426466.491727
795386883.802147
795430108.642354
795430108.642354
795507060.365571
795507060.365571
795507060.365571
795649475.653134
795509431.044874
795509431.044874
795509431.044874
795058688.8666
795058688.8666
795058688.8666
795058688.8666
795217345.207462
795217345.207462
794833399.120522
794833399.120522
794833399.120522
794833399.120522
794833399.120522
794990784.792616
794703727.911954
794703727.911954
794922111.684921
794922111.684921
794922111.684921
794922111.684921
794922111.684921
794922111.684921
794922111.684921
795787291.59378
795787291.59378
795787291.59378
795622385.722395
795639826.083442
795639826.083442
795639826.083442
795393790.445541
795393790.445541
795393790.445541
795393790.445541
795281908.615764
795281908.615764
794833542.426297
794833542.426297
794833542.426297
794833542.426297
794978788.812382
795500228.207567
795500228.207567
795500228.207567
795500228.207567
795162638.289166
795371281.769127
794801028.356225
795101571.259293
795101571.259293
795101571.259293
794803247.538492
795158048.505399
795325296.215393
795325296.215393
795662134.788994
795774278.463837
795774278.463837
795323736.419278
795360308.69954
795051575.594684
794787853.050041
794787853.050041
794821031.674888
795326135.788966
795326135.788966
795326135.788966
795326135.788966
795326135.788966
795376371.440627
795376371.440627
795376371.440627
795376371.440627
795376371.440627
795376371.440627
795376371.440627
794933036.082254
795013691.168228
795013691.168228
795013691.168228
794975760.851126
795693284.596415
795462431.246876
795462431.246876
795556764.866887
795556764.866887
795556764.866887
795653365.083841
795653365.083841
795397705.822975
794904862.673901
794904862.673901
794904862.673901
794904862.673901
794976284.701706
794976284.701706
794976284.701706
794976284.701706
794976284.701706
794976284.701706
794976284.701706
794976284.701706
794976284.701706
794976284.701706
794976284.701706
794976284.701706
794976284.701706
794923462.670119
795129150.852013
795129150.852013
794927112.25722
795017748.621806
795017748.621806
795378014.489494
795243342.931661
795243342.931661
795243342.931661
795246924.60864
795246924.60864
795246924.60864
795246924.60864
795165191.863258
795165191.863258
795165191.863258
795165191.863258
795165191.863258
795165191.863258
795165191.863258
795165191.863258
795165191.863258
794995730.440842
794995730.440842
794995730.440842
794995730.440842
794995730.440842
794995730.440842
794863380.84283
794863380.84283
794799427.070631
794799427.070631
794988959.961627
794988959.961627
795172391.743496
795296210.05958
795657213.006069
795254758.174542
795254758.174542
795254758.174542
795387168.398088
795387168.398088
795387168.398088
795542372.815403
795542372.815403
795250270.581003
795250270.581003
795161091.813012
795344466.143545
795344466.143545
795344466.143545
795183067.407438
794893887.331669
794834537.786781
794834537.786781
794834537.786781
795294696.265371
795294696.265371
795294696.265371
795444476.593251
795628048.852856
795628048.852856
795628048.852856
795377422.461797
795377422.461797
795377422.461797
795377422.461797
795377422.461797
795268844.038537
795268844.038537
794779445.252296
795055281.089127
795055281.089127
795055281.089127
794742400.886994
794742400.886994
795151344.829787
795151344.829787
795151344.829787
795151344.829787
795151344.829787
795151344.829787
794926208.474001
794926208.474001
794926208.474001
794926208.474001
794926208.474001
794926208.474001
794815945.141845
795049277.139848
795094939.649718
795094939.649718
794828495.939932
795245824.485019
795245824.485019
795245824.485019
794605028.429
794605028.429
794605028.429
794605028.429
794605028.429
794605028.429
795179812.585557
795179812.585557
795179812.585557
794737968.364791
794737968.364791
794737968.364791
794760500.593228
794760500.593228
794577951.883008
794577951.883008
795351558.528907
795351558.528907
795351558.528907
795138318.112999
795138318.112999
795300461.845268
795300461.845268
795300461.845268
794915217.082236
794915217.082236
794915217.082236
794915217.082236
794915217.082236
794915217.082236
794851459.633531
794851459.633531
794851459.633531
794860451.322426
794860451.322426
794860451.322426
794860451.322426
794740238.263762
794740238.263762
795005675.641607
795005675.641607
795024219.848987
795024219.848987
795024219.848987
795686517.192576
795686517.192576
795473996.619391
795473996.619391
795421935.818794
795421935.818794
795421935.818794
795301111.541353
795487790.181362
795487790.181362
795487790.181362
794864267.737914
794944007.642919
794944007.642919
794955237.024715
794955237.024715
794955237.024715
794955237.024715
794955237.024715
794955237.024715
794955237.024715
795019482.534886
795019482.534886
795019482.534886
795019482.534886
795019482.534886
795019482.534886
795019482.534886
795019482.534886
795556686.566435
795032532.407486
795032532.407486
795032532.407486
795314115.099182
795314115.099182
794970804.288991
794709388.29488
794709388.29488
794709388.29488
794869238.331841
794811693.190928
794811693.190928
794900174.430739
794900174.430739
794900174.430739
794900174.430739
794900174.430739
794701923.357027
794751816.222645
794751816.222645
794751816.222645
794751816.222645
794751816.222645
794751816.222645
794903389.847592
794903389.847592
795842609.262038
795676725.005092
795676725.005092
795676725.005092
795676725.005092
795676725.005092
795676725.005092
795227631.390651
795227631.390651
795301659.411772
795301659.411772
795301659.411772
795301659.411772
795301659.411772
795301659.411772
795301659.411772
795589374.388873
794982825.402562
794982825.402562
794982825.402562
794982825.402562
794982825.402562
794982825.402562
794581053.606468
794581053.606468
794581053.606468
794581053.606468
794632256.930059
795110526.67862
795320263.049469
795320263.049469
795208149.234594
795208149.234594
795208149.234594
795208149.234594
795070689.694334
795428166.890262
795428166.890262
795270153.218014
795270153.218014
795386323.881971
795386323.881971
795386323.881971
795386323.881971
795668193.923331
795668193.923331
795668193.923331
795668193.923331
795668193.923331
795270425.659302
795496777.095705
794633292.548695
794633292.548695
794752602.809386
794912924.529435
794912924.529435
795008877.491994
794775201.846102
794775201.846102
794775201.846102
794850940.782923
795316798.305273
795316798.305273
795547099.053387
795244475.504689
795244475.504689
795408040.351823
795408040.351823
795408040.351823
795408040.351823
795266232.619307
795266232.619307
795026452.097412
795465954.029951
795918400.226504
795440965.948956
795191985.398486
795191985.398486
795191985.398486
794969480.360757
795518588.025887
795518588.025887
795518588.025887
795295769.083089
795295769.083089
795295769.083089
795295769.083089
795295769.083089
795295769.083089
795295769.083089
795295769.083089
795295769.083089
795295769.083089
795295769.083089
795172702.538881
795172702.538881
795194549.368469
795194549.368469
795194549.368469
795194549.368469
795194549.368469
795194549.368469
795278855.480107
794968638.517546
794976091.052479
794976091.052479
795277107.129318
795277107.129318
794674688.021155
794674688.021155
794674688.021155
794734491.737261
794734491.737261
794690006.728616
794834739.945016
794834739.945016
794834739.945016
795496309.589701
795496309.589701
795387729.337477
795387729.337477
795387729.337477
795340652.276175
795236557.958838
795691198.412104
795399323.768266
795399323.768266
795399323.768266
795014890.933783
795014890.933783
795014890.933783
795014890.933783
795014890.933783
795274221.839523
795274221.839523
795274221.839523
795274221.839523
795274221.839523
795018751.021966
795103464.060673
795103464.060673
795103464.060673
795242698.735954
795242698.735954
795416990.808758
795416990.808758
795416990.808758
795416990.808758
795084959.042956
795084959.042956
794854915.653492
794854915.653492
794812263.438846
794812263.438846
794812263.438846
795071697.240284
795459676.117733
795459676.117733
795459676.117733
795459676.117733
795459676.117733
795459676.117733
795459676.117733
795459676.117733
795296833.496492
795296833.496492
795296833.496492
795234313.190498
795234313.190498
795234313.190498
795234313.190498
795299452.849365
795299452.849365
795603923.962119
795605260.376233
795605260.376233
795605260.376233
794638430.085545
794638430.085545
795046494.385648
794779523.234886
794988230.469405
794988230.469405
794988230.469405
794988230.469405
794988230.469405
795068283.635268
795068283.635268
795068283.635268
795068283.635268
795002052.020179
795002052.020179
795002052.020179
795334643.155037
794668424.832874
795256041.526999
795601954.808141
795470549.415444
795470549.415444
795470549.415444
795470549.415444
795636921.214454
795636921.214454
795452887.93433
795921235.024153
795921235.024153
795638241.726582
795882276.368101
795882276.368101
795461977.252909
795271551.364853
795271551.364853
795271551.364853
795271551.364853
795271551.364853
795112568.873922
794729356.599212
795137694.960854
795137694.960854
795137694.960854
795137694.960854
795137694.960854
795170727.968696
795170727.968696
795319373.061912
795319373.061912
795319373.061912
795319373.061912
795319373.061912
795319373.061912
795319373.061912
795319373.061912
795444302.498459
795444302.498459
795552588.203625
795552588.203625
794978253.573899
794978253.573899
794978253.573899
794978253.573899
794978253.573899
794978253.573899
794978253.573899
794978253.573899
795123930.801789
795123930.801789
795123930.801789
795120574.571753
795120574.571753
795120574.571753
795120574.571753
795134497.901051
795134497.901051
795352528.918738
795240214.149769
795240214.149769
794644382.876403
794918589.083257
794918589.083257
794918589.083257
794918589.083257
795186376.518315
795186376.518315
794954786.663653
794954786.663653
794954786.663653
795114446.407251
795114446.407251
795011010.428108
795011010.428108
794614662.575756
794614662.575756
794614662.575756
794530788.958464
794485235.862058
794485235.862058
794743021.072523
794743021.072523
794743021.072523
794743021.072523
794743021.072523
795508312.4765
796152526.525741
796152526.525741
796152526.525741
796152526.525741
796152526.525741
796152526.525741
796152526.525741
796152526.525741
795670347.714355
795196094.676042
795177406.88247
795177406.88247
795177406.88247
795177406.88247
795177406.88247
795177406.88247
795177406.88247
794789804.654041
794789804.654041
794772300.982791
794772300.982791
794772300.982791
794772300.982791
794772300.982791
794772300.982791
794772300.982791
794958498.588525
794958498.588525
795029726.622793
795029726.622793
795029726.622793
794510482.585165
794287069.109771
794582564.276291
794632077.957466
795038549.063471
795713974.077075
795318828.926738
795318828.926738
795318828.926738
795212683.388862
795212683.388862
795241518.783199
795241518.783199
795241518.783199
795310108.861976
795310108.861976
795310108.861976
795426627.398784
795407586.779296
795407586.779296
795407586.779296
795650642.352229
795650642.352229
795650642.352229
795650642.352229
796052583.664741
795527365.989495
795280734.988268
795280734.988268
795280734.988268
795280734.988268
795280734.988268
795576958.15743
795576958.15743
795576958.15743
794891141.319528
794891141.319528
794991537.727925
795040033.906972
795226195.547471
795072990.772521
795072990.772521
795008114.561914
795164881.327456
795164881.327456
795164881.327456
795164881.327456
795164881.327456
795138132.12971
795138132.12971
795036363.404287
795036363.404287
795036363.404287
794715890.037132
794715890.037132
794715890.037132
794720383.140826
794720383.140826
794720383.140826
794720383.140826
795326265.83439
795345704.879062
794876072.009923
794876072.009923
795041569.929422
795041569.929422
795367054.202728
795367054.202728
795367054.202728
795352830.69526
795352830.69526
795352830.69526
795352830.69526
795352830.69526
795352830.69526
795352830.69526
795054128.068866
795054128.068866
795054128.068866
795044289.876227
795044289.876227
795044289.876227
795044289.876227
795044289.876227
795152363.478765
795152363.478765
794757373.490523
794856276.888474
794856276.888474
795171844.924723
795171844.924723
795171844.924723
795121487.549985
795121487.549985
795121487.549985
794944930.564041
794944930.564041
794944930.564041
794752281.310542
794752281.310542
794752281.310542
794752281.310542
794752281.310542
794752281.310542
794752281.310542
795306823.855762
795306823.855762
795429764.289935
795429764.289935
795588689.686445
795588689.686445
795588689.686445
795118150.184906
795118150.184906
795158356.198431
795158356.198431
795158356.198431
795158356.198431
795158356.198431
795333138.080913
795333138.080913
795333138.080913
795125905.627488
795125905.627488
795125905.627488
795125905.627488
795125905.627488
795289863.569487
795289863.569487
795289863.569487
795289863.569487
794879103.654092
794879103.654092
794912873.622062
794912873.622062
794912873.622062
794885370.159023
795181881.125033
795166452.078573
795166452.078573
795166452.078573
795064221.291408
795064221.291408
794887386.011486
795034519.073367
795034519.073367
795034519.073367
795034519.073367
795034519.073367
794876755.78863
794876755.78863
795405934.313476
795405934.313476
795405934.313476
795893012.926577
795795286.429814
795795286.429814
795795286.429814
795801547.248931
795491503.782105
795491503.782105
795057007.696606
795057007.696606
795057007.696606
795185580.412807
795185580.412807
795203434.439882
794785173.026121
794943795.710696
794943795.710696
794943795.710696
794988617.926076
794988617.926076
794963653.516537
794594854.689852
794580246.223446
794595664.668679
794595664.668679
795632843.43223
795632843.43223
794835329.878717
794835329.878717
794835329.878717
794822033.607313
794822033.607313
795765721.727811
795765721.727811
795642374.240841
795642374.240841
795754555.718691
795754555.718691
795754555.718691
795754555.718691
795754555.718691
795754555.718691
795754555.718691
795754555.718691
795754555.718691
795754555.718691
795754555.718691
795359431.192704
795359431.192704
795506004.823629
795506004.823629
795506004.823629
795506004.823629
795506004.823629
795125184.307117
795125184.307117
795125184.307117
795125184.307117
794982216.543988
794982216.543988
794982216.543988
795423741.785784
795423741.785784
795095509.154151
795095509.154151
795095509.154151
795095509.154151
795095509.154151
795095509.154151
795095509.154151
795070096.395496
795070096.395496
795492290.716678
795492290.716678
795164878.636922
795261285.770514
795261285.770514
795261285.770514
795578615.029577
795578615.029577
795219640.003728
795219640.003728
794724964.761347
794724964.761347
794724964.761347
794724964.761347
795299660.291303
794946392.501339
794946392.501339
794946392.501339
794615895.150833
794615895.150833
794615895.150833
794615895.150833
794615895.150833
794615895.150833
794785842.194068
794892394.725995
794892394.725995
794733616.102213
794733616.102213
794967858.283608
795120186.176915
795120186.176915
795120186.176915
795189937.265592
795189937.265592
795189937.265592
794851068.811647
794851068.811647
794851068.811647
795523272.390179
795523272.390179
795523272.390179
795523272.390179
795523272.390179
795523272.390179
794933172.380346
794933172.380346
794853947.589321
794853947.589321
794853947.589321
795061289.972933
795061289.972933
795061289.972933
795061289.972933
794973588.359517
794973588.359517
794973588.359517
794973588.359517
795044587.662097
795239662.93647
795239662.93647
795431141.786088
795431141.786088
795431141.786088
795431141.786088
795431141.786088
795431141.786088
795431141.786088
795240053.548094
795240053.548094
795353102.001693
795353102.001693
795287787.427372
795510588.569743
795510588.569743
795510588.569743
795510588.569743
795510588.569743
795510588.569743
795510588.569743
795692420.344448
795692420.344448
795395116.6029
795292245.030492
795136161.099558
795136161.099558
795136161.099558
795069394.742901
795135826.460762
795001787.099097
795001787.099097
795001787.099097
794838074.0246
794944405.852412
794794955.672991
794794955.672991
794794955.672991
794794955.672991
794782616.082326
794782616.082326
794782616.082326
794824066.935342
794824066.935342
794824066.935342
794824066.935342
794977823.982174
794977823.982174
794977823.982174
794977823.982174
794977823.982174
794977823.982174
794977823.982174
794787651.710906
794895251.2004
795037562.771175
794872893.327196
794872893.327196
794899163.281531
794899163.281531
794899163.281531
795190360.410452
795190360.410452
795190360.410452
795118933.133563
795118933.133563
795118933.133563
795118933.133563
795118933.133563
795118933.133563
795681665.904595
795681665.904595
795681665.904595
795681665.904595
795681665.904595
795681665.904595
795486114.653953
795486114.653953
795486114.653953
795486114.653953
795552757.459281
795552757.459281
794991153.781711
795184549.600558
795184549.600558
795184549.600558
795367598.795926
795207253.681333
795207253.681333
795203898.167083
795563065.865382
795513213.738826
795513213.738826
795513213.738826
795513213.738826
795418797.238684
795280292.846246
795280292.846246
795280292.846246
795280292.846246
795229119.552659
795229119.552659
795229119.552659
795229119.552659
795229119.552659
795229119.552659
795246205.067918
795246205.067918
795361048.060333
795361048.060333
795361048.060333
795361048.060333
795361048.060333
795543102.104689
795369558.007918
795369558.007918
795369558.007918
795219789.980171
795017715.322281
795017715.322281
795337486.683028
795337486.683028
795184000.773671
795184000.773671
795184000.773671
795184000.773671
795266071.370553
795266071.370553
795266071.370553
795266071.370553
795266071.370553
795266071.370553
794892106.758023
794892106.758023
794892106.758023
795109473.337867
795109473.337867
795109473.337867
795109473.337867
795109473.337867
795109473.337867
795109473.337867
795109473.337867
795108448.120388
795298709.471725
795298709.471725
794877359.159351
794877359.159351
795063260.325721
795063260.325721
795063260.325721
795063260.325721
795063260.325721
795063260.325721
794942568.199267
794942568.199267
794806998.361307
795040605.041937
795047670.455022
794878656.736186
794967092.554056
794967092.554056
794967092.554056
795437553.478569
794645847.198336
794645847.198336
794645847.198336
794645847.198336
794981041.909091
794981041.909091
795261346.643261
794761012.795455
795090350.546078
795402806.341978
794752968.927897
794752968.927897
794735353.583112
795416150.62519
795492731.600592
795492731.600592
795717217.91309
795605899.766098
795605899.766098
795605899.766098
795605899.766098
795605899.766098
795224412.179736
795224412.179736
795224412.179736
795224412.179736
795224412.179736
795224412.179736
795224412.179736
794883203.424647
794883203.424647
794883203.424647
795074554.005509
795074554.005509
795074554.005509
795074554.005509
795074554.005509
794958619.833236
794958619.833236
794958619.833236
794958619.833236
794958619.833236
795243436.847046
795243436.847046
795290182.62255
795046792.346746
795010901.982779
795010901.982779
795010901.982779
795010901.982779
795010901.982779
795010901.982779
795010901.982779
795010901.982779
795010901.982779
795010901.982779
795010901.982779
795010901.982779
795010901.982779
795074487.51223
795074487.51223
795074487.51223
795074487.51223
795282625.454446
795282625.454446
795282625.454446
795061282.918306
795281196.502808
795281196.502808
795024085.954069
794734431.045668
794734431.045668
794439111.32657
795110070.014921
795110070.014921
795110070.014921
795110070.014921
795110070.014921
795279799.892568
795279799.892568
795445457.962773
795134268.809003
794914487.859729
794997110.302866
794997110.302866
795009138.238874
795246916.41253
795246916.41253
795246916.41253
794811713.258977
794811713.258977
794964432.479255
794964432.479255
794964432.479255
794964432.479255
794964432.479255
794964432.479255
795111933.129566
795111933.129566
795345886.140094
795345886.140094
795345886.140094
795345886.140094
795345886.140094
795345886.140094
795193208.4226
795311992.620104
795173901.56012
795374300.271279
795242541.847648
795242541.847648
795191637.440729
795043586.279708
795043586.279708
795540154.898317
795490250.592195
795490250.592195
795431271.844521
795431271.844521
795431271.844521
795431271.844521
795431271.844521
795431271.844521
795431271.844521
795633245.98835
795640284.809779
795640284.809779
795640284.809779
795168388.011378
795168388.011378
795168388.011378
795168388.011378
795283537.907053
795283537.907053
795283537.907053
795625653.256169
795625653.256169
795695437.94413
795695437.94413
795695437.94413
795802789.655544
795802789.655544
795802789.655544
794809907.139078
794809907.139078
794809907.139078
794809907.139078
794641619.088455
794641619.088455
794641619.088455
794808367.607421
794808367.607421
794819274.57791
794819274.57791
794787053.106711
794787053.106711
795109500.229681
795109500.229681
795109500.229681
795109500.229681
795369768.882599
795090989.57944
795090989.57944
795090989.57944
795090989.57944
795500457.860963
795500457.860963
795200450.466933
795129388.518924
795129388.518924
795140691.073064
795219983.291038
795219983.291038
795219983.291038
795219983.291038
795219983.291038
795219983.291038
795357662.349676
795357662.349676
795357662.349676
794664841.239323
794940326.733397
794940326.733397
794940326.733397
795633834.341709
795521186.812302
795051611.312995
794719538.359382
795081893.493444
795081893.493444
795081893.493444
795081210.749859
795081210.749859
795003820.348793
795310165.942383
795310165.942383
795310165.942383
795301049.933689
795470770.697773
795470770.697773
795470770.697773
795374419.505727
795198060.438726
795198060.438726
795868599.409275
795868599.409275
795911526.354576
795153511.147614
795153511.147614
795454078.90656
795454078.90656
795454078.90656
795454078.90656
795464282.473023
795464282.473023
795464282.473023
795464282.473023
795001080.643208
794778553.436056
794778553.436056
794778553.436056
795092726.498468
795092726.498468
795092726.498468
795092726.498468
795092726.498468
795092726.498468
795092726.498468
795542555.968
795379656.313324
795379656.313324
794923247.605137
794931350.315832
794931350.315832
794931350.315832
795173461.049273
795173461.049273
795265821.78912
795265821.78912
795265821.78912
795265821.78912
795155394.539993
795155394.539993
795155394.539993
794985122.070819
795047599.068
795047599.068
795047599.068
795047599.068
795047599.068
794991441.29587
794991441.29587
794991441.29587
794991441.29587
795164493.768582
795164493.768582
795164493.768582
795164493.768582
794838548.946942
794838548.946942
794838548.946942
794838548.946942
794838548.946942
794838548.946942
795269119.55925
795269119.55925
795269119.55925
794948721.410837
795439721.018094
795439721.018094
795439721.018094
795439721.018094
795654452.781398
795402309.197205
795044432.368164
795044432.368164
795044432.368164
795044432.368164
795044432.368164
794838776.336012
794879361.604267
795021262.487169
795334649.801013
795334649.801013
795334649.801013
795264127.841047
794923517.474257
794923517.474257
794923517.474257
794978360.075016
795402842.084612
795402842.084612
795402842.084612
795402842.084612
795309032.379666
795059401.327951
795059401.327951
795037527.881614
795037527.881614
795037527.881614
795037527.881614
795007120.011933
795569036.548293
795569036.548293
795569036.548293
795569036.548293
795569036.548293
795458333.560166
794979625.333323
794979625.333323
794912209.840241
795405939.595642
795254023.545329
795254023.545329
795254023.545329
795254023.545329
794921325.663819
794921325.663819
794921325.663819
795099964.222012
794801539.49152
794801539.49152
794515081.111613
794515081.111613
794649042.318436
794649042.318436
794849563.04934
794969623.16914
795537933.336416
795537933.336416
795333669.138149
795333669.138149
795047885.095808
795047885.095808
795047885.095808
795047885.095808
795047885.095808
795047885.095808
794767645.649963
795497596.926611
795497596.926611
795497596.926611
795024441.164172
795477092.620953
795477092.620953
795477092.620953
795477092.620953
795477092.620953
795477092.620953
795664621.237309
795664621.237309
795333427.156353
795333427.156353
794794956.664992
794794956.664992
794794956.664992
794794956.664992
795007713.729863
795007713.729863
795375400.030792
795357444.009792
794571983.265484
794571983.265484
794953973.896579
795004969.702894
795413685.998539
795413685.998539
795032143.756444
795032143.756444
795032143.756444
794756660.520799
794756660.520799
794756660.520799
794756660.520799
794756660.520799
794756660.520799
795034832.137368
794816127.389361
794816127.389361
794886208.063447
794886208.063447
794886208.063447
794818149.571257
794818149.571257
795625020.098343
795625020.098343
795212559.008692
795212559.008692
795212559.008692
795290438.057533
795290438.057533
795290438.057533
795290438.057533
795290438.057533
795290438.057533
795403488.953692
795403488.953692
794977174.041255
794911580.705185
794911580.705185
794781758.555759
794781758.555759
794999300.502718
794996329.025739
794996329.025739
794996329.025739
794996329.025739
794996329.025739
794996329.025739
794996329.025739
794996329.025739
795101888.138175
795284859.542677
795237523.594079
794943360.437563
795101972.312236
795101972.312236
795101972.312236
794950316.458361
794950316.458361
794800768.787343
794582645.311037
794582645.311037
794582645.311037
794582645.311037
794582645.311037
794667171.890221
794667171.890221
794875439.466227
794875439.466227
794875439.466227
794875439.466227
794875439.466227
794875439.466227
794932168.820233
794944475.000501
794944475.000501
794085286.566476
794174865.592789
794174865.592789
794896185.985587
794896185.985587
794903711.490252
794903711.490252
794903711.490252
794903711.490252
794903711.490252
795284783.705221
795284783.705221
795284783.705221
795284783.705221
795389462.748883
795302634.767124
795302634.767124
795302634.767124
795115268.354308
795115268.354308
795115268.354308
794814022.033682
795043573.591375
795043573.591375
795043573.591375
795119992.861446
795119992.861446
795200639.816384
795131838.397134
795131838.397134
795131838.397134
795578093.240669
795647369.306571
795709636.142983
795930116.339178
795930116.339178
795954723.091172
795954723.091172
795781941.57
795781941.57
795093325.057845
794598634.443601
794598634.443601
794598634.443601
795139879.09448
795139879.09448
795139879.09448
795139879.09448
795139879.09448
795348991.650211
795220931.137795
795220931.137795
795203515.749471
795294796.906872
795294796.906872
795294796.906872
795058824.399751
795058824.399751
794882554.460666
794873573.201036
794873573.201036
794873573.201036
794873573.201036
794873573.201036
795235143.073301
795235143.073301
795235143.073301
795482716.417424
795482716.417424
795074522.738038
795074522.738038
795374525.119761
795381479.178668
795381479.178668
795381479.178668
795381479.178668
795381479.178668
795381479.178668
795015563.235274
795498581.912387
795498581.912387
795498581.912387
795515617.967714
795133111.743229
795133111.743229
794695374.550364
794634960.410949
794292838.838913
794292838.838913
794292838.838913
795030222.071309
795030222.071309
795305412.052222
795305412.052222
795305412.052222
795305412.052222
795305412.052222
795182576.857773
795281177.124195
794865520.595732
794865520.595732
794849028.040248
794849028.040248
794849028.040248
794849028.040248
794849028.040248
794919312.73275
794919312.73275
795174687.701903
795174687.701903
795174687.701903
795174687.701903
795401220.950371
795401220.950371
795109619.293036
795109619.293036
795109619.293036
795109619.293036
794891050.059363
794891050.059363
794891050.059363
794840924.932971
794998982.316638
794998982.316638
795202753.372595
795202753.372595
795207672.790254
795207672.790254
795207672.790254
795410284.907724
795410284.907724
795226791.619879
795226791.619879
795208334.177966
795208334.177966
794920768.037968
795115472.276359
795115472.276359
795043445.766036
795043445.766036
795043445.766036
795043445.766036
795759335.084562
795759335.084562
795759335.084562
794880036.557505
794880036.557505
794880036.557505
794861469.544308
795095401.605088
795095401.605088
795095401.605088
795102196.465649
795102196.465649
795102196.465649
795123906.284632
795123906.284632
795254066.572129
795254066.572129
795523151.869931
795523151.869931
794978207.785398
794988429.875375
794933031.082739
794938845.97602
794938845.97602
794938845.97602
794786653.130627
794786653.130627
794786653.130627
794948008.730506
794948008.730506
794948008.730506
794948008.730506
794948008.730506
794948008.730506
794796301.364784
795374356.561325
795289238.712797
795289238.712797
795289238.712797
795433723.090083
795568242.679816
795568242.679816
795568242.679816
795568242.679816
795371294.877987
795371294.877987
795118102.888896
795118102.888896
795118102.888896
795118102.888896
795118102.888896
795118102.888896
795118102.888896
795603544.358018
795603544.358018
795198308.98388
795198308.98388
795198308.98388
795198308.98388
794576102.019062
794576102.019062
795184346.620618
795328462.416481
795108699.879321
794970669.785453
794970669.785453
794970669.785453
795153932.922167
795526456.287874
795526456.287874
795526456.287874
795474226.641969
795474226.641969
795474226.641969
795474226.641969
795538217.419743
795538217.419743
795538217.419743
795538217.419743
795538217.419743
795512238.26617
795439339.74522
795439339.74522
795439339.74522
795576989.296578
795222880.023716
795222880.023716
795222880.023716
795222880.023716
795222880.023716
795222880.023716
795222880.023716
795222880.023716
795222880.023716
795222880.023716
795222880.023716
795222880.023716
794682511.38288
794682511.38288
794682511.38288
794682511.38288
794727706.597243
795006993.116313
795006993.116313
794847778.88902
795054749.86219
795054749.86219
795054749.86219
795054749.86219
795009457.252418
795009457.252418
795009457.252418
795445255.182716
795445255.182716
795445255.182716
795445255.182716
795445255.182716
795310952.207709
795310952.207709
795034819.58548
795064069.363921
795064069.363921
795064069.363921
795004180.817841
794729142.022432
795083623.406503
795197092.046986
795150437.891733
795129317.282311
794933264.616007
794925770.352947
794925770.352947
794925770.352947
795403622.004944
795403622.004944
795403622.004944
795403622.004944
795482870.406395
795482870.406395
795482870.406395
795482870.406395
795482870.406395
795482870.406395
795410508.85439
795339903.351644
795339903.351644
795189780.114099
795189780.114099
794970650.646633
795380095.589886
795380095.589886
795049455.985738
795049455.985738
795049455.985738
795049455.985738
795049455.985738
795167283.620067
795167283.620067
795213958.244681
795213958.244681
795213958.244681
795213958.244681
795009335.781259
795009335.781259
795009335.781259
794941175.753583
794941175.753583
794895411.668802
794895411.668802
794895411.668802
794760219.371654
794760219.371654
794804635.356445
794804635.356445
794804635.356445
794804635.356445
794804635.356445
794804635.356445
795106778.968196
795036277.076505
795216633.798347
795216633.798347
795105269.086224
794952218.692538
794952218.692538
795148785.391152
795148785.391152
795148785.391152
795027722.964625
795027722.964625
795305909.593668
795605077.62347
795634959.134279
795634959.134279
795634959.134279
795401688.959237
795712963.950102
795712963.950102
795712963.950102
795712963.950102
795712963.950102
795712963.950102
795712963.950102
795330482.760379
795330482.760379
795330482.760379
795296621.304921
795020192.06989
795020192.06989
795020192.06989
795020192.06989
795020192.06989
794928286.481309
794928286.481309
794928286.481309
794972993.511358
794972993.511358
795142888.741871
795525487.885202
794801162.268844
794741806.502565
794741806.502565
794741806.502565
794667402.426236
794667402.426236
794667402.426236
794715140.148509
794715140.148509
794715140.148509
794715140.148509
794715140.148509
794715140.148509
794715140.148509
794715140.148509
794715140.148509
794715140.148509
794715140.148509
794715140.148509
794630564.474508
794790595.831509
794790595.831509
794790595.831509
795165448.869936
795165448.869936
795337474.089783
795355543.959571
795355543.959571
795334389.743452
795319340.37278
795319340.37278
795319340.37278
795319340.37278
795319340.37278
795319340.37278
795319340.37278
794994276.48766
794994276.48766
794994276.48766
794994276.48766
794990788.626807
794990788.626807
794990788.626807
794825255.995611
795157195.782526
794880585.885136
794880585.885136
794834980.258272
795084790.520509
795084790.520509
795002149.603386
795002149.603386
795002149.603386
795002149.603386
795115834.912614
795115834.912614
795115834.912614
795115834.912614
795115834.912614
795115834.912614
795647303.066467
795647303.066467
795264974.209318
795559522.962572
795764134.698494
795764134.698494
795838653.323451
795838653.323451
795838653.323451
795838653.323451
795838653.323451
795587010.073766
795606277.295664
795606277.295664
795424769.478382
795424769.478382
795714803.93389
794975746.569512
794837895.133403
795290530.26336
794982159.921235
794982159.921235
795402100.220687
795402100.220687
795402100.220687
795625691.247046
795523896.681016
795398192.419523
795405664.821816
795405664.821816
794888880.135115
794888880.135115
794888880.135115
795648945.594704
795710935.673735
795560274.728213
795484035.634028
795484035.634028
795484035.634028
795484035.634028
795484035.634028
795633545.672193
795633545.672193
795314261.625326
795314261.625326
794995159.255965
794995159.255965
794995159.255965
794995159.255965
794995159.255965
794995159.255965
795361843.989347
795291293.726038
795597398.296376
795285874.358777
795285874.358777
795285874.358777
795285874.358777
795105116.973136
795105116.973136
795105116.973136
795147809.955464
795147809.955464
794767473.882902
795071243.884175
795071243.884175
795071243.884175
795071243.884175
795071243.884175
795071243.884175
795071243.884175
795071243.884175
795241372.796279
795241372.796279
795480842.246852
795480842.246852
795736752.909915
795029672.38487
795029672.38487
795121861.360362
795121861.360362
795121861.360362
795121861.360362
795121861.360362
794861052.97274
795246692.521092
795242457.8059
795060873.119985
795437484.316999
795196429.849197
795196429.849197
795196429.849197
795196429.849197
795354741.323288
795073767.662467
795073767.662467
795073767.662467
795073767.662467
795073767.662467
795073767.662467
794954520.064173
795722908.239679
795722908.239679
795743741.735813
795634958.837355
795224871.588897
795224871.588897
795224871.588897
794834233.109008
795395497.610837
795395497.610837
795395497.610837
794955540.181614
794955540.181614
795472748.782897
795472748.782897
795472748.782897
795472748.782897
795389029.236835
795389029.236835
795389029.236835
794945193.715341
794945193.715341
794945193.715341
794945193.715341
794945193.715341
794945193.715341
794961682.042526
794751759.179878
794751759.179878
794598238.1049
794598238.1049
794598238.1049
794598238.1049
794598238.1049
794598238.1049
794598238.1049
794598238.1049
794989107.749024
795504574.044212
795110245.632221
795110245.632221
795110245.632221
795110245.632221
795110245.632221
795110245.632221
795110245.632221
795110245.632221
795404455.947168
795404455.947168
795178203.51218
795426531.746237
795603862.669121
795603862.669121
795603862.669121
795603862.669121
795603862.669121
795603862.669121
795603862.669121
795135048.765906
795135048.765906
795135048.765906
795135048.765906
795226124.882164
795105678.715137
795405853.422721
795405853.422721
795405853.422721
795002017.927698
795002017.927698
795002017.927698
795002017.927698
794858081.015106
794858081.015106
794858081.015106
795394919.452921
795394919.452921
795108854.724324
795108854.724324
795108854.724324
795194050.66601
795318070.30819
795318070.30819
795457236.469089
795196519.466392
795010131.257083
795010131.257083
794992655.503142
794992655.503142
794779929.160302
794779929.160302
794604130.843478
795032511.082049
795032511.082049
795032511.082049
795299308.909099
795299308.909099
795479953.373399
795532353.273726
795532353.273726
795532353.273726
795532353.273726
795532353.273726
795373771.519075
795169013.933125
795169013.933125
795539907.350458
795539907.350458
795539907.350458
795218600.109447
795218600.109447
795251068.08214
795144841.373114
795053570.403714
795053570.403714
795053570.403714
795053570.403714
795180265.177091
795486628.380803
795486628.380803
795247188.941298
795247188.941298
795247188.941298
795247188.941298
795224455.179462
795266147.827933
795266147.827933
794965508.325263
794965508.325263
794965508.325263
795153417.794097
795153417.794097
795153417.794097
795153417.794097
795153417.794097
795263702.506823
794693581.009857
795647542.09262
795594241.815088
795358108.664769
795358108.664769
795358108.664769
795358108.664769
795350693.373896
795681798.69809
795421531.824055
795421531.824055
795421531.824055
795379652.667421
795379652.667421
795401067.534442
795401067.534442
795401067.534442
795401067.534442
795401067.534442
795401067.534442
795425724.528229
795425724.528229
795709021.008246
795537413.19491
794907637.277124
794891255.034478
795021987.582782
794706106.395042
794807059.703491
794807059.703491
794807059.703491
794807059.703491
794807059.703491
794807059.703491
795155537.438335
795208336.864064
795208336.864064
795208336.864064
795208336.864064
795208336.864064
795240480.941506
795328578.368342
795328578.368342
795328578.368342
795328578.368342
795328578.368342
795328578.368342
795325289.662276
795325289.662276
795325289.662276
795325289.662276
795362119.544186
795362119.544186
795362119.544186
795362119.544186
795362119.544186
795362119.544186
795362119.544186
795362119.544186
795362119.544186
795362119.544186
795034382.523944
795438488.430973
794985646.269342
795206241.521691
795507920.904982
795507920.904982
795471245.20706
795471245.20706
795046630.626861
795046630.626861
795046630.626861
795411815.263661
795411815.263661
794852310.993183
794852310.993183
795328969.658423
795328969.658423
795328969.658423
795328969.658423
795171436.856483
795171436.856483
795251886.788326
794984940.196976
794984940.196976
794984940.196976
794984940.196976
794984940.196976
794933426.462126
794933426.462126
795051562.361928
795051562.361928
795051562.361928
795211214.072383
795211214.072383
795211214.072383
795211214.072383
795211214.072383
795211214.072383
795211214.072383
795335206.249371
795335206.249371
795335206.249371
795335206.249371
795252846.152373
794591120.017567
795306460.261435
795306460.261435
795306460.261435
795306460.261435
795306460.261435
795306460.261435
795306460.261435
795306460.261435
795306460.261435
795306460.261435
795306460.261435
795479189.663601
795479189.663601
795479189.663601
795479189.663601
795479189.663601
795479189.663601
795479189.663601
794751482.28313
795105829.926514
795006783.624794
794941453.825633
794936837.230454
795531905.394292
795531905.394292
795260432.148275
794892378.516316
794892378.516316
794892378.516316
794892378.516316
794892378.516316
794892378.516316
794892378.516316
795501125.745473
795501125.745473
795390122.929223
795390122.929223
795303021.825041
795303021.825041
795667747.176984
795234068.809068
794742918.356401
795402425.459622
795214790.731408
795214790.731408
795231774.271961
795271792.172857
795271792.172857
795271792.172857
795271792.172857
795271792.172857
795271792.172857
795089656.776675
795089656.776675
795089656.776675
795089656.776675
795036747.173771
794990570.956048
794990570.956048
794990570.956048
794990570.956048
795163791.042723
795163791.042723
795163791.042723
795163791.042723
795163791.042723
795163791.042723
795163791.042723
795163791.042723
795163791.042723
795163791.042723
795163791.042723
795023603.656087
795282662.938317
795534844.658074
795135617.695173
795216493.241251
795216493.241251
795216493.241251
794729644.399425
794729644.399425
795142942.064905
795246801.401189
795142857.923625
795142857.923625
795142857.923625
795464668.201084
795464668.201084
795464668.201084
795572066.214658
794955568.994131
794955568.994131
794955568.994131
794676860.764114
794676860.764114
794676860.764114
795184113.582599
795184113.582599
795184113.582599
795119470.937921
794999246.146277
794999246.146277
794999246.146277
794999246.146277
794999246.146277
794999246.146277
794999246.146277
794999246.146277
795301562.740717
795481835.12625
794826806.645353
794824905.15376
794824905.15376
794824905.15376
794778619.998569
794849326.875635
794849326.875635
794849326.875635
794849326.875635
794849326.875635
794849326.875635
794849326.875635
794928059.474638
794947203.78598
794947203.78598
794947203.78598
794947203.78598
795229187.749292
795175055.072991
795175055.072991
795380994.466843
795298178.517281
795298178.517281
795298178.517281
795298178.517281
795298178.517281
795298178.517281
795298178.517281
795298178.517281
794991923.354907
794991923.354907
795220927.059074
795220927.059074
795485298.903479
795139079.763726
794950257.849618
794818807.808276
794818807.808276
795174259.556022
795174259.556022
795202723.423906
795202723.423906
795202723.423906
795202723.423906
795202723.423906
794960429.239087
794960429.239087
795285252.809559
795369291.198829
795293502.650242
795293502.650242
795158767.739976
795158767.739976
795158767.739976
795158767.739976
795158767.739976
795158767.739976
795158767.739976
795339631.917792
795339631.917792
795339631.917792
795339631.917792
795597273.5269
795208109.917018
795208109.917018
795208109.917018
794968689.464521
794968689.464521
794968689.464521
794935507.181936
794935507.181936
794970972.460823
794729179.557088
794832006.016847
795054065.460676
795054065.460676
795054065.460676
795240566.190417
795231882.581838
795231882.581838
795447748.933978
795447748.933978
795447748.933978
795447748.933978
795447748.933978
795447748.933978
795447748.933978
795447748.933978
795447748.933978
795447748.933978
795278903.101687
795548091.291506
795620955.154523
795620955.154523
795620955.154523
795620955.154523
795732080.761721
795600735.920903
795600735.920903
795127105.009171
795127105.009171
795256161.495432
795498669.414781
795498669.414781
795498669.414781
795498669.414781
795498669.414781
795498669.414781
795498669.414781
795498669.414781
795498669.414781
795498669.414781
795538660.115211
795538660.115211
795165520.279261
795389335.588303
795389335.588303
795650798.202384
795650798.202384
795238439.296629
795071686.601269
795071686.601269
794940942.125334
794940942.125334
794940942.125334
795498459.432382
795498459.432382
795498459.432382
795498459.432382
795498459.432382
795498459.432382
795498459.432382
795475974.936445
795021471.57536
795021471.57536
795021471.57536
794919976.60772
795020938.558815
795020938.558815
795020938.558815
795020938.558815
795020938.558815
795020938.558815
795020938.558815
795212283.279515
795212283.279515
794781145.603337
794781145.603337
794781145.603337
794781145.603337
794642588.376279
794642588.376279
794618588.750411
794987523.623973
795122284.293856
795385603.007833
795385603.007833
795385603.007833
795385603.007833
795435785.503655
795435785.503655
795473176.517671
795473176.517671
795473176.517671
795473176.517671
795473176.517671
795473176.517671
795023971.423713
795243360.735556
795332758.156001
795332758.156001
795332758.156001
795332758.156001
795332758.156001
795122736.577896
795122736.577896
794867643.495241
794891232.423076
795001243.577567
795131703.895721
795010745.467269
795010745.467269
795455782.502615
795318233.250246
795318233.250246
795318233.250246
795318233.250246
795318233.250246
795130544.326264
794898432.027033
795015657.822234
795015657.822234
795015657.822234
794660872.331015
794911104.33256
794911104.33256
794911104.33256
794911104.33256
795261811.359525
795261811.359525
795261811.359525
795092928.50324
795495558.395987
795495558.395987
795027429.400921
795027429.400921
795027429.400921
795166776.528022
795166776.528022
795166776.528022
795095075.831871
795095075.831871
795095075.831871
795193117.621749
795200597.39141
795200597.39141
795372777.778574
795372777.778574
795246787.506945
795246787.506945
795246787.506945
794887609.113402
794887609.113402
794887609.113402
794887609.113402
794887609.113402
794887609.113402
794887609.113402
794887609.113402
794833664.715935
795354238.494928
795354238.494928
795354238.494928
795331233.059727
795331233.059727
795395951.477972
794731773.227356
794731773.227356
794731773.227356
795420510.770977
795420510.770977
795420510.770977
795420510.770977
794924910.456851
794846289.811366
794846289.811366
794846289.811366
794846289.811366
794846289.811366
794846289.811366
795456713.698537
795456713.698537
795456713.698537
795456713.698537
795456713.698537
795456713.698537
795456713.698537
795456713.698537
795329039.013784
795415243.818163
795415243.818163
795415243.818163
795415243.818163
795184658.547323
795523826.952662
795368760.50107
795368760.50107
795368760.50107
795368760.50107
795275616.020415
795298661.494936
795298661.494936
795298661.494936
795298661.494936
795387143.912093
795387143.912093
795387143.912093
795387143.912093
795108296.315695
795108296.315695
795108296.315695
795108296.315695
795108296.315695
795108296.315695
795108296.315695
795108296.315695
795250998.760302
795250998.760302
795219464.606405
795219464.606405
795605240.849737
795605240.849737
795605240.849737
795605240.849737
795605240.849737
795120964.807885
795120964.807885
795228632.771053
795228632.771053
795228632.771053
795228632.771053
795228632.771053
795228632.771053
795622412.063913
795622412.063913
795622412.063913
795622412.063913
795622412.063913
795151250.683181
794887325.602817
794887325.602817
794887325.602817
794865424.03934
794865424.03934
795605730.760094
795605730.760094
795605730.760094
795605730.760094
795071286.088115
795466974.733303
795466974.733303
795182841.445116
795182841.445116
795320809.665728
795044139.993675
795044139.993675
795044139.993675
795044139.993675
795044139.993675
795044139.993675
795044139.993675
795044139.993675
795044139.993675
795044139.993675
795044139.993675
795044139.993675
795044139.993675
795044139.993675
794818483.673867
794818483.673867
794818483.673867
794400274.439537
794400274.439537
794819079.908172
795209290.106389
795334719.613956
795035887.246413
795066250.389152
795065034.915009
795578552.274647
795578552.274647
795578552.274647
795150645.707028
795150645.707028
795121177.728275
795121177.728275
794814076.742683
794814076.742683
794814076.742683
794856189.929266
795420056.553639
795420056.553639
795225371.974894
795225371.974894
795225371.974894
795064507.72608
795064507.72608
795064507.72608
795270277.696461
795270277.696461
795270277.696461
795270277.696461
795514514.151593
795748857.61503
795748857.61503
795729635.261662
795729635.261662
795443469.688835
794947785.827684
795390256.938696
795390256.938696
795390256.938696
795457524.312665
795457524.312665
795457524.312665
795384805.895361
794859740.447946
794859740.447946
794859740.447946
795327409.54491
795741403.234477
795741403.234477
795741403.234477
795179920.429836
795179920.429836
794773247.677418
794773247.677418
794773247.677418
794773247.677418
795634186.181522
794856050.853612
794856050.853612
795142155.878707
795142155.878707
795142155.878707
795142155.878707
795025655.666401
794848294.824256
794848294.824256
794689209.698068
794829293.989236
794829293.989236
794829293.989236
794973291.45227
794973291.45227
794865404.397553
794582412.098124
794582412.098124
794568191.288853
794572905.344267
795203813.714803
795203813.714803
795203813.714803
795324416.113495
795742692.792034
795742692.792034
795606586.732984
795563679.312596
795563679.312596
795563679.312596
795563679.312596
795638026.872758
795638026.872758
795658463.068993
795105794.081612
795105794.081612
795423956.700195
794684041.333251
794684041.333251
794931470.810992
794931470.810992
795522745.916657
795451379.53358
795451379.53358
795451379.53358
795451379.53358
795451379.53358
795356626.545804
795356626.545804
795145586.068738
795145586.068738
795304171.909625
795411553.808869
795411553.808869
795754174.268672
795620090.960131
795620090.960131
795620090.960131
795620090.960131
795620090.960131
795494127.764739
795494127.764739
795917832.080092
795849351.227038
795953993.115542
795953993.115542
795836400.842485
795836400.842485
795836400.842485
795265851.349802
794948345.801308
794994931.68281
794994931.68281
794994931.68281
795402739.466412
795696575.316508
795696575.316508
795696575.316508
795322492.036837
795322492.036837
795322492.036837
795322492.036837
795306547.150982
795306547.150982
795093293.626826
794975127.711238
794975127.711238
794975127.711238
794975127.711238
794997080.516257
795124511.317666
795124511.317666
794804894.4403
794804894.4403
794546699.083826
794546699.083826
794862845.181898
794862845.181898
794862845.181898
794862845.181898
795139472.501169
795139472.501169
795139472.501169
795139472.501169
795139472.501169
795139472.501169
795139472.501169
795139472.501169
795559502.568472
795559502.568472
794995289.819121
794995289.819121
794995289.819121
794995289.819121
795654092.136615
795654092.136615
795654092.136615
795654092.136615
795654092.136615
795654092.136615
795654092.136615
795353006.112546
795353006.112546
795159908.902045
795159908.902045
795159908.902045
795159908.902045
795159908.902045
795036132.152257
795036132.152257
795036132.152257
795036132.152257
795036132.152257
794995548.590256
795222897.907386
795132976.74526
795132976.74526
795132976.74526
795318756.906428
795318756.906428
795318756.906428
795247879.061486
795247879.061486
794957772.825935
794957772.825935
794957772.825935
795181397.919142
795566810.278712
795566810.278712
795566810.278712
795442383.976727
795987734.271704
795987734.271704
795027444.491022
794981804.730113
794981804.730113
794981804.730113
795079778.945298
795430331.946071
795639005.306305
795639005.306305
795694103.974166
795694103.974166
795010182.967455
795090820.32832
794927511.461326
795174407.408892
795174407.408892
795174407.408892
795174407.408892
795174407.408892
795174407.408892
795140328.378973
794921575.752718
795109385.261932
795109385.261932
795109385.261932
795109385.261932
794870497.441277
794870497.441277
794870497.441277
794729484.075491
794729484.075491
794706627.588034
794706627.588034
794910635.096837
795077485.792711
795077485.792711
795077485.792711
795077485.792711
795077485.792711
795257273.753183
795125253.533031
795125253.533031
795125253.533031
795039290.153202
795039290.153202
794891752.818336
795403503.952811
795118468.430583
795118468.430583
795118468.430583
794965205.785761
795453897.698337
795453897.698337
795535861.713813
795535861.713813
795263042.495746
794712170.873563
794712170.873563
794935246.925918
794935246.925918
794812868.507358
794812868.507358
794812868.507358
794812868.507358
795050516.280151
795050516.280151
795050516.280151
795050516.280151
795050516.280151
795050516.280151
795050516.280151
795050516.280151
795044888.304571
794708499.485953
794708499.485953
794708499.485953
794914625.172247
794914625.172247
794914625.172247
795079470.13847
795079470.13847
795154657.101927
795154657.101927
795154657.101927
795154657.101927
794906540.529283
794867043.066887
795273844.377098
795273844.377098
794859187.301385
795021216.385694
795021216.385694
795021216.385694
795053155.704234
795053155.704234
795053155.704234
795006486.601807
795006486.601807
795006486.601807
795006486.601807
795006486.601807
795399102.509387
795399102.509387
795399102.509387
795763511.258934
795763511.258934
795763511.258934
795772841.346175
795047149.971887
795047149.971887
795047149.971887
795305301.559325
795305301.559325
795305301.559325
795305301.559325
795052800.195462
795052800.195462
795059489.488592
794931517.489645
794963685.946923
794963685.946923
794747202.695753
794806313.164385
794806313.164385
795090110.801207
794955729.045857
794955729.045857
794987052.29977
795070195.230058
795070195.230058
795497272.018453
795497272.018453
795341915.832112
795341915.832112
795341915.832112
795341915.832112
795341915.832112
795341915.832112
795341915.832112
795102024.58831
795102024.58831
795102024.58831
795102024.58831
795102024.58831
795102024.58831
795102024.58831
795293546.508717
795293546.508717
795131563.036903
795115616.920815
795051842.555278
795319030.48954
795094369.2828
795094369.2828
794932734.150683
795122666.470014
795122666.470014
795372298.395042
795264030.827684
795809226.171882
795809226.171882
795809226.171882
795809226.171882
795809226.171882
796006791.060612
795618635.974736
795046827.17106
795046827.17106
795046827.17106
795046827.17106
795046827.17106
795092127.638454
795092127.638454
795092127.638454
795092127.638454
795092127.638454
795071801.049481
795194253.942308
794841465.947525
794841465.947525
795004190.413084
794806489.180531
794806489.180531
795091886.394869
795091886.394869
795091886.394869
795563460.032416
795563460.032416
795559705.985564
795559705.985564
795559705.985564
795559705.985564
795599908.353157
795599908.353157
795599908.353157
795653772.072884
795653772.072884
795408108.292807
795320181.237353
795320181.237353
795338949.869377
795518781.104935
795518781.104935
795518781.104935
795273179.93847
795328556.771618
795439426.051124
795671950.343742
795671950.343742
795298903.314482
795161247.038644
795161247.038644
795796422.260392
795796422.260392
795314947.95572
795314947.95572
795314947.95572
795314947.95572
795314947.95572
795314947.95572
794832922.292937
795284607.063203
795193479.680413
795183162.219264
795183162.219264
795454598.700192
795245735.353389
795163823.529824
795163823.529824
795163823.529824
795163823.529824
795163823.529824
795163823.529824
795163823.529824
795163823.529824
795525772.512711
795495105.160872
795175952.6398
795175952.6398
795175952.6398
794929085.377365
794929085.377365
794929085.377365
794868850.673354
794868850.673354
795336714.19838
795407222.452193
795407222.452193
795407222.452193
795407222.452193
795407222.452193
795118601.935466
795118601.935466
795118601.935466
795118601.935466
795118601.935466
795118601.935466
795118601.935466
795118601.935466
795118601.935466
794845021.437622
794845021.437622
795043375.800959
795043375.800959
794873088.812321
794873088.812321
794966300.402841
794966300.402841
794966300.402841
794966300.402841
794966300.402841
794966300.402841
795162969.806385
795162969.806385
795162969.806385
795472094.900151
795472094.900151
795213718.216623
795213718.216623
795213718.216623
795213718.216623
795213718.216623
795213718.216623
795066247.02187
795045383.354207
795020943.150429
795101941.270768
795101941.270768
795101941.270768
795087907.142364
795379001.640271
795379001.640271
795379001.640271
795379001.640271
795673615.733182
795673615.733182
795673615.733182
795609480.268394
795609480.268394
795609480.268394
795474005.86852
795330080.107287
795330080.107287
795390400.300811
795390400.300811
795390400.300811
795390400.300811
795278372.391712
795067992.623574
795067992.623574
794806056.93378
794806056.93378
795104367.364618
795104367.364618
795383053.057824
795383053.057824
795383053.057824
795383053.057824
795245205.18967
795245205.18967
795245205.18967
795245205.18967
795229776.146692
795300763.982677
795465504.446968
795465504.446968
795465504.446968
795465504.446968
795465504.446968
795465504.446968
795347129.258871
795347129.258871
795347129.258871
795257679.804927
795257679.804927
795106265.692319
794775869.368812
794798432.125403
794798432.125403
794798432.125403
794798432.125403
794798432.125403
794798432.125403
795181832.868219
795343058.12911
795557839.843199
795557839.843199
795557839.843199
795736085.984446
795736085.984446
795736085.984446
794683461.355904
794683461.355904
794739929.179974
794739929.179974
794936615.911623
794936615.911623
795533269.095758
795533269.095758
795533269.095758
795533269.095758
795145880.818527
795145880.818527
795096482.235296
795096482.235296
794403678.81314
794423291.425119
794833909.722527
794833909.722527
794808371.140885
794808371.140885
794808371.140885
795058541.445271
794935231.215122
794935231.215122
794931788.987489
795584444.811438
795584289.010305
795290363.337942
795290363.337942
795290363.337942
795290363.337942
795290363.337942
795290363.337942
795423346.426795
795423346.426795
795542488.552764
795542488.552764
795542488.552764
795785796.258106
795785796.258106
795502168.266276
795619342.584885
795074151.981191
795074151.981191
795074151.981191
795266755.750899
795157527.92486
795157527.92486
794907400.32975
794907400.32975
795350139.952458
795350139.952458
794990344.274298
794990344.274298
794490074.702083
794490074.702083
794490074.702083
794490074.702083
794523291.279301
794523291.279301
794523291.279301
794702457.741083
795011299.653184
795011299.653184
795011299.653184
795010978.159168
795010978.159168
795010978.159168
795010978.159168
795010978.159168
795010978.159168
795010978.159168
795010978.159168
795010978.159168
794796030.271851
795158990.663511
795217974.922851
795217974.922851
795217974.922851
795555770.043673
795155636.779984
795155636.779984
795427980.3522
794954247.305311
794954247.305311
794954247.305311
795330390.437577
795330390.437577
795330390.437577
795330390.437577
795330390.437577
795690546.511613
795690546.511613
795690546.511613
795782581.167992
795782581.167992
795828877.178819
795361511.926932
795361511.926932
795361511.926932
795143277.404902
795143277.404902
795228564.470813
795971050.115556
795971050.115556
795964725.385062
795592919.050048
795592919.050048
795592919.050048
795592919.050048
795592919.050048
795592919.050048
795592919.050048
795592919.050048
795592919.050048
795391631.735301
795391631.735301
795391631.735301
795391631.735301
795391631.735301
795391631.735301
795228063.972457
795228063.972457
795350345.727881
795350345.727881
795350345.727881
795350345.727881
795350345.727881
795350345.727881
795732230.611531
795732230.611531
795363634.285247
795363634.285247
795784123.708501
795621505.381059
795621505.381059
795621505.381059
795621505.381059
795621505.381059
795621505.381059
795532742.443382
795663515.258728
795663515.258728
795663515.258728
795532756.177753
795532756.177753
795089706.821697
795089706.821697
795089706.821697
795089706.821697
795089706.821697
795187884.507455
794890560.602719
794890560.602719
794672956.443938
794789826.218951
794789826.218951
794789826.218951
794789826.218951
795105545.904908
795209073.604591
795209073.604591
795209073.604591
795209073.604591
795209073.604591
795209073.604591
795209073.604591
795282562.993085
795240485.158409
795240485.158409
795390182.612999
795390182.612999
795604856.584275
795300223.571043
795186957.745898
795186957.745898
794809914.096762
794969836.378912
794582947.547166
794582947.547166
794582947.547166
795377017.822339
795377017.822339
794776220.620607
795316210.597918
795316210.597918
795316210.597918
795316210.597918
795360164.650667
795249662.677728
795249662.677728
795249662.677728
795249662.677728
794888316.519952
795291331.651397
794835732.854027
794835732.854027
794928957.167347
794928957.167347
794928957.167347
794928957.167347
794928957.167347
794928957.167347
794928957.167347
794781565.040726
794781565.040726
794650531.51972
794685446.379413
794520721.230715
794520721.230715
794777396.107401
794777396.107401
794777396.107401
794915227.683527
794915227.683527
794915227.683527
795349889.757685
795349889.757685
795349889.757685
795245496.926056
795340944.071374
795340944.071374
795340944.071374
795340944.071374
795340944.071374
795340944.071374
795032059.795044
795275261.399375
795275261.399375
795275261.399375
795358772.055306
795358772.055306
795358772.055306
795358772.055306
795358772.055306
795384365.684204
795384365.684204
795384365.684204
795384365.684204
795384365.684204
795429970.965947
795429970.965947
795429970.965947
795429970.965947
795234420.604965
795234420.604965
795234420.604965
795234420.604965
795268014.137642
795268014.137642
795615966.284703
795602759.471195
795064090.671989
795064090.671989
795064090.671989
795064090.671989
795114202.611888
795114202.611888
795114202.611888
795010770.120637
795010770.120637
795654618.129929
795372695.372744
795275715.910709
795260938.989426
795260938.989426
795274159.316684
795274159.316684
795274159.316684
795274159.316684
795274159.316684
795274159.316684
795117295.438426
795117295.438426
795117295.438426
795117295.438426
795117295.438426
795248903.972467
795758355.208639
795758355.208639
795758355.208639
795525627.611017
795035163.605186
794950947.160546
794878074.641483
794952861.526891
795034743.730143
795034743.730143
795054238.713745
795123223.255057
795123223.255057
795326841.691839
795326841.691839
795326841.691839
795326841.691839
795134912.941586
795187834.581336
795187834.581336
795187834.581336
795187834.581336
795187834.581336
795184396.257948
795184396.257948
795184396.257948
795184396.257948
795184396.257948
795184396.257948
795184396.257948
795133565.066801
795133565.066801
795133565.066801
795133565.066801
795133565.066801
795133565.066801
795133565.066801
795235509.017199
794970085.385262
794982785.567984
795113625.835224
795288673.015226
795288673.015226
794673026.421221
794673026.421221
794673026.421221
794830140.828148
794957032.76521
794819239.443731
794819239.443731
794828670.06739
794950706.181237
795102674.212056
795102674.212056
795317785.704956
795317785.704956
795624769.986063
795624769.986063
795646523.142747
795721796.724272
795477227.968856
795357621.367713
795357621.367713
795305403.379356
795118677.837328
795118677.837328
795126900.744461
795126900.744461
795126900.744461
794928389.903111
794842100.55411
794842100.55411
794842100.55411
794842100.55411
794786601.813507
795307334.828343
795307334.828343
795307334.828343
795307334.828343
795307334.828343
795307334.828343
795005322.613267
795487861.168092
795487861.168092
794919129.765619
794937540.349343
794940392.346698
794940392.346698
794637403.149002
794902896.870719
794902896.870719
794902896.870719
795195397.040474
795195397.040474
795195397.040474
794779008.823798
795136061.814753
795279723.81425
795275911.477356
795118759.791792
795118759.791792
795118759.791792
795118759.791792
795340897.172266
795855068.395117
795406856.365632
795406856.365632
795202033.991365
794660081.384474
794660081.384474
795293008.560124
795293008.560124
795114526.036262
795114526.036262
795114526.036262
795114526.036262
795114526.036262
795085016.308444
795085016.308444
794587819.658745
794587819.658745
794776049.733642
794857391.605857
795275283.246693
795613136.436355
795613136.436355
795613136.436355
795613136.436355
795597882.387135
795366821.471089
795148325.222993
795148325.222993
795148325.222993
795148325.222993
795133546.109113
795133546.109113
795133546.109113
795133546.109113
795133546.109113
795133546.109113
795133546.109113
795133546.109113
795347543.134725
795347543.134725
795396906.405951
795396906.405951
795396906.405951
795396906.405951
795396906.405951
795351677.565005
795351677.565005
795351677.565005
795351677.565005
795351677.565005
795117457.107059
795372475.986961
795372475.986961
795226772.029402
795226772.029402
795207891.396429
795096364.052515
795133340.587457
794957831.630912
794957831.630912
794957831.630912
795142272.444683
795142272.444683
795142272.444683
795167040.741752
795167040.741752
794959585.810343
794959585.810343
795207523.352356
795207523.352356
795207523.352356
795135798.362058
795135798.362058
795557076.417767
795557076.417767
795557076.417767
795557076.417767
795557076.417767
795557076.417767
795264355.130285
795146636.158448
795146636.158448
795146636.158448
795146636.158448
795146636.158448
795146636.158448
795071419.473549
795071419.473549
795071419.473549
795071419.473549
795071419.473549
795023418.711749
794929455.904051
794929455.904051
794929455.904051
795050211.748809
795411013.312121
795411013.312121
795484969.414986
795484969.414986
795484969.414986
795484969.414986
795484969.414986
795427895.776244
795427895.776244
795427895.776244
795427895.776244
795427895.776244
795368297.922345
795335692.199424
795335692.199424
795488236.016144
795488236.016144
795708256.467867
795790374.177917
795790374.177917
795242826.327384
795242826.327384
794919242.070533
794919242.070533
795375337.327157
795375337.327157
795375337.327157
795375337.327157
795972088.535606
795745069.378811
795745069.378811
795745069.378811
795718550.813004
795718550.813004
795718550.813004
795718550.813004
795310255.613388
795295617.723532
795295617.723532
795268134.476418
795268134.476418
795268134.476418
795268134.476418
795268134.476418
795268134.476418
795268134.476418
795268134.476418
795268134.476418
795268134.476418
795268134.476418
795268134.476418
795268134.476418
795268134.476418
794923271.602942
794923271.602942
794923271.602942
794923271.602942
794923271.602942
794923271.602942
794923271.602942
794923271.602942
794923271.602942
794923271.602942
794923271.602942
794923271.602942
794923271.602942
795189033.928899
795783394.958908
795308182.314271
795308182.314271
795107362.677826
795107362.677826
795107362.677826
795107362.677826
795107362.677826
795107362.677826
794760265.792443
795332406.702627
795037311.853773
795037311.853773
795037311.853773
795207623.367282
795148894.029957
794756578.309796
794756578.309796
795091119.372624
794921591.190896
794921591.190896
794921591.190896
794921591.190896
794921591.190896
794921591.190896
795061017.867392
795670621.094326
795670621.094326
795670621.094326
795670621.094326
795561254.256038
795561254.256038
795561254.256038
795561254.256038
795561254.256038
795561254.256038
795587718.923117
795587718.923117
795587718.923117
795712289.013044
795712289.013044
795084085.15325
795111579.231427
795111579.231427
795111579.231427
795111579.231427
795111579.231427
795527568.92335
795527568.92335
795527568.92335
795704720.440075
795204907.978464
795204907.978464
795204907.978464
795126616.769178
795126616.769178
794974317.801821
795208020.278551
795208020.278551
795208020.278551
795208020.278551
795208020.278551
795208020.278551
795361305.812766
795488685.524787
795488685.524787
795488685.524787
795488685.524787
795488685.524787
795512522.18701
795512522.18701
795430683.155011
795416729.78481
795107509.787286
795107509.787286
795081185.08154
794816499.527048
794963299.419023
795151133.954645
795331060.297569
795331060.297569
795331060.297569
795739599.594596
795739599.594596
795739599.594596
795739599.594596
795620500.836331
795620500.836331
795620500.836331
795478950.588997
795478950.588997
795478950.588997
795478950.588997
795478950.588997
795478950.588997
795478950.588997
795478950.588997
795478950.588997
795619660.16515
795619660.16515
795742754.372931
795742754.372931
795647767.142746
795647767.142746
795647767.142746
795487686.967951
795487686.967951
795487686.967951
795479482.06407
795279836.423319
795279836.423319
795162190.565443
795162190.565443
795169929.866165
795169929.866165
795169929.866165
795439035.157696
795439035.157696
794663437.731391
794663437.731391
794663437.731391
794663437.731391
794663437.731391
794662006.18576
794662006.18576
794662006.18576
794662006.18576
795049130.750612
795049130.750612
795049130.750612
795049130.750612
795039950.52736
795039950.52736
795374258.562759
794983929.852097
794983929.852097
794983929.852097
794983929.852097
795014961.240703
795588599.907915
795588599.907915
795588599.907915
795588599.907915
795588599.907915
794870551.25601
795348192.787768
795348192.787768
795346631.208202
795346631.208202
795346631.208202
795346631.208202
795346631.208202
795346631.208202
794633139.424687
794633139.424687
794633139.424687
794633139.424687
795794027.005972
795392185.793682
795392185.793682
794942960.457865
795300988.102406
795428807.34113
795428807.34113
795428807.34113
795428807.34113
795273935.407507
794909671.712364
795656124.019588
795122297.924176
795397764.892115
795397764.892115
795397764.892115
795397764.892115
795397764.892115
795397764.892115
795397764.892115
795502434.325508
795086046.452258
795086046.452258
795086046.452258
795086046.452258
794953803.712809
794953803.712809
794953803.712809
794953803.712809
794953803.712809
795171435.460444
795171435.460444
795171435.460444
795171435.460444
794971335.889039
794971335.889039
794871613.311931
794895123.149795
794895123.149795
794895123.149795
794967592.026406
794898689.991637
794737756.345679
794961968.081453
794961968.081453
794961968.081453
794961968.081453
794961968.081453
794961968.081453
794961968.081453
794961968.081453
794961968.081453
794961968.081453
795126080.006619
795126080.006619
795126080.006619
795126080.006619
795176546.879977
795213423.099866
795213423.099866
795213423.099866
795066193.66323
795066193.66323
795066193.66323
795066193.66323
795066193.66323
795066193.66323
795066193.66323
795066193.66323
795066193.66323
795066193.66323
794730109.080306
795396441.954918
795396441.954918
795396441.954918
795396441.954918
795358332.500402
795358332.500402
795364206.9384
795491329.027038
795619366.335785
795619366.335785
795021328.402791
795021328.402791
795213875.574092
795565961.537654
795565961.537654
795413414.221477
795413414.221477
795227753.560457
795302574.388076
795259002.306263
795243734.031175
795243734.031175
795158825.771368
795083902.700465
795232933.608901
795514487.386207
795514487.386207
795514487.386207
795514487.386207
795013512.374286
794813806.970342
794813806.970342
794813806.970342
794813806.970342
795016007.552185
795016007.552185
795016007.552185
795016007.552185
795016007.552185
795152378.957978
795122632.814182
795122632.814182
795157574.082631
795157574.082631
795177564.449447
795177564.449447
795231581.539554
795231581.539554
795368529.922505
795368529.922505
795368529.922505
795031156.65543
795088430.715994
795088430.715994
795335857.383127
795335857.383127
795335857.383127
795335857.383127
795335857.383127
795335857.383127
795335857.383127
795335857.383127
795634622.814449
795581163.280555
795118951.395784
795118951.395784
795244379.321501
795423784.211202
795423784.211202
795423784.211202
795423784.211202
795423784.211202
795423784.211202
795618761.364869
794965344.217352
794965344.217352
795233586.428493
795233586.428493
795233586.428493
795233586.428493
795233586.428493
795233586.428493
795288117.564654
795441172.029072
795441172.029072
795441172.029072
795441172.029072
795445391.277141
795445391.277141
795307104.210446
795243834.132884
795224979.539339
794790042.848568
794496811.063627
794496811.063627
794875179.427117
794875179.427117
794865527.14239
794865527.14239
794473539.49088
794473539.49088
794734843.182962
795498503.985566
795498503.985566
795498503.985566
795498503.985566
795498503.985566
795503659.287131
795245352.682371
795245352.682371
795245352.682371
795245352.682371
795245352.682371
795245352.682371
795245352.682371
795235915.922137
795185405.630951
794828530.670433
794828530.670433
794828530.670433
794828530.670433
794828530.670433
794988062.657111
794884934.85779
794884934.85779
794884934.85779
794884934.85779
794884934.85779
794904211.397349
794904211.397349
794904211.397349
795255345.337159
795255345.337159
795289900.85316
795289900.85316
795289900.85316
795289900.85316
795435020.271813
795391665.442829
795391665.442829
795391665.442829
795391665.442829
795391665.442829
795391665.442829
795793734.937156
795793734.937156
795793734.937156
795793734.937156
795226751.335233
795154195.847425
795154195.847425
795240545.355276
795240545.355276
795240545.355276
794836255.012589
795208315.34938
795260131.833372
795260131.833372
795260131.833372
795230638.910973
795230638.910973
795230638.910973
795230638.910973
795230638.910973
795233793.631228
795070012.454911
794961611.430627
794961611.430627
794961611.430627
794961611.430627
794961611.430627
794961611.430627
795832589.273826
795832589.273826
795832589.273826
795022185.90673
795022185.90673
795022185.90673
794678662.948817
794678662.948817
794678662.948817
794927713.550112
794927713.550112
794927713.550112
795274788.09936
795274788.09936
795274788.09936
795566546.348137
795465170.951496
795070397.73883
795070397.73883
795070397.73883
795070397.73883
795070397.73883
795070397.73883
795070397.73883
795070397.73883
794673871.329494
794673871.329494
794830894.160626
795155847.475492
795155847.475492
795197121.956999
795370338.383358
795315780.729582
795235083.11219
794939913.454661
794939913.454661
794939913.454661
794939913.454661
794939913.454661
794782925.539012
795487546.02405
795487546.02405
795439508.776719
795439508.776719
794902711.771076
794902711.771076
795050337.261814
795050337.261814
795050337.261814
795272445.347699
795287163.813655
795287163.813655
795287163.813655
795287163.813655
795287163.813655
795287163.813655
795287163.813655
795287163.813655
795287163.813655
795287163.813655
794884290.304512
795081275.869849
795081275.869849
795081275.869849
795081275.869849
795081275.869849
795081275.869849
795081275.869849
795192850.616486
794691265.05684
794691265.05684
794931253.585653
794931253.585653
794931253.585653
794931253.585653
794860079.958617
794698582.998531
794698582.998531
794698582.998531
794698582.998531
794698582.998531
794698582.998531
794984905.288598
794984905.288598
795447549.617759
794705776.886176
795066040.513199
795163288.356612
795163288.356612
795163288.356612
794892801.887094
795521161.646943
795521161.646943
795521161.646943
795521161.646943
795142511.610804
795303589.473677
795376173.286308
795376173.286308
795399484.936599
795399484.936599
795399484.936599
795138705.94409
794549950.626268
794549950.626268
794789881.351006
794835102.286906
794835102.286906
794700037.956494
794928137.82675
794688975.648499
794688975.648499
795544936.015565
795434414.528961
795434414.528961
795434414.528961
795434414.528961
795416672.627771
795416672.627771
795338828.17179
795338828.17179
795338828.17179
795338828.17179
795338828.17179
795338828.17179
795338828.17179
795291275.96131
795291275.96131
795291275.96131
795291275.96131
795291275.96131
795341413.368339
795341413.368339
795341413.368339
795341413.368339
795341413.368339
795657276.317391
795963138.690441
795963138.690441
795963138.690441
795754632.520982
795411066.783803
795554436.836691
794913773.35542
795182253.88565
795182253.88565
795182253.88565
795528396.638906
795528396.638906
795528396.638906
795528396.638906
795528396.638906
795528396.638906
795528396.638906
795528396.638906
795528396.638906
795528396.638906
795357800.24837
795357800.24837
795131948.781688
795131948.781688
795191745.997307
795191745.997307
795262388.920993
795399510.594692
795399510.594692
795399510.594692
795399510.594692
795407866.342994
795407866.342994
795407866.342994
795359066.323926
795393993.715973
795676935.528197
795549008.620623
795549008.620623
795549008.620623
794977834.896224
795209891.49984
795433440.356944
795236947.349122
795236947.349122
795419578.153844
795419578.153844
795419578.153844
795190379.32364
795190379.32364
795485885.690694
795485885.690694
795485885.690694
795542288.587503
795542288.587503
794756495.408985
795780264.60833
795780264.60833
795821612.310703
795301785.797005
794812974.84201
794989410.055303
794989410.055303
794989410.055303
795430445.700459
795199068.104978
795460211.090401
795460211.090401
795460211.090401
795460211.090401
795460211.090401
795460211.090401
795460211.090401
795460211.090401
795460211.090401
795163206.046623
795074317.392686
795074317.392686
795074317.392686
795074317.392686
795526305.762007
795526305.762007
795350555.284376
795213589.427191
795213589.427191
795213589.427191
795213589.427191
794946814.237888
794946814.237888
795334905.83022
795382736.715634
795226391.771758
795226391.771758
795408321.224895
795408321.224895
795408321.224895
795408321.224895
795408321.224895
795408321.224895
795408321.224895
795317872.117812
795317872.117812
795317872.117812
795361463.749169
795361463.749169
795409622.304345
795533391.642823
795533391.642823
795066282.912466
795066282.912466
795066282.912466
795066282.912466
795066282.912466
795066282.912466
795313562.741303
795284360.915111
795284360.915111
795284360.915111
795284360.915111
795031312.322782
795031312.322782
795031312.322782
795272563.880023
795021577.765046
794463763.133378
794540397.621824
794540397.621824
794540397.621824
794540397.621824
794540397.621824
794540397.621824
794496983.977801
795054639.957478
795054639.957478
795054639.957478
794943131.115462
794943131.115462
794943131.115462
795297823.858072
795297823.858072
795476476.623268
795277081.541707
795277081.541707
795277081.541707
795277081.541707
795277081.541707
795066169.901786
795066169.901786
795066169.901786
795013775.315969
795013775.315969
795013775.315969
795013775.315969
795255258.464586
795255258.464586
795540436.466302
795540436.466302
795540436.466302
795757455.743064
795757455.743064
795001169.723184
795610789.248245
795610789.248245
795610789.248245
795610789.248245
795610789.248245
795507604.194541
795507604.194541
795507604.194541
795507604.194541
795507604.194541
795507604.194541
795507604.194541
795507604.194541
795207614.68944
795080535.106059
795119399.328273
795141322.003125
795141322.003125
795107075.505316
795107075.505316
795107075.505316
795107075.505316
795107075.505316
795364140.929028
794732308.170743
794981382.905465
795082516.648475
795012746.374121
795012746.374121
794860924.268466
795666972.030065
795666972.030065
794901787.868084
794901787.868084
794901787.868084
794831078.666763
794870871.061592
794870871.061592
794735267.860115
794735267.860115
794578359.037826
794578359.037826
794578359.037826
795255127.688803
795255127.688803
795080592.384155
794742714.071793
794742714.071793
794742714.071793
794742714.071793
795051996.072449
795221181.75039
795014744.814101
795014744.814101
795073351.972374
795073351.972374
795073351.972374
795621598.75044
795621598.75044
795621598.75044
795386716.972848
794682504.277558
794682504.277558
794682504.277558
794682504.277558
794682504.277558
794682504.277558
794682504.277558
794682504.277558
794682504.277558
794682504.277558
794682504.277558
794682504.277558
794806320.159099
794806320.159099
795151156.122692
795151156.122692
795324791.41108
795668425.81036
795668425.81036
795668425.81036
795668425.81036
795668425.81036
795300678.382059
795300678.382059
795300678.382059
795300678.382059
795300678.382059
795300678.382059
795300678.382059
795300678.382059
795300678.382059
795300678.382059
795359423.082106
795305137.388863
795305137.388863
795305137.388863
795305137.388863
795209206.669587
795438561.02584
795207274.747466
795207274.747466
795073139.896885
795194634.745131
795194634.745131
795157302.241907
795157302.241907
795037769.739956
795552055.397153
795552055.397153
795325954.850351
795248146.591088
795248146.591088
795248146.591088
795248146.591088
795248146.591088
794534081.76589
794570136.890077
795561799.971208
795561799.971208
795561799.971208
795561799.971208
795092716.386095
795092716.386095
795092716.386095
794638831.97834
794729991.135039
794729991.135039
795544048.985943
795208070.589058
794781667.387829
794781667.387829
794781667.387829
794781667.387829
794781667.387829
795414927.61146
795414927.61146
795414927.61146
795414927.61146
795414927.61146
795414927.61146
795414927.61146
795414927.61146
795414927.61146
795341027.703583
795341027.703583
795341027.703583
795341027.703583
795341027.703583
795341027.703583
795341027.703583
795341027.703583
795224734.77129
795224734.77129
795224734.77129
795430052.209794
795102038.836609
794958722.441585
794958722.441585
794958722.441585
795311343.8219
795303475.355412
795090596.444174
795044033.026767
795044033.026767
795044033.026767
795044033.026767
795643229.207426
795643229.207426
795643229.207426
795643229.207426
795338760.544041
795338760.544041
794820755.790496
794820755.790496
794820755.790496
795164201.677174
795164201.677174
795164201.677174
795164201.677174
795078466.356594
795078466.356594
795078466.356594
795514744.705994
795324500.59568
795324500.59568
795177117.530466
795177117.530466
795177117.530466
795177117.530466
795177117.530466
795177117.530466
795177117.530466
795203072.54692
794667346.479472
794667346.479472
794667346.479472
794878996.432899
794878996.432899
794777579.20699
794813397.721904
794813397.721904
794813397.721904
794786524.624606
794786524.624606
794895125.926365
795297246.690056
795297246.690056
795297246.690056
795297246.690056
795297246.690056
795297246.690056
795150112.630871
795355857.998359
795319678.604874
795319678.604874
795319678.604874
795382772.375425
795101486.698501
795226978.880699
795089739.355727
794797499.744245
794797499.744245
795188291.329709
795500468.6177
795500468.6177
795500468.6177
795500468.6177
795500468.6177
795500468.6177
795298303.662101
795298303.662101
795298303.662101
795298303.662101
795298303.662101
795347575.583335
795347575.583335
795205959.982828
795378008.188989
795390496.777807
795390496.777807
795390496.777807
795342537.333513
795393436.133504
795393436.133504
795355772.935988
795355772.935988
794748842.443412
794706516.515648
794706516.515648
794706516.515648
794850202.042496
794850202.042496
795425323.654243
795050326.329303
795623769.369708
795623769.369708
795623769.369708
795623769.369708
794674762.650391
794955796.829263
794955796.829263
794658984.657042
794658984.657042
794658984.657042
794905983.072212
794905983.072212
794905983.072212
795326689.434566
795276924.401498
795276924.401498
794955140.212522
794955140.212522
794955140.212522
794955140.212522
794986095.273996
794986095.273996
794986095.273996
795070174.592787
794844237.222209
795559801.475086
795559801.475086
795559801.475086
795559801.475086
795406697.444204
795406697.444204
795406697.444204
795406697.444204
794949673.362599
794949673.362599
794778932.838109
795426264.535007
795426264.535007
795426264.535007
794865289.585874
795274207.258027
794611201.182243
794611201.182243
794888436.540386
794562417.02064
794819966.259683
794819966.259683
794997011.770576
794997011.770576
794997011.770576
794997011.770576
795124586.104175
795124586.104175
795124586.104175
794944365.308323
794944365.308323
794944365.308323
795281701.856598
795281701.856598
795281701.856598
795281701.856598
795281701.856598
795281701.856598
795281701.856598
795281701.856598
795281701.856598
795281701.856598
795281701.856598
794990490.210053
794990490.210053
794990490.210053
794990490.210053
794990490.210053
794822357.823358
794822357.823358
795103388.181152
795103388.181152
795351487.042073
795351487.042073
794782350.231811
794782350.231811
794342836.159323
794342836.159323
794524756.551666
795013216.759881
795013216.759881
794873320.590098
794873320.590098
794873320.590098
794873320.590098
794873320.590098
794873320.590098
794995959.602353
794995959.602353
794665115.084332
794905719.091785
794905719.091785
794905719.091785
794905719.091785
794905719.091785
794905719.091785
794905719.091785
794907315.123391
794907315.123391
794907315.123391
794907315.123391
794907315.123391
794907315.123391
795327430.242759
795327430.242759
795327430.242759
795388074.271752
795463491.945269
795463491.945269
795463491.945269
795463491.945269
795401785.826415
795401785.826415
795401785.826415
795401785.826415
795401785.826415
795401785.826415
795401785.826415
795560772.892946
795560772.892946
795846317.090917
795089187.177972
795089187.177972
795228880.131934
795228880.131934
795228880.131934
795228880.131934
795370158.51034
795370158.51034
795370158.51034
795370158.51034
795406100.846515
795406100.846515
795406100.846515
795406100.846515
795112934.885122
795112934.885122
795112934.885122
795330244.334237
795330244.334237
795033517.923759
795033517.923759
795227506.31397
795227506.31397
795227506.31397
795230998.650343
794728647.868947
794728647.868947
794728647.868947
795134240.624585
794994730.272784
795055874.882371
795055874.882371
795112421.458597
795185492.294506
795185492.294506
795175957.301094
795175957.301094
794978799.362704
794992161.324441
795304031.666723
795301388.833829
795169602.211929
795169602.211929
795169602.211929
795169602.211929
795703880.261571
795703880.261571
795703880.261571
795464037.428391
795531148.474165
795531148.474165
795531148.474165
795257685.321838
795257685.321838
795257685.321838
795257685.321838
795257685.321838
795106051.272255
795106051.272255
795106051.272255
794809801.305998
794911169.869963
794911169.869963
795567344.010122
795540998.112126
795540998.112126
795489433.288088
795222392.704282
795291586.680913
795291586.680913
795293551.691666
795293551.691666
795293551.691666
795071257.040645
795202642.558807
795202642.558807
795202642.558807
795555231.296236
795137123.466679
795293941.024461
794847692.622118
795129600.664688
795129600.664688
795129600.664688
795129600.664688
795376649.000112
795376649.000112
795433831.070043
795433831.070043
795433831.070043
795433831.070043
795433831.070043
795433831.070043
795131134.400998
795131134.400998
795131134.400998
795131134.400998
795131134.400998
795131134.400998
795416154.175985
795416154.175985
795193750.71061
795193750.71061
794948026.701643
794948026.701643
795007926.957903
795007926.957903
795007926.957903
795007926.957903
795007926.957903
795117642.810457
795117642.810457
795117642.810457
795117642.810457
795117642.810457
794977002.886519
794977002.886519
795116235.768201
795116235.768201
795009539.142478
795009539.142478
795009539.142478
795009539.142478
795009539.142478
795227007.668943
795227007.668943
795227007.668943
795227007.668943
795227007.668943
794981231.619368
794981231.619368
794767733.165117
794914836.205611
794914836.205611
794914836.205611
794914836.205611
794250525.153206
794250525.153206
794250525.153206
794250525.153206
794289685.011924
794344635.195867
794700975.061224
794700975.061224
794696215.830521
794696215.830521
794696215.830521
794759939.722479
794759939.722479
794759939.722479
794759939.722479
794759939.722479
794759939.722479
795106016.037316
795106016.037316
795081052.192826
795081052.192826
795081052.192826
795380974.84611
795380974.84611
795510770.467692
795510770.467692
795510770.467692
795510770.467692
795510770.467692
795510770.467692
795510770.467692
795510770.467692
795510770.467692
795027984.981964
795032432.279227
795032432.279227
795032432.279227
795047109.774259
795137327.392719
795137327.392719
795137327.392719
794723613.904385
794723613.904385
794723613.904385
794723613.904385
795284027.044644
795284027.044644
795284027.044644
795284027.044644
795284027.044644
794983710.316656
794743170.94812
795313278.904716
795313278.904716
795313278.904716
795313278.904716
795313278.904716
795262778.182712
795191254.222601
795191254.222601
795191254.222601
795191254.222601
795191254.222601
795191254.222601
795367740.480904
795367740.480904
795367740.480904
795367740.480904
795541071.531628
794880490.310215
794880490.310215
794880490.310215
794880490.310215
794880490.310215
794732792.189053
794732792.189053
794732792.189053
794732792.189053
794661214.426688
794661214.426688
795201014.417265
795201014.417265
795201014.417265
795084088.685209
795460885.739445
795460885.739445
795163082.195984
794848368.10518
794877587.866839
794877587.866839
794877587.866839
795063502.163045
795063502.163045
794871505.785748
794871505.785748
794871505.785748
794987829.744717
794987829.744717
794987829.744717
794987829.744717
794987829.744717
794826669.809759
794873230.4255
795189384.032722
795189384.032722
795189384.032722
795261370.86747
795261370.86747
795618421.144069
795618421.144069
795618421.144069
795618421.144069
795592696.426989
795102091.008625
795102091.008625
795102091.008625
795102091.008625
795045229.14027
795045229.14027
795045229.14027
795045229.14027
795045229.14027
795122243.26346
795194721.57389
795194721.57389
795194721.57389
795194721.57389
795046105.052222
795175532.447167
795258367.845674
794470037.808017
794869870.067538
794945110.503536
795676812.198915
795410505.348842
795410505.348842
795629721.704985
795629721.704985
795731366.388648
795731366.388648
795731366.388648
795473792.865283
795473792.865283
795473792.865283
795707576.706321
795707576.706321
795707576.706321
795368753.006603
795368753.006603
795368753.006603
795693574.717866
795693574.717866
795198689.37152
795198689.37152
795424658.867764
795424658.867764
795560070.353562
795560070.353562
795560070.353562
795348762.704996
795789874.901893
795725607.713053
795725607.713053
795725607.713053
795725607.713053
795257730.985546
795257730.985546
795257730.985546
795257730.985546
795257730.985546
795257730.985546
795261849.052681
795261849.052681
795261849.052681
794939622.68573
794878525.755893
794549803.354582
794549803.354582
794558646.110332
794558646.110332
794981235.361757
794628010.804142
794628010.804142
794628010.804142
795006407.057899
795006407.057899
795006407.057899
795102033.578253
795102033.578253
794918691.986172
794918691.986172
794918691.986172
794918691.986172
795130575.307718
795034819.989507
794995650.084573
795253355.977437
795253355.977437
795253355.977437
795253355.977437
795253355.977437
795035228.943713
795538010.229934
795538010.229934
795563454.114323
795539765.772318
794953322.96431
795064843.352649
795064843.352649
795064843.352649
795064843.352649
795064843.352649
794886292.840869
794886292.840869
794886292.840869
794886292.840869
794886292.840869
794723550.512243
794723550.512243
794723550.512243
794968686.175053
795313312.822065
794766066.0363
794982343.048706
795130804.242669
795552090.332275
795552090.332275
795631007.859463
795179874.324205
795610732.213407
795610732.213407
795610732.213407
795389704.73888
794994800.003484
795391748.988865
794953650.378458
794953650.378458
794953650.378458
794953650.378458
794953650.378458
795414865.297281
795414865.297281
795414865.297281
795414865.297281
795425305.585162
795503462.730661
794888022.064444
794888022.064444
794887345.105922
794887345.105922
794887345.105922
795204268.810284
795204268.810284
795204268.810284
795204268.810284
795204268.810284
795423326.17695
795030812.398342
795030812.398342
795030812.398342
795084243.028461
795802139.052468
795575464.623232
795546637.853967
795484756.563021
795934282.718167
795082410.628737
795082410.628737
795082410.628737
794813654.93944
795137986.487062
795137986.487062
795137986.487062
795001610.799108
795001610.799108
795001610.799108
795331519.019457
795331519.019457
795331519.019457
795331519.019457
794999125.764359
795020998.931625
795020998.931625
795026241.749682
794992966.85209
794992966.85209
794992966.85209
794932741.76559
794933815.704779
794933815.704779
794933815.704779
794933815.704779
794934625.753595
794589153.245985
794589153.245985
794729637.127799
794729637.127799
795187814.310298
795187814.310298
795187814.310298
795187814.310298
795187814.310298
795187814.310298
795187814.310298
795187814.310298
795310848.558067
795351643.279128
795351643.279128
795396590.481092
795396590.481092
795396590.481092
795396590.481092
795396590.481092
795396590.481092
795158618.465675
795040267.489648
795091607.913138
795091607.913138
795091607.913138
795158752.941985
795158752.941985
795158752.941985
795158752.941985
795158752.941985
795176959.882555
795176959.882555
795176959.882555
795030406.461429
795030406.461429
795030406.461429
795338729.511279
795338729.511279
795508814.221009
795508814.221009
795519268.237455
795519268.237455
795519268.237455
795223334.003707
795223334.003707
795346918.715268
795346918.715268
795346918.715268
795346918.715268
795349516.793442
795349516.793442
795349516.793442
795349516.793442
795349516.793442
795238096.892315
795238096.892315
795238096.892315
795238096.892315
795238096.892315
795238096.892315
795369296.712545
795369296.712545
795312801.848218
795312801.848218
795006513.398893
795255174.407044
795430845.907966
795430845.907966
795430845.907966
795501803.345518
795501803.345518
795116485.52463
795116485.52463
795102332.708285
795102332.708285
795102332.708285
795102332.708285
795102332.708285
795102332.708285
795335310.503006
795335310.503006
795335310.503006
795034792.464093
795034792.464093
795034792.464093
795034792.464093
795034792.464093
795288451.952516
795288451.952516
795288451.952516
795288451.952516
795288451.952516
795450155.14032
795193126.869604
795193126.869604
795193126.869604
795193126.869604
795459784.836823
795459784.836823
795783477.342131
795783477.342131
795331756.969935
795331756.969935
795048125.007251
795027351.188097
795212279.90918
795212279.90918
794932140.123777
794932140.123777
794932140.123777
794932140.123777
795060010.155663
795060010.155663
795060010.155663
795060010.155663
795049991.572449
795049991.572449
795049991.572449
795049991.572449
795049991.572449
795089435.435376
794947620.691806
794947620.691806
794947620.691806
795201074.320518
795201074.320518
795054559.78706
795417492.639498
795197653.553579
795159352.801851
795159352.801851
795495763.840008
795495763.840008
795495763.840008
795816414.26537
795816414.26537
795709389.892102
795546455.855268
795417260.996438
795417260.996438
795404723.265237
795404723.265237
795404723.265237
795404723.265237
795404723.265237
795404723.265237
795404723.265237
795569731.460396
795569731.460396
795569731.460396
795569731.460396
795721071.722114
795721071.722114
795721071.722114
794782557.68113
794782557.68113
794782557.68113
795269869.203788
795453785.671024
795453785.671024
795453785.671024
795453785.671024
794894613.553278
795205898.015787
795205898.015787
795082689.234755
795082689.234755
795082689.234755
795082689.234755
795082689.234755
795082689.234755
795082689.234755
795082689.234755
795187576.395817
795155788.344714
795260882.327363
795260882.327363
795260882.327363
795260882.327363
795260882.327363
795196226.742984
795047143.220933
795047143.220933
795198189.422437
795198189.422437
795262685.911644
795151847.130189
795151847.130189
795151847.130189
795151847.130189
795069058.458601
795069058.458601
795069058.458601
795069058.458601
794986080.238414
794986080.238414
794986080.238414
795063707.989551
795063707.989551
795063707.989551
795095717.141481
795095717.141481
795058388.54239
795058388.54239
795336882.943948
795336882.943948
795336882.943948
795175103.426891
795175103.426891
795544780.459994
795513315.581492
795513315.581492
795513315.581492
795420064.346114
795420064.346114
795664947.213924
795278276.199381
795278276.199381
795397269.576997
795397269.576997
795472696.699173
795472696.699173
795472696.699173
795694513.582594
795723926.503697
795868181.598914
795868181.598914
795868181.598914
795490098.219662
795407543.653339
795407543.653339
794612037.216004
794612037.216004
795017114.135651
795017114.135651
795017114.135651
795017114.135651
795142160.299867
795068185.026912
795068185.026912
795341647.283813
795341647.283813
795341647.283813
795302835.996176
795302835.996176
795302835.996176
795302835.996176
795302835.996176
795302835.996176
795302835.996176
794872319.048974
795350765.868639
795350765.868639
795350765.868639
795350765.868639
795165005.114671
795165005.114671
795165005.114671
796038243.059242
795473786.912963
795405555.973346
795405555.973346
795405555.973346
795405555.973346
794883073.140642
794883073.140642
794883073.140642
795125097.532734
795147189.076131
795147189.076131
795003557.072935
795003557.072935
795003557.072935
795003557.072935
795003557.072935
795034225.895924
795034225.895924
794782683.278606
794620670.039637
795122861.749786
794829268.865098
794829268.865098
794817934.644482
794947152.559706
794947152.559706
795212576.5916
795212576.5916
795441578.098679
795461680.571273
795461680.571273
795461680.571273
795461680.571273
795529921.747081
795529921.747081
795370697.124878
795370697.124878
795370697.124878
795129351.348027
795536030.447468
795052608.571213
795052608.571213
795052608.571213
795052608.571213
795052608.571213
794762446.713015
795346610.702723
795346610.702723
795523974.844128
794973823.805421
794907724.238473
794907724.238473
794907724.238473
794907724.238473
794907724.238473
794907724.238473
794907724.238473
794907724.238473
794907724.238473
795455639.338278
795779365.938009
795746261.51814
795746261.51814
795452655.26177
795452655.26177
795452655.26177
795331092.516392
795331092.516392
795331092.516392
794933229.956511
794713835.36361
794657640.069438
794657640.069438
795318189.846972
795318189.846972
795318189.846972
795038041.252629
795038041.252629
795038041.252629
795038041.252629
794776732.504828
794940793.224449
794940793.224449
794940793.224449
794940793.224449
794940793.224449
794940793.224449
795340737.720588
795340737.720588
795340737.720588
795340737.720588
795340737.720588
795340737.720588
794775944.654624
794940119.029748
795164850.607835
795164850.607835
794920944.508127
794920944.508127
794920944.508127
794920944.508127
794920944.508127
794920944.508127
794920944.508127
794920944.508127
795261839.370239
795261839.370239
795261839.370239
795261839.370239
795490163.919392
795490163.919392
795490163.919392
795392544.175473
795133607.908067
795133607.908067
795205852.34919
795162906.03546
795162906.03546
794836797.980295
794836797.980295
795782858.91442
795462792.785353
795462792.785353
795496727.284312
795496727.284312
795496727.284312
795496727.284312
795496727.284312
795330634.193217
795391748.538301
795391748.538301
795391748.538301
795391748.538301
795553141.329755
795553141.329755
795242645.890607
795398227.705384
795513833.253051
795114327.227632
795114327.227632
795114327.227632
795366436.655472
795292372.824228
795292372.824228
795292372.824228
795280569.858136
795162024.603148
795162024.603148
795162024.603148
795336305.001129
794755001.595417
794755001.595417
795257352.22223
795308820.992579
795378064.90448
795977486.20715
795977486.20715
795861002.712206
795179450.307525
795333905.251582
795333905.251582
795708627.095134
795528918.217192
795528918.217192
795528918.217192
795450300.779209
795450300.779209
795450300.779209
795450300.779209
795450300.779209
795450300.779209
795450300.779209
795450300.779209
795497232.742687
795497232.742687
795497232.742687
795497232.742687
795497232.742687
795497232.742687
795497232.742687
794760912.69541
794760912.69541
794760912.69541
794760912.69541
794760912.69541
794760912.69541
794760912.69541
794760912.69541
794760912.69541
795217099.827229
795217099.827229
795329942.061386
795329942.061386
795336183.411224
795076290.900411
795076290.900411
795003439.323799
795404602.207839
795404602.207839
795356658.817514
795356658.817514
795356658.817514
795356658.817514
795362921.726628
795539262.959227
795539262.959227
795539262.959227
795539262.959227
795552242.671672
795552242.671672
795552242.671672
795764078.52028
795146398.698176
794820115.802594
794820115.802594
794820115.802594
795039813.608286
795039813.608286
795039813.608286
795039813.608286
795039813.608286
795039813.608286
795039813.608286
795039813.608286
795039813.608286
795654453.545801
795654453.545801
795654453.545801
795654453.545801
795794749.867525
795794749.867525
795794749.867525
795794749.867525
795794749.867525
795052720.308513
795602151.042354
795599451.478885
795599451.478885
795599451.478885
794955598.524312
794955598.524312
794955598.524312
795574797.223286
795359396.607454
795359396.607454
795359396.607454
795359396.607454
795359396.607454
795359396.607454
794863610.472559
794863610.472559
794863610.472559
794737732.496559
794785868.476975
794831354.211851
794831354.211851
794831354.211851
794831354.211851
794831354.211851
794898359.576681
794898359.576681
794817731.3251
794817731.3251
794817731.3251
794984012.644382
795003422.738202
794786631.856026
794786631.856026
795443047.984795
795474507.919438
795333945.935608
795333945.935608
795333049.925806
795333049.925806
795333049.925806
795333049.925806
795333049.925806
795470651.856603
795470651.856603
795470651.856603
795265648.767158
795265648.767158
795265648.767158
795265648.767158
795265648.767158
795328357.442211
795328357.442211
795328357.442211
795328357.442211
795328357.442211
795328357.442211
795328357.442211
795328357.442211
795439708.867155
795439708.867155
795439708.867155
795439708.867155
795439708.867155
795004167.088888
795004167.088888
795004167.088888
795004167.088888
794910276.871965
794910276.871965
794910276.871965
794910276.871965
794910276.871965
794910276.871965
794910276.871965
795254762.716886
795285646.74745
795088307.148307
795088307.148307
795088307.148307
795039516.646578
795054277.963465
795054277.963465
795054277.963465
795054277.963465
795054277.963465
795054277.963465
795054277.963465
795054277.963465
795026443.968397
795046428.247122
794782913.524665
795057857.456455
795057857.456455
795057857.456455
794664491.879875
794499148.127344
794909506.323679
794909506.323679
795061081.621315
795024062.641401
795024062.641401
795037945.028055
794925656.804099
794938621.448955
794938621.448955
795204082.847066
795204082.847066
795018318.401775
794993763.06197
794993763.06197
794993763.06197
794993763.06197
794993763.06197
794993763.06197
794993763.06197
795710012.367195
795710012.367195
795710012.367195
795477216.782388
795796636.507509
795796636.507509
795444936.313524
795364543.89482
795364543.89482
795604672.887434
795604672.887434
795604672.887434
794857860.081028
794620670.511093
794620670.511093
794423270.627712
794965423.591879
795270716.068322
795148176.996499
795148176.996499
795148176.996499
795148176.996499
795148176.996499
795049007.802491
794740113.627689
794849979.173602
794849979.173602
795144581.762698
795144581.762698
795125798.350989
795138379.818888
795116499.236866
795179848.337062
794932144.565353
794932144.565353
794932144.565353
795144074.512186
795144074.512186
795169337.906328
795169337.906328
795169337.906328
795000048.17415
795000048.17415
795000048.17415
795000048.17415
794823960.064228
794903472.297511
794903472.297511
794839001.680674
795123632.02724
795083095.001585
795083095.001585
795083095.001585
794783089.530152
794783089.530152
795075734.612711
795188312.619501
795054371.446314
795054371.446314
794757873.973001
795069204.459716
795069204.459716
795069204.459716
795008036.366088
795008036.366088
794590704.555299
794652484.128664
794652484.128664
794869655.415908
794869655.415908
794869655.415908
794869655.415908
794869655.415908
794869655.415908
794869655.415908
795013480.879209
795013480.879209
795031613.265406
795031613.265406
795031613.265406
795031613.265406
794879698.57235
795422819.584969
795422819.584969
795422819.584969
795422819.584969
795372965.769618
795372965.769618
795372965.769618
795372965.769618
795372965.769618
795372965.769618
795372965.769618
795372965.769618
795593028.131603
795616647.483577
795145398.351916
795145398.351916
795040627.986706
794731754.386317
794731754.386317
794811211.395061
794811211.395061
794811211.395061
794811211.395061
794811211.395061
794948297.119336
795032573.277424
794668597.555305
795054498.013855
795054498.013855
795054498.013855
794896639.832116
794680360.598114
795478775.686442
795088512.545753
795088512.545753
794875595.715137
794711359.345548
794943979.108861
794943979.108861
795053676.139748
795053676.139748
795053676.139748
795053676.139748
795040914.279078
795040914.279078
795040914.279078
795491732.660706
795491732.660706
795491732.660706
795492457.989558
795321054.519504
795321054.519504
795321054.519504
795321054.519504
795321054.519504
795321054.519504
795388250.407135
795388250.407135
795096929.818744
795096929.818744
795096929.818744
795096929.818744
795096929.818744
795096929.818744
795096929.818744
795663140.908332
795663140.908332
795394667.387273
795394667.387273
795018862.615348
795018862.615348
795521235.196111
795521235.196111
795521235.196111
794989581.441999
794989581.441999
794989581.441999
794989581.441999
794989581.441999
795037575.933209
795037575.933209
795037575.933209
795037575.933209
794759670.452746
794915614.437776
794915614.437776
794915614.437776
794915614.437776
794734408.262403
795135270.250016
794778637.571911
794778637.571911
794778637.571911
794742336.198897
794950097.112196
794950097.112196
794950097.112196
794950097.112196
794950097.112196
794950097.112196
794950097.112196
794893686.757129
794893686.757129
794893686.757129
794893686.757129
794858973.129786
794858973.129786
794530684.741882
794530684.741882
794530684.741882
794530684.741882
794530684.741882
794530684.741882
795000551.36911
795000551.36911
795187764.908832
795351618.15415
795351618.15415
795351618.15415
795351618.15415
795384686.557405
795438105.552317
795438105.552317
795198714.370707
795198714.370707
795198714.370707
795198714.370707
795044341.351845
795044341.351845
795044341.351845
794890183.066562
795261057.908145
795261057.908145
795261057.908145
795261057.908145
795261057.908145
795261057.908145
795261057.908145
795261057.908145
795261057.908145
795261057.908145
795282650.326383
795282650.326383
795282650.326383
795109572.928226
795109572.928226
795109572.928226
795109572.928226
795580370.01854
795418404.291852
795418404.291852
795418404.291852
794911619.323156
794911619.323156
794911619.323156
795468875.729405
795468875.729405
795468875.729405
795428137.873983
795428137.873983
795428137.873983
795428137.873983
795428137.873983
795428137.873983
795428137.873983
795479584.617983
795479584.617983
795104394.470857
795104394.470857
795104394.470857
795187039.030591
794818725.846945
794818725.846945
794818725.846945
795201338.600969
795201338.600969
795201338.600969
795201338.600969
795201338.600969
795222839.868859
795262695.677649
795262695.677649
795463298.275963
795463298.275963
795463298.275963
795463298.275963
795463298.275963
795463298.275963
795190361.342655
795190361.342655
795190361.342655
795190361.342655
795344623.129144
795344623.129144
795071324.573383
794850882.130467
794850882.130467
795508048.729577
795237606.146623
795570668.227361
795305362.057815
795305362.057815
795305362.057815
794748727.393888
794951543.383745
794951543.383745
795276581.959641
795329159.146196
795221676.422416
795221676.422416
795554863.537819
795430207.179167
795283245.866771
795721967.029865
795721967.029865
795721967.029865
795721967.029865
795721967.029865
795895601.07278
795895601.07278
795526444.978809
795526444.978809
794966310.172487
795042656.500422
794724648.680121
794724648.680121
794724648.680121
794724648.680121
794724648.680121
795067043.055576
795053657.395857
795053657.395857
795094501.302919
795094501.302919
795405423.438282
795405423.438282
795405423.438282
794952644.827772
794952644.827772
795120382.165765
795120382.165765
794622489.807975
794622489.807975
794833695.993437
794833695.993437
795270629.158825
795012036.077448
795012036.077448
795012036.077448
795012036.077448
795012036.077448
795143109.424368
795143109.424368
795217936.291851
795217936.291851
795335794.636114
795301450.754229
794785204.525764
795020955.794512
795020955.794512
795020955.794512
795104800.874597
795104800.874597
795432885.751599
795436353.886214
795435178.580171
795435178.580171
795435178.580171
795435178.580171
795290193.558307
795290193.558307
795290193.558307
795290193.558307
795334477.619537
795334477.619537
795733343.551292
794981784.71806
794981784.71806
795415349.457317
795052743.182127
795941750.412631
795941750.412631
795941750.412631
795941750.412631
795975063.49592
796056576.374871
796056576.374871
796056576.374871
795868897.693389
795610654.278288
795629744.858826
795629744.858826
795629744.858826
795430712.213838
795430712.213838
794781236.852173
794781236.852173
795120694.906091
795120694.906091
795120694.906091
795120694.906091
794896520.627172
794896520.627172
795124706.910408
795124706.910408
795124706.910408
795124706.910408
795124706.910408
795124706.910408
795124706.910408
795124706.910408
795124706.910408
795124706.910408
795124706.910408
795124706.910408
795025178.349054
795025178.349054
795029177.848214
795029177.848214
795029177.848214
794783887.271232
794783887.271232
794783887.271232
794783887.271232
795024167.52139
795024167.52139
795024167.52139
795024167.52139
794901672.537545
794901672.537545
794901672.537545
794901672.537545
794901672.537545
794949596.671546
794949596.671546
794949596.671546
795266210.097611
795266210.097611
795266210.097611
795266210.097611
794977585.801843
794997854.759513
794997854.759513
794697817.521676
794697817.521676
794697817.521676
794752946.381998
794752946.381998
794674178.616297
795353928.475446
795353928.475446
794771510.576418
794693292.193481
794693292.193481
794955490.005406
794955490.005406
794955490.005406
794955490.005406
794955490.005406
794955490.005406
795445109.268096
795445109.268096
795445109.268096
795554226.380145
795554226.380145
795468411.732733
795468411.732733
795682443.533371
795682443.533371
794910964.853233
794910964.853233
794910964.853233
794910964.853233
794853382.736127
794614145.260237
795089457.790701
795089457.790701
795089457.790701
795089457.790701
795089457.790701
795089457.790701
795089457.790701
795089457.790701
795089457.790701
794859279.262686
794859279.262686
795254911.131899
794911400.13731
794911400.13731
794911400.13731
794911400.13731
794911400.13731
794911400.13731
794826122.496918
795037960.246129
795037960.246129
795037960.246129
795037960.246129
795037960.246129
795037960.246129
795454990.759384
795454990.759384
795247373.234005
795184252.929799
794807605.693254
795058218.69583
795058218.69583
795058218.69583
795058218.69583
795058218.69583
795517751.341059
795517751.341059
795517751.341059
794999260.639015
794999260.639015
794999260.639015
794993490.964933
794993490.964933
795358695.687322
795295378.782299
795295378.782299
795295378.782299
795295378.782299
795300443.930985
795300443.930985
795060242.13692
795060242.13692
795060242.13692
795060242.13692
794792479.70998
795386303.910021
795386303.910021
795593036.281091
795593036.281091
795593036.281091
795593036.281091
795593036.281091
795557786.963003
795578606.048414
795578606.048414
795616225.439179
795616225.439179
795616225.439179
795616225.439179
795616225.439179
795616225.439179
795221388.409875
795221388.409875
795221388.409875
795221388.409875
795221388.409875
795221388.409875
795221388.409875
795315938.529566
795315938.529566
795315938.529566
795315938.529566
795315938.529566
795679351.076983
795679351.076983
795679351.076983
795679351.076983
795679351.076983
794835152.958672
794835152.958672
795259087.238137
795259087.238137
795102815.970605
795158182.915459
794993024.4215
794993024.4215
794993024.4215
794632313.50449
794803123.746631
794932500.952418
794932500.952418
794932500.952418
794932500.952418
794932500.952418
794932500.952418
794920915.644309
794638503.037735
794638503.037735
794725068.26345
794725068.26345
794993237.174839
795012624.501931
795012624.501931
795012624.501931
795012624.501931
794877764.605594
794877764.605594
794877764.605594
795103320.378438
795398705.736378
795398705.736378
795398705.736378
795174041.358701
795340028.810956
795340028.810956
795340028.810956
794766154.768226
794996105.639879
795525404.012993
795525404.012993
795525404.012993
795027575.688907
795273248.146754
795273248.146754
795273248.146754
795273248.146754
795389490.281722
795389490.281722
795389490.281722
795389490.281722
795389490.281722
795004561.875615
794787557.341058
795104972.117026
795104972.117026
795104972.117026
794874999.511998
795005860.068235
795005860.068235
795359945.210777
795096420.049774
795096420.049774
795367490.801752
795367490.801752
795508806.566686
795508806.566686
795488081.388121
795030208.660678
795030208.660678
795030208.660678
795030208.660678
795030208.660678
795030208.660678
795472212.32465
795272324.759086
795272324.759086
795272324.759086
795272324.759086
795272324.759086
795272324.759086
795370293.029392
795370293.029392
795370293.029392
795390490.665062
795390490.665062
795611786.252994
795611786.252994
795445420.255875
795128231.413319
795128231.413319
795128231.413319
795128231.413319
795155891.029819
794966049.733299
794966049.733299
795236155.660581
794749629.408398
795299369.113343
795299369.113343
795668024.889396
795668024.889396
795668024.889396
795534305.016153
794890494.967704
794890494.967704
795060990.580699
795060990.580699
794937241.729131
795467261.015095
795353171.006261
794918203.548985
794918203.548985
794918203.548985
794966503.758767
795663183.04861
795663183.04861
795663183.04861
795663183.04861
795663183.04861
795636670.688195
795636670.688195
795318695.672936
795128514.160587
795128514.160587
795167704.819406
795167704.819406
795167704.819406
795318373.850877
795318373.850877
795143347.810764
795615525.143898
795151297.415264
795151297.415264
795461504.659479
795461504.659479
795461504.659479
795461504.659479
795392625.907228
795392625.907228
795338519.628958
795111692.684097
795666447.819712
795380549.822344
795380549.822344
795380549.822344
795380549.822344
795024477.281821
795024477.281821
795024477.281821
795024477.281821
794970658.115155
795175562.974825
795175562.974825
795175562.974825
795175562.974825
795491595.326588
795491595.326588
795491595.326588
795491595.326588
795491595.326588
795491595.326588
795352103.442329
795324949.59535
795324949.59535
795324949.59535
795324949.59535
795324949.59535
795324949.59535
795324949.59535
795174443.098301
795174443.098301
795453452.416082
795453452.416082
795155301.799189
795155301.799189
795384522.961281
795360985.990016
795294929.712742
795294929.712742
795294929.712742
795173764.921689
794969744.19969
794969744.19969
794969744.19969
794969744.19969
794468693.048704
795492840.142059
795492840.142059
795492840.142059
795492840.142059
795492840.142059
795166581.762709
795166581.762709
795688351.13712
795688351.13712
795688351.13712
794991485.892173
794991485.892173
794991485.892173
795557861.752839
795402777.02057
795175296.136151
795165405.510921
795129888.99694
795129888.99694
795129888.99694
795129888.99694
795377422.627497
795235457.714827
795235457.714827
795702537.391323
795020606.058585
795020606.058585
794965164.946791
795178056.674627
794392487.564863
794392487.564863
794392487.564863
794424406.003877
794424406.003877
794424406.003877
794814912.738238
794814912.738238
794973581.091727
794973581.091727
794898288.023818
794898288.023818
794391605.468027
794391605.468027
795355454.7197
795355454.7197
795354695.579219
795354695.579219
795354695.579219
795354695.579219
795460922.948124
795460922.948124
795601351.816646
795601351.816646
795601351.816646
795601351.816646
795601351.816646
795645603.471482
795645603.471482
795645603.471482
795645603.471482
795723185.109793
795462542.677326
795462542.677326
795265671.110218
795265671.110218
794895049.27444
794895049.27444
795255283.578917
795255283.578917
795255283.578917
795255283.578917
795255283.578917
795255283.578917
795255283.578917
795255283.578917
795506648.850076
795506648.850076
795506648.850076
795643671.143452
795643671.143452
795609914.743525
795144914.557459
795144914.557459
795144914.557459
795036787.937458
795036787.937458
795036787.937458
795036787.937458
795259929.898753
794927051.963579
794927051.963579
794927051.963579
794705076.84798
794705076.84798
794705076.84798
794705076.84798
794705076.84798
794705076.84798
794705076.84798
794705076.84798
795117600.141572
794750742.567809
794750742.567809
794750742.567809
794750742.567809
794750742.567809
794750742.567809
794777096.8813
795330371.430762
795330371.430762
795330371.430762
795330371.430762
795330371.430762
795330371.430762
795061326.435649
795061326.435649
795060049.205752
794972400.140897
794972400.140897
795388096.933792
795388096.933792
795210274.039144
795210274.039144
795210274.039144
795093893.061112
795093893.061112
795093893.061112
795093893.061112
795093893.061112
794767492.618262
794685655.598723
795507969.548659
794797060.223183
794797060.223183
794797060.223183
795085043.709804
795313914.974454
795313914.974454
795313914.974454
795313914.974454
795190062.195654
795190062.195654
795190062.195654
795047998.305905
795047998.305905
795047998.305905
795047998.305905
795047998.305905
795047998.305905
795047998.305905
795047998.305905
795109471.696756
795260271.302243
795253167.272622
795435762.830579
795240718.472582
795338167.709753
795338167.709753
795564169.716881
795398858.631696
795371951.897509
795371951.897509
795371951.897509
795371951.897509
795813320.459784
795813320.459784
795813320.459784
795813320.459784
795813320.459784
795561031.096119
795561031.096119
795561031.096119
795561031.096119
795106157.635957
795519201.036759
795519201.036759
795519201.036759
795736857.218786
795202562.049219
795202562.049219
795314040.983826
795314040.983826
795314040.983826
795314040.983826
795314040.983826
795314040.983826
794827520.517718
794924914.948083
794924914.948083
794924914.948083
794924914.948083
795203110.288741
795203110.288741
795203110.288741
795308450.098168
795256853.200171
795256853.200171
795190561.640845
795190561.640845
795190561.640845
795462816.536009
795462816.536009
795462816.536009
795409165.641648
795409165.641648
795409165.641648
795582283.9261
795582283.9261
795945182.008194
795945182.008194
795144136.170367
795144136.170367
795144136.170367
794740917.190198
794740917.190198
795187573.848288
795187573.848288
795187573.848288
795187573.848288
795187573.848288
795178728.37625
795415754.931917
795415754.931917
795415754.931917
795415754.931917
795415754.931917
795281585.699337
795281585.699337
795281585.699337
795281585.699337
795187819.200041
795187819.200041
795187819.200041
795187819.200041
795187819.200041
795187819.200041
795504664.106731
795458571.841209
795458571.841209
795458571.841209
795458571.841209
794987933.486879
795320386.139426
795320386.139426
795443581.355444
795443581.355444
795443581.355444
795443581.355444
795443581.355444
795443581.355444
795443581.355444
795443581.355444
795342760.906445
795342760.906445
795342760.906445
795342760.906445
795342760.906445
795229199.560315
795229199.560315
795229199.560315
795229199.560315
795229199.560315
795229199.560315
795229199.560315
794901291.748453
795313018.356993
795315979.503091
795315979.503091
795315979.503091
795315979.503091
795315979.503091
794746578.481849
794746578.481849
795265363.733644
795144933.316435
795144933.316435
795144933.316435
795144933.316435
795144933.316435
795144933.316435
795435251.442054
795147867.55371
795147867.55371
795053493.090348
795053493.090348
795053493.090348
794968361.87341
794706504.963498
794706504.963498
794706504.963498
794706504.963498
794706504.963498
794706504.963498
794706504.963498
794706504.963498
794885386.819875
794885386.819875
795080881.138286
795116074.777876
795116074.777876
795116074.777876
795116074.777876
795116074.777876
795116074.777876
795173542.532888
795213350.540256
795213350.540256
795213350.540256
795213350.540256
795620851.812301
795497911.141753
795497911.141753
795497911.141753
795512560.574003
795512560.574003
795512560.574003
795512560.574003
794879339.910134
794879339.910134
794927158.478498
794887744.280134
794887744.280134
794887744.280134
794393858.635841
794393858.635841
794393858.635841
794393858.635841
794393858.635841
794569078.539537
794569078.539537
794569078.539537
794569078.539537
795073702.27704
795073702.27704
795073702.27704
795073702.27704
794931147.661307
795429431.830704
795429431.830704
795429431.830704
795429431.830704
795429431.830704
795429431.830704
795563423.580355
795301220.248507
795334582.187714
795334582.187714
795165948.308395
794146008.741761
794513445.013179
794543298.318673
794543298.318673
795197535.245808
795326186.22231
795092718.072824
795092718.072824
795158728.945216
795350389.884395
795259552.70337
794910844.220737
794827294.456107
794965549.81593
794965549.81593
794965549.81593
794965549.81593
794965549.81593
794965549.81593
794965549.81593
795121521.357355
795121521.357355
795121521.357355
794995537.245265
794869681.410699
795041864.058684
795089373.817835
794727541.175407
794727541.175407
794727541.175407
795063895.1201
795063895.1201
795063895.1201
795063895.1201
795063895.1201
794800958.677024
795074464.722241
795074464.722241
795074464.722241
795074464.722241
795302585.057108
795302585.057108
795302585.057108
795281103.558171
795281103.558171
795281103.558171
795281103.558171
795281103.558171
795499335.691723
795499335.691723
795499335.691723
795393664.957146
795393664.957146
795306315.274009
794706782.227952
795134150.17276
795134150.17276
795039482.947428
795039482.947428
795039482.947428
794783988.824071
794783988.824071
794783988.824071
795426763.070129
795671336.289234
795671336.289234
795295129.196686
795295129.196686
795295129.196686
794982165.701695
794982165.701695
794883026.070566
794883026.070566
794883026.070566
794883026.070566
794883026.070566
794883026.070566
794883026.070566
794883026.070566
794883026.070566
794883026.070566
795213032.279438
795213032.279438
795274404.529645
795274404.529645
795076059.871319
795076059.871319
795076059.871319
795076059.871319
795076059.871319
795076059.871319
795076059.871319
795051760.99082
795051760.99082
795051760.99082
794655961.625845
794506022.724336
794506022.724336
794506022.724336
794506022.724336
794497026.658781
794497026.658781
794439932.872802
794439932.872802
794439932.872802
794439932.872802
795179870.798391
795179870.798391
795131615.506337
795131615.506337
795823307.742806
795432340.294693
795432340.294693
795432340.294693
795432340.294693
795115790.193939
795115790.193939
795115790.193939
795016243.114423
795016243.114423
795016243.114423
794777545.26843
794777545.26843
795211311.59502
795211311.59502
795211311.59502
795211311.59502
795211311.59502
795211311.59502
795211311.59502
795211311.59502
794679360.072412
795033277.622716
795432986.518289
795720567.309797
795720567.309797
795798681.067706
795798681.067706
795822206.691516
795386922.678401
795369026.005543
795369026.005543
795510659.946376
795510659.946376
795510659.946376
795510659.946376
795510659.946376
794726655.763102
794812332.24562
794812332.24562
794812332.24562
794977315.614522
794977315.614522
794977315.614522
794755300.19214
794755300.19214
795191785.092643
795191785.092643
795442081.842463
795066398.809397
795066398.809397
795066398.809397
795449569.3295
795449569.3295
795485036.935992
795485036.935992
795110104.784181
795110104.784181
795110104.784181
795110104.784181
795110104.784181
795110104.784181
795110104.784181
795389979.872185
795389979.872185
795497833.625253
795497833.625253
795497833.625253
795422315.63979
795422315.63979
795422315.63979
795422315.63979
795422315.63979
795422315.63979
795422315.63979
795592060.100142
795592060.100142
795592060.100142
795592060.100142
795592060.100142
795414926.55015
795414926.55015
795414926.55015
794886132.114153
795063484.763219
795063484.763219
795297649.262723
795297649.262723
795297649.262723
795297649.262723
795035493.706857
794971837.677967
795325308.065707
795325308.065707
795325308.065707
795424872.977552
795424872.977552
795619239.782473
795619239.782473
795619239.782473
795619239.782473
795619239.782473
795619239.782473
795619239.782473
795062429.163637
795062429.163637
795062429.163637
795269880.16003
795517049.345851
795517049.345851
795735247.329705
795241268.739329
795241268.739329
795022311.970618
795022311.970618
795022311.970618
794449774.411783
794711197.072617
794711197.072617
795132304.620265
795132304.620265
795033023.013683
794999243.035635
794960407.876769
794960407.876769
795368175.586291
795265399.913705
795265399.913705
795265399.913705
795153845.561599
795153845.561599
795153845.561599
795153845.561599
795170549.158738
795170549.158738
795170549.158738
795035510.618727
795035510.618727
795117457.640172
795117457.640172
795117457.640172
795569296.750578
795674079.204974
795674079.204974
795506483.62543
795703378.454548
795078794.007743
795078794.007743
795078794.007743
795078794.007743
795078794.007743
795078794.007743
795078794.007743
795078794.007743
795078794.007743
795078794.007743
795564186.271146
795564186.271146
795564186.271146
795564186.271146
795564186.271146
795330568.489955
795191216.56991
795543532.398059
795403250.145967
795403250.145967
795301477.672704
795291934.670418
794799128.483574
794799128.483574
794799128.483574
794871992.846653
794673632.566644
794673632.566644
794673632.566644
794673632.566644
794673632.566644
795097530.068299
795097530.068299
795097530.068299
795097530.068299
795097530.068299
795097530.068299
795097530.068299
795097530.068299
795577124.606299
795405219.617911
795405219.617911
795405219.617911
795405219.617911
795405219.617911
795405219.617911
795405219.617911
795405219.617911
795107740.570935
795107740.570935
795107740.570935
795107740.570935
795107740.570935
795107740.570935
795334059.166494
795334059.166494
795425144.483676
795210235.540162
795419109.76057
795419109.76057
795131968.149317
795139061.060425
795036760.063058
795036760.063058
795036760.063058
795036760.063058
795036760.063058
795036760.063058
795036760.063058
795036760.063058
795036760.063058
795036760.063058
795036760.063058
795036760.063058
794508903.130919
795178960.461112
795425813.427312
795234651.889538
795234651.889538
795234651.889538
795234651.889538
795234651.889538
795234651.889538
795017627.273326
795017627.273326
795092152.595284
795009746.210084
795009746.210084
795009746.210084
794983062.469858
794863440.164599
795626960.776103
795626960.776103
795626960.776103
795626960.776103
795626960.776103
795626960.776103
795626960.776103
795307798.981874
795307798.981874
795307798.981874
795307798.981874
795179131.321836
795179131.321836
794983082.155973
794983082.155973
794983082.155973
794983082.155973
794945956.80466
794945956.80466
795184844.390363
795397501.981034
794973296.004868
794774558.109647
794774558.109647
795305348.089311
795195578.889726
795195578.889726
795186487.168891
795229897.587815
795205609.942856
795421988.155148
795745049.888058
795745049.888058
795745049.888058
795861574.881193
795861574.881193
795170334.055274
795170334.055274
795170334.055274
795175873.572575
795011492.202843
795011492.202843
795011492.202843
795011492.202843
795011492.202843
795011492.202843
795011492.202843
795562061.999037
795095525.440039
794481948.065025
794481948.065025
794686282.359214
794686282.359214
794686282.359214
794686282.359214
794686282.359214
794686282.359214
794686282.359214
795010882.209807
795010882.209807
795175073.643812
795175073.643812
795262952.284886
794661137.159166
794661137.159166
794661137.159166
794867176.497227
795835470.487446
795835470.487446
795835470.487446
795835470.487446
795835470.487446
795335040.368747
795335040.368747
795054837.827158
795054837.827158
795054837.827158
795232597.099234
795232597.099234
795232597.099234
795232597.099234
795232597.099234
795232597.099234
794700005.787662
795051994.039843
795051994.039843
795051994.039843
795051994.039843
795051994.039843
795051994.039843
794707020.421338
794798803.207298
794798803.207298
794798803.207298
795125818.286479
794853070.564722
795146425.317297
795146425.317297
795146425.317297
795307341.244664
795307341.244664
795307341.244664
794607718.407828
794607718.407828
794607718.407828
795562142.211999
795561371.974635
795561371.974635
795561371.974635
795561371.974635
795561371.974635
795561371.974635
795600926.726927
795600926.726927
795600926.726927
795600926.726927
795600926.726927
795772217.053133
795772217.053133
796096924.254833
795629050.203499
795702194.50065
795168901.377602
794748245.776471
794748245.776471
794748245.776471
794748245.776471
794748245.776471
794748245.776471
794858727.127806
795079181.978242
795079181.978242
795475823.999334
794937753.391616
795161172.755993
795161172.755993
795161172.755993
795231116.661579
795231116.661579
795231116.661579
795231116.661579
795231116.661579
795231116.661579
795231116.661579
795377285.874966
795377285.874966
795449281.185659
795449281.185659
795449281.185659
795449281.185659
795449281.185659
795449281.185659
795262627.370453
795277364.654733
795277364.654733
795277364.654733
795277364.654733
795277364.654733
794851052.960116
794851052.960116
795062528.418106
795062528.418106
794964291.080749
795137013.626234
795137013.626234
795429615.255963
794766991.784266
795024634.322297
795024634.322297
795024634.322297
795024634.322297
794520609.410868
794520609.410868
794520609.410868
795202477.383339
795202477.383339
795202477.383339
795202477.383339
795424876.368236
795591581.714967
795591581.714967
795591581.714967
795465118.462448
795430337.050134
795430337.050134
795430337.050134
795430337.050134
795007470.957397
795007470.957397
795040977.5503
795040977.5503
795040977.5503
795040977.5503
795040977.5503
795040977.5503
795040977.5503
795040977.5503
795364809.002262
795364809.002262
795364809.002262
795364809.002262
795364809.002262
795083025.977922
795083025.977922
795091067.273012
795537486.000064
795537486.000064
795537486.000064
795443470.807565
795033561.567926
795163234.26428
794995358.729813
794995358.729813
794995358.729813
794995358.729813
794995358.729813
795108710.563441
795108710.563441
795108710.563441
795108710.563441
795250534.117129
795055863.692324
794985763.910217
794985763.910217
794985763.910217
794985763.910217
794985763.910217
795055669.492396
794957649.434589
795394580.443022
795394580.443022
795394580.443022
795315698.093146
795722934.965147
795722934.965147
795722934.965147
795722934.965147
795722934.965147
795134282.868668
795134282.868668
795016015.023298
795170493.072161
795170493.072161
795302699.877259
794855568.87809
795333771.689057
795441834.642602
795060731.968128
794613949.728448
794613949.728448
795036943.213791
795036943.213791
795484302.974175
795411317.940653
795411317.940653
795328602.877837
795328602.877837
795328602.877837
795328602.877837
795188274.918756
795188274.918756
795188274.918756
794826269.695483
794936657.12577
794785333.222534
794785333.222534
794785333.222534
794621077.296947
794621077.296947
795095978.927993
795095978.927993
795565575.976026
795600477.417171
795233073.528757
795062175.830477
795062175.830477
795062175.830477
795062175.830477
795062175.830477
795062175.830477
795062175.830477
795062175.830477
795047464.09103
795333045.380304
794951050.894235
794951050.894235
795385979.690005
795348259.226791
794995301.227519
794995301.227519
794995301.227519
794995301.227519
795046330.734983
795086348.498834
795051623.233795
795013878.147055
795013878.147055
795013878.147055
795052176.7242
795272464.776005
795272464.776005
795523456.428359
795253532.296087
795253532.296087
795303997.177578
795303997.177578
795509555.606009
794906013.511954
794906013.511954
795062870.346336
795062870.346336
795062870.346336
794901054.274279
794901054.274279
794968646.204807
795476718.387481
795476718.387481
795476718.387481
795476718.387481
795476718.387481
795476718.387481
795476718.387481
795476718.387481
794991407.230269
794980875.07781
794980875.07781
794846191.972458
794846191.972458
794846191.972458
794846191.972458
795206312.365886
795206312.365886
795247153.064799
795247153.064799
795247153.064799
795245621.484698
795583683.195427
795583683.195427
795583683.195427
795421936.653165
795206270.624906
795206270.624906
795051546.844386
795051546.844386
795051546.844386
795051546.844386
795004697.526577
795004697.526577
795004697.526577
795055237.113508
794990222.464664
794990222.464664
795068812.54203
795462504.546562
795462504.546562
795462504.546562
795036904.76114
795036904.76114
795036904.76114
795530901.803928
795496540.712182
795163199.079596
795536747.556105
795402092.660189
795402092.660189
795540243.422584
795540243.422584
795540243.422584
795193402.688148
795193402.688148
795193402.688148
794934442.8528
795058629.93359
795528446.398237
794746516.833269
794746516.833269
794746516.833269
794746516.833269
794746516.833269
794779390.479305
794779390.479305
794993087.077833
794993087.077833
795052992.07202
795052992.07202
795243072.514579
795243072.514579
795243072.514579
795243072.514579
795243072.514579
795243072.514579
795072868.893442
795072868.893442
795187889.958338
795187889.958338
795187889.958338
795210583.507613
795210583.507613
795210583.507613
795331855.624754
794978330.955841
794984360.057748
794984360.057748
795169736.621966
795601563.608375
795214152.445709
795358525.374677
795358525.374677
795358525.374677
795358525.374677
794760994.030437
794760994.030437
794784870.073068
794784870.073068
794784870.073068
795006875.312345
795006875.312345
795024064.402398
795243499.618537
795243499.618537
795363615.862328
795363615.862328
795205691.826198
795034731.302869
795034731.302869
795034731.302869
795034731.302869
795034731.302869
794912598.516532
794912598.516532
794896557.260979
794896557.260979
794899836.262675
794899836.262675
794899836.262675
794899836.262675
794899836.262675
795238324.23974
795238324.23974
795238324.23974
795074724.821821
795074724.821821
795158452.540045
795158452.540045
795158452.540045
794994367.014763
794779051.066491
794779051.066491
794779051.066491
794779051.066491
794779051.066491
794779051.066491
794950794.492153
794898783.506802
794898783.506802
794898783.506802
794898783.506802
794898783.506802
794898783.506802
794932106.895189
795029172.45667
794952956.395151
794952956.395151
794952956.395151
794952956.395151
794952956.395151
794952956.395151
794952956.395151
794952956.395151
794952956.395151
794952956.395151
794952956.395151
794952956.395151
794952956.395151
794741073.590547
794741073.590547
794789255.164581
794723801.358642
794723801.358642
794718534.700025
794718534.700025
795295405.042497
795295405.042497
795295405.042497
795295405.042497
795295405.042497
795295405.042497
795295405.042497
795295405.042497
795295405.042497
795295405.042497
795295405.042497
795334879.235566
795334879.235566
795447155.154902
795172961.421677
795210321.943999
795319510.36413
795319510.36413
795319510.36413
795319510.36413
795319510.36413
795319510.36413
795431587.307571
795431587.307571
795320254.805626
795320254.805626
795320254.805626
795320254.805626
795320254.805626
795459347.082541
795395436.520199
795395436.520199
795395436.520199
795293046.608834
795293046.608834
795293046.608834
795258210.503004
795258210.503004
795258210.503004
794658878.253636
794754120.632119
795188190.674892
795188190.674892
795188190.674892
795188190.674892
795188190.674892
795171189.520857
795171189.520857
795171189.520857
795171189.520857
795171189.520857
795046864.094365
795380209.786661
795380209.786661
795354123.524835
795354123.524835
794908787.521445
794908787.521445
794908787.521445
794920308.43232
794920308.43232
794920308.43232
794974220.215586
794974220.215586
794974220.215586
794974220.215586
794974220.215586
794974220.215586
794974220.215586
794730968.094845
795505073.369745
795505073.369745
795276508.332613
795276508.332613
795269900.840716
794938127.564026
794938127.564026
794938127.564026
795254351.453816
795341120.029154
795341120.029154
795341120.029154
795341120.029154
795341120.029154
795134847.795846
795134847.795846
795134847.795846
795397943.180684
795397943.180684
795123858.313342
795123858.313342
795123858.313342
795123858.313342
795123858.313342
795123858.313342
795123858.313342
795367083.02777
795343408.229301
795343408.229301
795152294.705379
795152294.705379
795192795.921965
795192795.921965
794995593.629878
795138632.057839
795138632.057839
795144125.692408
795122495.107945
795073072.626562
795073072.626562
795073072.626562
795135674.348293
795135674.348293
795135674.348293
795135674.348293
795135674.348293
795135674.348293
795135674.348293
795338195.794797
795338195.794797
795028382.839383
795411070.265752
795411070.265752
795411070.265752
795030251.000159
795030251.000159
795030251.000159
795030251.000159
795030251.000159
795030251.000159
795264938.923353
795264938.923353
795264938.923353
795012175.664644
794947374.468534
794947374.468534
794947374.468534
794947374.468534
794947374.468534
794947374.468534
794947374.468534
794857695.728921
794857695.728921
794857695.728921
795159929.813945
795159929.813945
795500837.644586
795500837.644586
795500837.644586
795500837.644586
795370375.793365
795295703.73807
795295703.73807
795295703.73807
795295703.73807
795295703.73807
795295703.73807
795295703.73807
795650035.842744
795650035.842744
795650035.842744
795650035.842744
795650035.842744
795080859.723909
795080859.723909
795080859.723909
795080859.723909
795392917.733902
795306948.581154
795416076.748504
795572628.49387
795470833.409841
795133395.211654
795133395.211654
795133395.211654
795491208.099115
795491208.099115
795491208.099115
795491208.099115
795285864.106856
795285864.106856
795032717.686909
795032717.686909
795032717.686909
795032717.686909
795032717.686909
795504604.474236
795504604.474236
795504604.474236
795615133.509873
795615133.509873
795615133.509873
795597595.680368
795597595.680368
795597595.680368
795597595.680368
795597595.680368
795597595.680368
795597595.680368
795597595.680368
795597595.680368
795394830.323325
795394830.323325
795712503.668616
795488025.650023
795488025.650023
795488025.650023
795374553.234116
795931890.277223
795902952.101827
795902952.101827
795902952.101827
795416863.683154
795416863.683154
795477556.499627
795477556.499627
795477556.499627
795339103.244155
795474399.420163
795474399.420163
795474399.420163
795166069.89518
795236510.952464
796204733.335896
795706552.523143
795373579.133204
794858571.152372
794858571.152372
794858571.152372
795414711.586874
795414711.586874
795414711.586874
795414711.586874
795414711.586874
795362908.373568
795085242.857987
795085242.857987
795085242.857987
795085242.857987
795085242.857987
795085242.857987
795085242.857987
795430647.943096
795430647.943096
795430647.943096
795430647.943096
795430647.943096
795473725.65033
795473725.65033
795473725.65033
795266996.09742
795266996.09742
795341522.502671
795341522.502671
795341522.502671
795341522.502671
795341522.502671
795341522.502671
795341522.502671
795341522.502671
795389908.79713
795389908.79713
795845954.958609
795845954.958609
795845954.958609
795365687.220616
795024280.773111
795024280.773111
795024280.773111
795024280.773111
795024280.773111
795193608.238767
795193608.238767
795193608.238767
795116323.582823
795116323.582823
795123071.380344
795123071.380344
795123071.380344
795123071.380344
795123071.380344
794967014.176341
795097726.451293
795097726.451293
795097726.451293
795582249.416504
795582249.416504
795697791.431541
795697791.431541
795561548.585061
795561548.585061
795561548.585061
794803227.359057
794803227.359057
794803227.359057
794803227.359057
794606659.048651
794883478.976919
794883478.976919
795031745.842602
794538345.292487
794506841.730494
795215848.773945
795215848.773945
795239125.354177
795320939.757368
795198414.149652
795006659.766423
795006659.766423
794967365.051828
794967365.051828
795287116.918123
795287116.918123
795287116.918123
795287116.918123
795287116.918123
795287116.918123
795287116.918123
795287116.918123
795287116.918123
795116697.542783
795116697.542783
795167211.964008
795167211.964008
795167211.964008
795464775.911594
795464775.911594
795464775.911594
795464775.911594
795464775.911594
795496925.128938
795496925.128938
795496925.128938
795655938.03702
795655938.03702
795655938.03702
795655938.03702
795807138.175129
795537834.708924
795537834.708924
794926383.547907
794926383.547907
795221126.430048
795221126.430048
795221126.430048
795221126.430048
794536435.14204
794536435.14204
794568728.39897
794687626.650784
794847720.435947
794847720.435947
794847720.435947
795717301.851055
795268882.134385
794382408.677683
794382408.677683
794245934.814296
795004971.61631
795004971.61631
794941587.740856
795254816.31278
795254816.31278
795072538.658153
794903011.431817
794903011.431817
794903011.431817
795049275.524411
795049275.524411
795049275.524411
795049275.524411
795049275.524411
795073823.923749
794990206.668162
794990206.668162
794990206.668162
794883359.640355
795167008.64577
794819022.037272
794819022.037272
794912477.049922
795382544.550371
795382544.550371
795382544.550371
795115841.368456
794929510.579464
794929510.579464
794788213.729966
794788213.729966
795220558.095953
795220558.095953
795220558.095953
795220558.095953
795200618.720308
795291295.495201
795136842.716305
794988969.603457
794988969.603457
794988969.603457
794988969.603457
794988969.603457
794988969.603457
795177083.217113
795365721.138733
795365721.138733
795921482.081078
795921482.081078
795526218.543147
795255335.407352
795255335.407352
794803689.467542
794803689.467542
794803689.467542
794803689.467542
794905071.516613
795456606.559924
795388977.480625
795388977.480625
795388977.480625
795694296.125172
795593904.30879
795511776.954789
795511776.954789
795511776.954789
795511776.954789
795903531.255431
795903531.255431
794754834.360009
794754834.360009
795173903.322173
795173903.322173
795173903.322173
795173903.322173
795032952.808054
795216023.214
794866285.340491
795319546.902518
795319546.902518
795319546.902518
795319546.902518
795319546.902518
794630555.90654
795563090.218626
795563090.218626
795563090.218626
795563090.218626
795563090.218626
795593336.141241
795457260.77975
795177052.08958
795177052.08958
795062836.340579
795505079.474065
795505079.474065
795505079.474065
795505079.474065
795505079.474065
795505079.474065
795505079.474065
795352721.006265
795352721.006265
795700343.748776
795785353.700453
795785353.700453
795343529.984423
795343529.984423
795343529.984423
795343529.984423
795273020.91593
795273020.91593
795273020.91593
795273020.91593
795273020.91593
794891451.432756
794891451.432756
794891451.432756
795140290.068253
795514145.461537
795514145.461537
795514145.461537
795514145.461537
795514145.461537
795514145.461537
795085189.626511
795043943.939114
795043943.939114
795043943.939114
795266632.374696
795266632.374696
795295334.408853
795294743.828397
795523946.765887
795523946.765887
795523946.765887
795523946.765887
795523946.765887
795523946.765887
795523946.765887
795523946.765887
795626161.332207
795626161.332207
795675838.996498
795423084.675353
795500521.789432
795500521.789432
795500521.789432
795203036.452075
795203036.452075
795203036.452075
795203036.452075
795203036.452075
794499703.636092
794996082.157605
795746802.065409
795746802.065409
795390242.962018
795390242.962018
795390242.962018
795413937.887201
794810979.278156
794810979.278156
794810979.278156
794810979.278156
794810979.278156
794659240.268011
794659240.268011
794659240.268011
794659240.268011
795401602.691421
795401602.691421
795401602.691421
794385898.21202
794385898.21202
794804949.455403
794804949.455403
794804949.455403
794804949.455403
794804949.455403
794804949.455403
794804949.455403
794804949.455403
794804949.455403
794804949.455403
794804949.455403
794804949.455403
795261636.795515
795312969.682196
795555506.909063
795555506.909063
795555506.909063
795625574.676533
795498045.660553
795498045.660553
795194945.168591
795194945.168591
795194945.168591
795067606.959814
795067606.959814
795269207.428638
795269207.428638
795269207.428638
795269207.428638
795269207.428638
794986410.516193
795213253.803178
795437922.07458
795437922.07458
795226234.957774
795226234.957774
794986359.278473
795769676.791433
795605617.591861
795605617.591861
795295315.309779
795119902.412266
795174078.179751
795174078.179751
795174078.179751
795433237.037296
795433237.037296
795433237.037296
795051935.000725
794996835.682361
794996835.682361
794996835.682361
794996835.682361
794996835.682361
794841110.699757
794841110.699757
794841110.699757
794841110.699757
794841110.699757
794841110.699757
794841110.699757
794841110.699757
794841110.699757
794841110.699757
794841110.699757
794841110.699757
794861515.213975
794890647.161533
794783419.516367
794783419.516367
794783419.516367
794783419.516367
794783419.516367
794783419.516367
794488351.770672
794488351.770672
794770034.310826
794770034.310826
795060711.124161
795060711.124161
795060711.124161
795060711.124161
795060711.124161
795060711.124161
795060711.124161
795060711.124161
795626872.972764
795820762.095538
795820762.095538
795820762.095538
795820762.095538
795790122.153224
795165193.721717
795424157.339031
795424157.339031
795424157.339031
795424157.339031
795404962.898471
795216018.065156
795216018.065156
795216018.065156
795672590.865637
795649449.287126
795649449.287126
795039584.901807
795079507.880749
795079507.880749
795079507.880749
795052103.35251
795089632.275934
795374379.339302
795374379.339302
795334833.155846
795334833.155846
795334833.155846
795067677.13681
795395841.966009
795395841.966009
795395841.966009
795042254.572605
795042254.572605
795370602.05727
795374221.48267
795344836.92872
795344836.92872
794939199.342473
795155711.783508
795542051.307574
795275209.862424
795275209.862424
795275209.862424
795275209.862424
794919367.636163
795032054.661075
795091668.90109
795076208.241013
795076208.241013
795231703.006057
795199259.072584
795010068.047903
795260061.229851
795260061.229851
795260061.229851
795160823.859133
795160823.859133
795160823.859133
795082445.241942
795092467.390843
795154222.163027
795223220.049288
795301310.101157
795275427.178481
795275427.178481
795365288.235776
795365288.235776
795064787.527611
794850370.881255
794850370.881255
794850370.881255
794850370.881255
795061126.288808
795061126.288808
794975189.976938
794975189.976938
794975189.976938
794975189.976938
794975189.976938
794975189.976938
795289095.16243
795211182.437866
795211182.437866
795211182.437866
794856243.880854
794807356.417384
794807356.417384
794807356.417384
794807356.417384
794807356.417384
795084948.674878
795084948.674878
795084948.674878
795084948.674878
795054148.392639
795054148.392639
795054148.392639
795054148.392639
795054148.392639
795054148.392639
795054148.392639
795054148.392639
795054148.392639
795016285.501406
795016285.501406
794873260.468449
794828204.155745
794828204.155745
795311016.317362
795311016.317362
795311016.317362
795311016.317362
795311016.317362
795438951.933745
795212678.030031
795212678.030031
795106710.743247
795120410.593609
795120410.593609
795239485.087555
794820036.367978
794820036.367978
794820036.367978
794672991.002849
795309173.069328
795217348.673195
795329826.752551
795329826.752551
795329826.752551
795207983.88205
795420349.271975
795420349.271975
795420349.271975
795420349.271975
795420349.271975
795420349.271975
795420349.271975
795374289.579348
795313061.764085
795313061.764085
795313061.764085
795313061.764085
795313061.764085
795313061.764085
795132163.431715
795132163.431715
795371639.078137
795371639.078137
795371639.078137
795371639.078137
795204135.603022
795244651.076205
795244651.076205
795244651.076205
795431404.85234
795668597.007154
795668597.007154
795668597.007154
795668597.007154
795668597.007154
795668597.007154
795668597.007154
795668597.007154
795810369.462793
795434481.235876
795310114.682426
795310114.682426
795310114.682426
795310114.682426
795310114.682426
795310114.682426
795241932.816233
795315775.410899
795315775.410899
795315775.410899
795350687.84834
795606124.192621
795606124.192621
795606124.192621
795515142.518239
795846571.698446
795846571.698446
795846571.698446
795631613.329833
795631613.329833
795631613.329833
795171605.116854
795171605.116854
795171605.116854
795343382.565393
795343382.565393
795343382.565393
795343382.565393
795343382.565393
794824908.777205
794824908.777205
794824908.777205
794824908.777205
794824908.777205
794824908.777205
794824908.777205
794824908.777205
794824908.777205
794571072.11254
794571072.11254
794571072.11254
795237231.993742
794818507.029027
795013185.944922
795686384.522645
795923186.005204
795923186.005204
795923186.005204
795923186.005204
795923186.005204
795923186.005204
795923186.005204
795923186.005204
795712769.637688
795712769.637688
795714913.106962
795714913.106962
795767007.620076
795166244.863274
795166244.863274
795166244.863274
795166244.863274
794616706.60212
794616706.60212
794616706.60212
794616706.60212
794829470.933041
794858426.950541
794758394.696082
794758394.696082
794856863.238155
794856863.238155
794856863.238155
794856863.238155
794856863.238155
795103009.500542
795103009.500542
795103009.500542
795103009.500542
795103009.500542
795103009.500542
795524427.867262
795407336.253223
795407336.253223
795407336.253223
795407336.253223
795724223.061252
795724223.061252
795724223.061252
795724223.061252
795467464.455411
795467464.455411
795467464.455411
794839756.979964
794966580.403128
794996824.852553
794996824.852553
794996824.852553
795298609.016303
795298609.016303
795390546.482446
795390546.482446
795390546.482446
795390546.482446
795390546.482446
795390546.482446
795390546.482446
795390546.482446
795557298.479318
795557298.479318
795557298.479318
795317556.057019
795317556.057019
795317556.057019
795317556.057019
795317556.057019
795317556.057019
795159151.138793
795159151.138793
795159151.138793
795159151.138793
794972939.221791
795025786.287858
795025786.287858
795025786.287858
795190527.478599
794874920.761645
794905133.005104
794905133.005104
794905133.005104
794905133.005104
794905133.005104
794789350.099306
794733759.02675
795117127.704696
795117127.704696
795548057.242689
795204150.215907
795204150.215907
795204150.215907
794717216.085644
794717216.085644
794717216.085644
795256963.425818
795256963.425818
795377637.853323
795206843.446779
795206843.446779
795084236.034573
794895338.970497
794895338.970497
794895338.970497
795122898.3259
795122898.3259
795122898.3259
795168605.366654
795168605.366654
795168605.366654
795168605.366654
795168605.366654
795668371.328256
795431050.459678
795431050.459678
795443885.348504
795197196.848838
795256080.378245
795183914.100845
795162918.464213
795180975.804895
795594428.954854
795594428.954854
795594428.954854
795594428.954854
795594428.954854
795594428.954854
795594428.954854
795594428.954854
795594428.954854
795178618.833597
795178618.833597
795178618.833597
795178618.833597
794734666.255445
794734666.255445
794734666.255445
794734666.255445
795195522.868599
795085204.7024
795085204.7024
795085204.7024
795085204.7024
795085204.7024
795085204.7024
795085204.7024
795602160.690294
795602160.690294
794357232.897528
795010706.07382
795010706.07382
795091980.127422
795091980.127422
795091980.127422
795091980.127422
794921592.674584
794921592.674584
794921592.674584
794921592.674584
794921592.674584
795599680.293587
795599680.293587
795599680.293587
795315414.733062
795315414.733062
795315414.733062
795315414.733062
795315414.733062
795315414.733062
795315414.733062
795093786.895351
795093786.895351
795566200.805197
795354808.043422
795354808.043422
795353166.534025
795353166.534025
795353166.534025
795353166.534025
795801542.697917
795801542.697917
795586710.34634
795586710.34634
795586710.34634
795586710.34634
795530472.600057
795400525.846792
795400525.846792
795349526.185066
795458033.757773
795415063.277701
795143590.171089
795334988.840021
795334988.840021
795334988.840021
795011795.524319
795011795.524319
795312897.759001
795387600.904277
795387600.904277
795394037.588778
795394037.588778
795394037.588778
795394037.588778
795394037.588778
795394037.588778
795394037.588778
795394037.588778
795394037.588778
795434723.719869
795434723.719869
795660262.569418
795660262.569418
795660262.569418
795660262.569418
795166213.694902
795166213.694902
795166213.694902
795166213.694902
795166213.694902
794836346.402413
794836346.402413
794836346.402413
794836346.402413
794599906.566159
794599906.566159
794522850.037215
794423198.68002
794423198.68002
794821391.668697
794728354.486717
794949951.715242
794949951.715242
794949951.715242
794949951.715242
794949951.715242
794904015.47268
794904015.47268
794973438.122853
795180429.148611
795180429.148611
795180429.148611
795301403.387528
795301403.387528
795301403.387528
795512826.44965
795512826.44965
795419909.799505
795419909.799505
795419909.799505
795419909.799505
795419909.799505
795419909.799505
795282435.323214
795282435.323214
795282435.323214
795511659.629173
795154460.393475
795154460.393475
795154460.393475
795576302.836725
795803972.898776
795476316.418926
795409213.720026
795409213.720026
795155121.600488
795155121.600488
795155121.600488
795315929.259812
795133298.944545
795133298.944545
794963632.37931
794963632.37931
794963632.37931
795102874.594017
795363406.209623
795363406.209623
795161580.780995
795161580.780995
795161580.780995
795135992.893446
795135992.893446
795135992.893446
795881006.595379
795881006.595379
795881006.595379
795881006.595379
795827699.76784
795827699.76784
795827699.76784
795243389.720514
795243389.720514
795243389.720514
795243389.720514
795243389.720514
795088703.60753
795282632.568933
795282632.568933
795521791.404721
795521791.404721
795521791.404721
795521791.404721
795521791.404721
795521791.404721
795283247.353875
795283247.353875
795283247.353875
795283247.353875
795283247.353875
795283247.353875
795240674.556476
795465014.201935
795499578.629566
795499578.629566
795499578.629566
795499578.629566
795499578.629566
795499578.629566
795499578.629566
795499578.629566
795499578.629566
795499578.629566
795416549.323858
795416549.323858
795416549.323858
794965895.496265
794965895.496265
795552852.582162
795552852.582162
795552852.582162
795153437.667509
795153437.667509
795153437.667509
795153437.667509
795153437.667509
795583502.537718
795284905.86607
795301964.299239
795216841.414431
795417247.336741
795153469.51673
794959703.118756
795015985.122721
795078222.64095
795078222.64095
795078222.64095
795185771.875835
795292127.332918
795482883.201162
795482883.201162
795099880.253665
795099880.253665
795366776.738928
795366776.738928
795366776.738928
795366776.738928
795468421.02137
795084517.08888
795084517.08888
795263824.471798
795263824.471798
795263824.471798
795263824.471798
795263824.471798
794953507.813287
794953507.813287
794953507.813287
795255707.577019
795255707.577019
795255707.577019
795255707.577019
795255707.577019
795255707.577019
795255707.577019
795558866.80064
795158926.261907
795158926.261907
795158926.261907
794821525.560162
794821525.560162
794821525.560162
795428133.304288
795647282.303924
795647282.303924
795647282.303924
795252472.953745
795252472.953745
795252472.953745
795252472.953745
795777998.145975
795171384.90186
795171384.90186
795171384.90186
795171384.90186
795171384.90186
795171384.90186
795171384.90186
795171384.90186
795171384.90186
795171384.90186
795171384.90186
795171384.90186
795117357.320564
795117357.320564
795117357.320564
795184634.498345
795230094.473668
795230094.473668
795230094.473668
795724803.008413
795883374.389879
795883374.389879
794965508.029583
794965508.029583
794965508.029583
794965508.029583
794807482.872639
794807482.872639
795057881.94404
795503559.364061
795460764.443147
795160576.609547
794764846.351411
794764846.351411
794764846.351411
794764846.351411
794756081.390193
794756081.390193
794687377.555924
794687377.555924
794687377.555924
794687377.555924
794687377.555924
794687377.555924
794883608.300717
794883608.300717
794883608.300717
795026801.702868
795026801.702868
795026801.702868
795026801.702868
795120461.899668
795120461.899668
794793587.689444
794793587.689444
794793587.689444
794793587.689444
794793587.689444
794793587.689444
794793587.689444
794931299.811418
794931299.811418
794931299.811418
794931299.811418
794931299.811418
794931299.811418
794959708.062366
794959708.062366
794959708.062366
794959708.062366
794959708.062366
795052363.298273
795317135.709247
795317135.709247
795441202.262527
795354812.791398
795504125.276208
795514397.441013
795514397.441013
795305997.896888
795433976.616115
795299451.379691
795299451.379691
795299451.379691
795299451.379691
795368850.600949
795368850.600949
795368850.600949
795368850.600949
795368850.600949
795368850.600949
795368850.600949
795368850.600949
795045859.04333
795045859.04333
795045859.04333
795045859.04333
795045859.04333
795045859.04333
795277895.964116
795277895.964116
795277895.964116
795277895.964116
795277895.964116
795302801.757054
795302801.757054
795302801.757054
795302801.757054
795302801.757054
795302801.757054
795302801.757054
795302801.757054
795302801.757054
795119211.814204
795158411.289452
795158411.289452
795158411.289452
795035693.751415
795035693.751415
795035693.751415
795035693.751415
795035693.751415
794799577.404607
794799577.404607
794799577.404607
794799577.404607
795061050.706291
795732846.317033
795732846.317033
796230483.603222
795860129.640219
795317892.731176
795317892.731176
795317892.731176
795317892.731176
795317892.731176
795513547.10398
795513547.10398
795513547.10398
795588125.706104
795588125.706104
795588125.706104
795588125.706104
795588125.706104
795588125.706104
795588125.706104
795588125.706104
795588125.706104
795588125.706104
795588125.706104
795181205.64315
795415972.907535
795032800.149577
795032800.149577
795032800.149577
795032800.149577
795032800.149577
795032800.149577
795196833.576992
795196833.576992
794979797.021863
794979797.021863
795337431.019726
795337431.019726
795337431.019726
795337431.019726
795330485.65216
795459968.821833
795459968.821833
795171797.907678
795171797.907678
794915053.39556
794915053.39556
794915053.39556
794915053.39556
794915053.39556
794915053.39556
795318763.878931
795373294.95325
795373294.95325
795373294.95325
795546231.913591
795384323.786145
795155749.763409
795597404.052354
795323771.225514
795426290.384095
795259050.694862
794733011.267512
794882250.662187
794882683.5879
794882683.5879
794882683.5879
795314554.458421
795314554.458421
795048350.647829
795048350.647829
795048350.647829
795048350.647829
795048350.647829
795193072.86561
795193072.86561
795193072.86561
795193072.86561
795193072.86561
795193072.86561
794841994.895323
794841994.895323
795366095.613752
795366095.613752
795366095.613752
795366095.613752
795335774.32705
795335774.32705
795335774.32705
795335774.32705
795335774.32705
795335774.32705
794575107.102835
794939433.728521
794752432.719482
794752432.719482
794752432.719482
794752432.719482
794752432.719482
794752432.719482
794982457.221362
795154867.277871
795154867.277871
795124005.424004
795124005.424004
795178087.12767
795178087.12767
795142442.995792
795175907.830792
795175907.830792
795344178.979304
795344178.979304
795350710.040473
795350710.040473
795269826.585408
795269826.585408
795269826.585408
795269826.585408
795269826.585408
795269826.585408
795269826.585408
795269826.585408
795269826.585408
795269826.585408
795269826.585408
795269826.585408
795269826.585408
795269826.585408
795269826.585408
795269826.585408
795269826.585408
795279446.621732
794901610.130156
794901610.130156
794862256.089585
795047006.325714
795527555.172521
795527555.172521
795527555.172521
795527555.172521
795514685.924776
795514685.924776
795608141.803346
795481717.040892
795460037.526568
795460037.526568
794603680.881084
795179653.770707
795179653.770707
795179653.770707
795179653.770707
795312088.989416
795312088.989416
795312088.989416
794925744.10033
795255955.336657
795358445.115221
795402335.938666
795402335.938666
795402335.938666
795402335.938666
795550501.823836
795550501.823836
795550501.823836
795550501.823836
795550501.823836
795550501.823836
795188532.442068
794954860.382468
795082120.376374
795082120.376374
795215228.14981
795136745.988188
795255583.715911
795255583.715911
795255583.715911
795255583.715911
795255583.715911
795255583.715911
795255583.715911
795180997.537884
795180997.537884
795214132.828399
794987023.895241
794987023.895241
794987023.895241
794987023.895241
794987023.895241
794987023.895241
794987023.895241
794987023.895241
795009998.397383
794965369.462117
794965369.462117
795666029.088527
795666029.088527
795666029.088527
795538985.184462
795217930.638105
795299024.99767
794977981.486032
794977981.486032
795216229.023602
795216229.023602
795216229.023602
795216229.023602
795216229.023602
795216229.023602
795055526.722019
794962416.565191
794569351.372555
794569351.372555
794569351.372555
795264234.029613
795264234.029613
795221868.292127
795221868.292127
795221868.292127
795221868.292127
795559564.443739
795423423.522166
795423423.522166
795423423.522166
795423423.522166
795423423.522166
795423423.522166
795423423.522166
795298818.941753
795392252.987517
795392252.987517
795589872.762007
795589872.762007
795589872.762007
795219859.70053
795219859.70053
795406049.734037
795072005.828235
794907787.047883
795061193.704569
795061193.704569
794966556.380187
795389918.989956
795248334.283252
795248334.283252
795248334.283252
795248334.283252
795248334.283252
795193534.345436
795193534.345436
795095008.727481
795402312.200879
795402312.200879
795402312.200879
795402312.200879
795402312.200879
795114776.93658
795114776.93658
795114776.93658
795707329.73258
795275128.271053
795275128.271053
794966526.114896
794966526.114896
795579936.50049
795579936.50049
795579936.50049
795577327.013634
795577327.013634
795577327.013634
795503505.117792
795503505.117792
795503505.117792
795503505.117792
795535892.467082
795535892.467082
795535892.467082
795535892.467082
795535892.467082
795411376.13075
795862219.863403
795862219.863403
795862219.863403
795862219.863403
795862219.863403
795862219.863403
795590074.627118
795535605.229851
794936695.007516
794936695.007516
795266192.504653
795266192.504653
795266192.504653
795237196.967164
795237196.967164
795237196.967164
795237196.967164
795237196.967164
795481004.564622
795481004.564622
795155778.535339
795155778.535339
795155778.535339
795155778.535339
795128848.302216
795128848.302216
795128848.302216
795008337.178264
794685517.553874
794685517.553874
794807215.702894
794807215.702894
794807215.702894
795225759.219711
795447484.543038
795447484.543038
795069367.68077
795299441.826547
794825895.346108
794825895.346108
794825895.346108
794825895.346108
794825895.346108
794825895.346108
794774056.611344
795400928.808564
794961497.462543
795181555.595243
795326320.944767
795326320.944767
795326320.944767
795326320.944767
795089895.295874
794771362.998953
794771362.998953
794771362.998953
794771362.998953
794771362.998953
795084499.145436
795084499.145436
795084499.145436
795084499.145436
794398183.59794
794398183.59794
794398183.59794
794398908.291605
794398908.291605
795040178.17127
795750110.43718
795750110.43718
794815534.876489
795035813.568862
795187122.967909
794834133.669249
795155651.832291
795190301.158534
795290655.113757
795290655.113757
795290655.113757
795290655.113757
794770732.615356
794770732.615356
794770732.615356
795367054.183867
795449548.545956
795449548.545956
795449548.545956
795284663.15841
795284663.15841
795519014.607286
795034066.476568
795034066.476568
795034066.476568
795108567.741536
795108567.741536
795589262.250082
795589262.250082
795808308.23373
795962153.632588
795962153.632588
795524782.371446
795524782.371446
795314301.134043
795314301.134043
795507621.994474
795507621.994474
795761208.106791
795862858.782066
795862858.782066
795862858.782066
795876933.376728
795876933.376728
795876933.376728
795364925.539144
795364925.539144
795364925.539144
795364925.539144
795021646.435683
795021646.435683
795471890.427443
795471890.427443
795471890.427443
795124459.000158
795092464.686088
795092464.686088
794767273.610116
794767273.610116
794767273.610116
794878481.134482
794747975.370013
794747975.370013
794747975.370013
794747975.370013
794747975.370013
795431105.423991
795431105.423991
795431105.423991
795431105.423991
795431105.423991
795431105.423991
796219293.515836
795087551.619516
795214695.419495
795214695.419495
795214695.419495
795214695.419495
795214695.419495
795214695.419495
795214695.419495
795214695.419495
795214695.419495
795214695.419495
795208590.444551
795208590.444551
795208590.444551
795208590.444551
795208590.444551
795173047.532392
795173047.532392
795173047.532392
795173047.532392
795151588.435103
794927003.154566
795000080.425543
795277843.876151
795277843.876151
795277843.876151
794913547.194745
794960091.905552
794922489.408064
794981267.753628
794981267.753628
794981267.753628
795220471.876385
795053310.936956
795053310.936956
795197758.445714
795197758.445714
795197758.445714
795197758.445714
795027380.051082
794974124.732276
795288723.355846
794788529.22072
794788529.22072
794788529.22072
795284396.944797
795398730.294928
795398730.294928
794896544.156622
794761981.13585
795231026.969965
795231026.969965
795154544.267757
795154544.267757
795154544.267757
794548211.949755
794958085.064621
795277142.904507
795277142.904507
795277142.904507
795277142.904507
795277142.904507
795277142.904507
795277142.904507
794961246.816886
794961246.816886
794961246.816886
795220425.826378
795220425.826378
795220425.826378
795220425.826378
795417372.933936
795191592.519676
795191592.519676
795191592.519676
795191592.519676
795191592.519676
795366094.793822
795366094.793822
795312629.172592
794676305.880543
794635460.269916
794609288.639816
794609288.639816
794609288.639816
794609288.639816
795550393.467438
795361054.731645
794961136.167328
795227762.110774
795058360.96833
795058360.96833
795164202.335291
795371701.646626
795243599.469493
795243599.469493
795280327.629761
795280327.629761
795017299.810849
794742433.249547
794742433.249547
794939826.067636
794939826.067636
794939826.067636
794939826.067636
795126942.389976
795126942.389976
795126942.389976
795073815.993202
795073815.993202
795220137.25486
795220137.25486
795220137.25486
795270462.666313
795270462.666313
795270462.666313
795188016.046609
795228297.532305
795078262.332574
795078262.332574
795078262.332574
795057634.312457
795057634.312457
795057634.312457
795466681.218295
795466681.218295
795249874.852346
795402848.362936
795402848.362936
795402848.362936
795402848.362936
795402848.362936
795402848.362936
795402848.362936
795402848.362936
795402848.362936
794977975.855987
795363365.804827
795688540.934766
795688540.934766
795688540.934766
795440818.142905
795440818.142905
795550013.451715
795550013.451715
795278836.030036
795310240.703192
795310240.703192
795689312.133148
795791119.450521
795791119.450521
795389029.889314
795389029.889314
795389029.889314
795389029.889314
795389029.889314
795204065.579278
795276533.716681
795276533.716681
795276533.716681
795140579.440711
795140579.440711
794812732.51395
794812732.51395
794721526.889386
794785761.09
794972903.092095
794972903.092095
795189601.609914
794574264.35847
794574264.35847
794574264.35847
794309967.226514
794309967.226514
794309967.226514
794309967.226514
794309967.226514
794309998.184383
794309998.184383
795143564.452046
795143564.452046
795143564.452046
794927664.494439
795311291.081928
795311291.081928
795316839.687594
795316839.687594
795316839.687594
795127769.287129
795056290.552908
795056290.552908
795056290.552908
795381998.415979
794744024.126373
794714729.101547
794714729.101547
794714729.101547
794714729.101547
794990576.966929
794990576.966929
794990576.966929
794990576.966929
794990576.966929
795124120.124921
795496928.793865
795496928.793865
795738064.475446
795738064.475446
795738064.475446
795336130.757623
795336130.757623
795292159.45842
795292159.45842
795292159.45842
795292159.45842
795292159.45842
795292159.45842
795292159.45842
795292159.45842
794268414.375259
794268414.375259
794268414.375259
794755568.357357
794755568.357357
794951136.999592
794951662.104544
794220083.83487
794310095.517391
795492268.170384
795338865.28473
795338865.28473
795338865.28473
794903196.449623
794903196.449623
794903196.449623
794903196.449623
794903196.449623
794990230.715934
794990230.715934
795204523.869111
795204523.869111
795204523.869111
795204523.869111
795204523.869111
795204523.869111
795416753.690441
795416753.690441
795416753.690441
795416753.690441
794826210.159538
794687191.651177
795385834.495567
795385834.495567
795359117.727218
795561480.749861
795561480.749861
795561480.749861
795561480.749861
795515952.653768
795433869.386276
795433869.386276
795433869.386276
795433869.386276
795597936.961763
795648773.401575
795648773.401575
795648773.401575
795648773.401575
795648773.401575
795648773.401575
795294489.322285
795294489.322285
795166719.511165
795166719.511165
795132469.996925
795132469.996925
795132469.996925
795132469.996925
794869623.828991
794869623.828991
794869623.828991
794869623.828991
794869623.828991
795432117.107477
795274080.972964
794772167.925693
794772167.925693
794772167.925693
795043564.03564
794790893.083595
794790893.083595
794790893.083595
794524050.036518
795334937.770382
795334937.770382
795087085.997506
795087085.997506
795087085.997506
795087085.997506
794983107.646964
794983107.646964
794983107.646964
794983107.646964
794983107.646964
794983107.646964
794983107.646964
794983107.646964
794983107.646964
794983107.646964
794983107.646964
795031954.602634
795031954.602634
795031954.602634
795302864.68388
795302864.68388
795455100.203321
795411313.025627
795058543.275474
794989382.672208
794989382.672208
795338180.284504
795338180.284504
795338180.284504
795338180.284504
795321582.900584
794964652.008131
794964652.008131
794964652.008131
794984756.408197
795290336.986791
795290336.986791
795290336.986791
795290336.986791
795290336.986791
795290336.986791
795015532.734217
795297619.593485
795155283.190516
795155283.190516
795155283.190516
795155283.190516
795365197.116879
795365197.116879
795365197.116879
795365197.116879
795365197.116879
795365197.116879
795365197.116879
795365197.116879
795456818.656885
795456818.656885
795373450.273781
795373450.273781
795373450.273781
795373450.273781
794767431.218578
794767431.218578
794542516.568261
795037813.391263
795037813.391263
795037813.391263
795037813.391263
795037813.391263
794997393.148386
794997393.148386
794997393.148386
794997393.148386
794590985.62046
795203387.539026
795203387.539026
795203387.539026
795107241.022635
795371786.497555
795371786.497555
795371786.497555
795371786.497555
795025043.207754
795025043.207754
794912825.123601
794912825.123601
794912825.123601
794912825.123601
794912825.123601
794912825.123601
794912825.123601
794912825.123601
794811222.802553
795114607.023276
795114607.023276
795021946.707884
794954721.949164
794954721.949164
795554707.435951
795629115.373996
795629115.373996
795629115.373996
795629115.373996
795241491.008853
795269304.073569
795269304.073569
795269304.073569
795142087.20162
795142087.20162
795142087.20162
795142087.20162
795142087.20162
795142087.20162
795142087.20162
795306620.98052
795306620.98052
795306620.98052
795306620.98052
795306620.98052
795306620.98052
795306620.98052
795176511.220666
795176511.220666
795176511.220666
795176511.220666
795527453.951028
795527453.951028
795527453.951028
795356118.355543
795356118.355543
795526887.968131
795526887.968131
795142634.949894
795142634.949894
795142634.949894
795142634.949894
795142634.949894
795220376.819666
795275507.25461
794923420.064256
794923420.064256
794923420.064256
794905665.909603
794905665.909603
794905665.909603
794905665.909603
794905665.909603
794905665.909603
795016877.805095
795016877.805095
795087467.693245
795087467.693245
794569301.968547
794569301.968547
794569301.968547
795035477.067197
795035477.067197
795537064.984687
795295928.14169
795318933.686001
795318933.686001
795318933.686001
794792547.502734
795482830.712155
795482830.712155
795482830.712155
795482830.712155
795435144.592112
795435144.592112
795435144.592112
795435144.592112
795509518.224069
795509518.224069
795509518.224069
795509518.224069
795509518.224069
795509518.224069
795509518.224069
795569112.42555
795569112.42555
795631810.032321
795631810.032321
795631810.032321
795631810.032321
795663861.639766
795663861.639766
795663861.639766
795663861.639766
795103395.846345
795103395.846345
795103395.846345
795054459.681732
795054459.681732
795528090.162867
795528090.162867
795528090.162867
795344572.075834
795812955.372092
795812955.372092
795812955.372092
795812955.372092
795812955.372092
795812955.372092
795812955.372092
795812955.372092
795812955.372092
795415457.915221
795415457.915221
795415457.915221
795567391.424513
795691745.866108
795691745.866108
795766350.081187
795766350.081187
795766350.081187
795766350.081187
795495189.48275
795495189.48275
795324353.54679
795184756.712047
794790696.972652
794943783.700146
794943783.700146
795218481.863533
794658993.736682
794658993.736682
794639429.188972
794639429.188972
794639429.188972
795313709.810849
795313709.810849
795313709.810849
795313709.810849
794920323.027177
794920323.027177
794920323.027177
794920323.027177
795596157.345715
795596157.345715
795596157.345715
795596157.345715
795320556.874419
794795178.162431
794795178.162431
794795178.162431
794795178.162431
794795178.162431
794795178.162431
794711825.538361
794789830.331885
794789830.331885
794848799.655213
794757431.821171
795398296.880261
795398296.880261
795398296.880261
795839428.885344
795904477.400514
795579698.36955
795558374.728537
795330426.994646
795588220.877315
795588220.877315
795439684.780318
795439684.780318
795411433.617219
795411433.617219
795411433.617219
795411433.617219
795411433.617219
795058048.552354
794961255.507196
794961255.507196
794961255.507196
794961255.507196
794961255.507196
794990635.521775
794501759.449034
794501759.449034
795178496.66778
795178496.66778
795028770.975997
795028770.975997
795028770.975997
795028770.975997
795042814.896171
795042814.896171
795042814.896171
794972410.867842
794972410.867842
794972410.867842
795167421.631654
795140943.140435
795140943.140435
794922908.324173
795446025.643315
795731983.100833
795774258.899055
795483473.997942
795962981.937209
795962981.937209
795962981.937209
795495059.18324
795495059.18324
795495059.18324
794938672.074929
794938672.074929
795276075.726685
795276075.726685
795276075.726685
795276075.726685
795276075.726685
795276075.726685
795276075.726685
795442473.635247
795442473.635247
795442473.635247
795185946.320551
795185946.320551
795185946.320551
795185946.320551
795185946.320551
795187352.904302
795187352.904302
795187352.904302
795187352.904302
795187352.904302
795187352.904302
795187352.904302
795495312.937821
795257756.605293
795257756.605293
795257756.605293
795257756.605293
795257756.605293
795305530.301628
795497829.347298
795497829.347298
795497829.347298
795354906.868827
795196196.018116
795196196.018116
795471945.318417
795471945.318417
795471945.318417
795181980.728644
795181980.728644
795181980.728644
795157908.37784
795362764.137438
795362764.137438
795362764.137438
795362764.137438
795362764.137438
795362764.137438
795362764.137438
794923940.925724
794923940.925724
794923940.925724
794923940.925724
795639697.344655
795639697.344655
795045604.247773
795045604.247773
795234669.912038
795234669.912038
795163900.779712
795163900.779712
795163900.779712
795180733.363533
795232519.908536
794894540.473718
794894540.473718
794938987.757679
794963727.528096
795156032.716301
795156032.716301
795156032.716301
795156032.716301
795506835.842912
794450266.629029
794538274.127319
795167058.371787
795167058.371787
795167058.371787
795167058.371787
794981325.645912
795398245.853608
795398245.853608
795398245.853608
795398245.853608
795398245.853608
795398245.853608
795398245.853608
795398245.853608
795398245.853608
795398245.853608
795047952.929748
795047952.929748
795238492.253047
795110328.413176
795160558.726904
795461944.873666
795461944.873666
794828218.206877
795692025.13377
795692025.13377
795692025.13377
795692025.13377
795692025.13377
795692025.13377
795692025.13377
795426740.62037
795426740.62037
795426740.62037
795291130.182497
795291130.182497
795291130.182497
795291130.182497
795291130.182497
795291130.182497
795062607.297756
795062607.297756
795062607.297756
795301545.300731
795138775.603986
795138775.603986
795138775.603986
795676201.349926
795676201.349926
795676201.349926
795321769.195811
795321769.195811
795299774.620465
795090696.590633
795090696.590633
795037194.666799
795037194.666799
795037194.666799
795037194.666799
795037194.666799
795037194.666799
795037194.666799
795314742.39883
795528387.383931
795465791.378267
795465791.378267
795719053.981702
795719053.981702
795719053.981702
795478332.128115
795010322.150191
795010322.150191
794480504.064142
794710074.548287
794851670.583933
794851670.583933
794959528.605439
794959528.605439
794959528.605439
794963987.101029
795005735.016003
795005735.016003
795005735.016003
795653669.245947
795470955.855618
795470955.855618
795533734.332758
795213122.56172
795197260.116415
795103075.743595
795103075.743595
795103075.743595
795179061.404845
795419332.207622
795419332.207622
795337531.131239
795337531.131239
795337531.131239
794990387.809442
794990387.809442
794990387.809442
795085532.944751
794778946.605949
794995217.063454
794995217.063454
794995217.063454
794995217.063454
795227206.316025
795227206.316025
795323100.340291
795323100.340291
795354280.036996
795397811.881535
795144080.413786
795043434.793365
794869848.397085
795095129.51049
794970141.693702
794406664.916566
794646002.843821
794646002.843821
795453029.405282
795453029.405282
795547563.665886
795547563.665886
795547563.665886
795547563.665886
795547563.665886
795514489.448976
795514489.448976
795250614.489704
795139695.417854
795139695.417854
795139695.417854
795139695.417854
795139695.417854
795139695.417854
795139695.417854
795139695.417854
795053373.52412
795473653.432958
795473653.432958
795376573.657659
795376573.657659
795376573.657659
795376573.657659
795376573.657659
795665045.621711
795665045.621711
795049458.244327
795670206.959227
795670206.959227
795314132.131663
795314132.131663
795314132.131663
795314132.131663
795186647.121428
795282865.706857
795282865.706857
795282865.706857
795048290.357567
795048290.357567
795048290.357567
795048290.357567
795048290.357567
795048290.357567
795048290.357567
795009426.630827
795009426.630827
795009426.630827
795009426.630827
795009426.630827
794911209.596293
795872535.714405
794819880.028432
794819880.028432
794819880.028432
794819880.028432
795016524.775122
795023020.684774
795023020.684774
795503164.405149
795503164.405149
794777315.442282
794982053.73209
794982053.73209
794982053.73209
794726602.645107
794726602.645107
794698988.53562
794698988.53562
794802883.208979
794802883.208979
794939535.30714
794939535.30714
794939535.30714
794997590.729923
794997590.729923
794997590.729923
794516527.540111
794406755.626063
795342378.775709
795199961.73349
795550306.959249
795550306.959249
794771337.219252
794771337.219252
794796683.969534
794796683.969534
795190447.806103
795002400.117342
794685686.835952
795194819.281949
795194819.281949
795194819.281949
795252803.805632
795252803.805632
795013219.745169
795013219.745169
795013219.745169
795069025.976699
795278873.38224
795278873.38224
795278873.38224
795278873.38224
795278873.38224
795278873.38224
795278873.38224
795346989.10618
795041507.262643
795041507.262643
794933914.006227
794933914.006227
795230378.952191
795230378.952191
795105851.237148
795105851.237148
795105851.237148
794845845.746864
794845845.746864
794845845.746864
795196339.250312
795196339.250312
795477547.747583
795385710.822738
795027999.795177
795027999.795177
795010144.890811
795010144.890811
795010144.890811
795010144.890811
795010144.890811
795078717.307199
795078717.307199
795150327.672671
795290177.218248
795290177.218248
795328723.619076
794848699.980018
795750206.13246
795750206.13246
795765483.877783
795765483.877783
795765483.877783
795765483.877783
795818737.478272
795602009.559945
795602009.559945
795602009.559945
795837187.461325
795418541.50796
795605762.778127
795402233.055797
795475498.111887
794950516.435808
794950516.435808
794943586.883093
795247790.519755
795443527.727484
795443527.727484
795443527.727484
795431142.539652
795356233.484413
795356233.484413
795409710.645035
795409710.645035
795106283.754174
795752316.301894
795752316.301894
795752316.301894
795752316.301894
795151777.711532
795151777.711532
795151777.711532
795151777.711532
795151777.711532
795151777.711532
795310398.859604
795310398.859604
795218985.770528
795218985.770528
795218985.770528
795899671.078618
795899671.078618
795063201.320617
795063201.320617
795063201.320617
795093393.377684
795103898.284406
795103898.284406
795103898.284406
795103898.284406
795103898.284406
795103898.284406
795103898.284406
795103898.284406
795103898.284406
795103898.284406
795103898.284406
795103898.284406
795065289.799179
795036927.22396
795036927.22396
794956460.509744
794956460.509744
796038838.720848
795510390.185452
795510390.185452
795510390.185452
795510390.185452
795209485.827444
795158332.008374
795158332.008374
795245382.68278
795153316.290291
795026252.573613
795237128.914189
795238538.035666
795238538.035666
795238538.035666
795238538.035666
795238538.035666
795238538.035666
794786367.864484
794786367.864484
795752839.814473
795630227.97242
795519778.082163
795519778.082163
795519778.082163
795519778.082163
795107256.714781
795107256.714781
795019783.503585
795019783.503585
795019783.503585
795019783.503585
795019783.503585
795036365.867626
795419232.667632
795419232.667632
795566864.121583
795512746.022269
795307599.664474
795074365.849902
794826003.240357
795212790.00194
795195894.139836
795195894.139836
795411933.477356
795411933.477356
795411933.477356
795499335.846625
795466870.231605
795405210.300807
795372432.674204
795372432.674204
795372432.674204
795477653.824701
795477653.824701
795477653.824701
794828517.951944
794828517.951944
794828517.951944
794828517.951944
794962764.540775
794962764.540775
794962764.540775
794962764.540775
794962764.540775
794962764.540775
794962764.540775
794962764.540775
794962764.540775
794736462.896427
794736462.896427
794736462.896427
794736462.896427
794736462.896427
794736462.896427
794736462.896427
794736462.896427
794736462.896427
795111063.047896
795111063.047896
795111063.047896
795171528.047564
794996355.994914
794451492.514224
794451492.514224
794451492.514224
794677015.687979
795106060.207346
795106060.207346
795093091.640648
795093091.640648
795093091.640648
795489777.66013
795489777.66013
795489777.66013
795393758.382585
795393758.382585
795393758.382585
795337117.984437
795340963.566178
795340963.566178
795830286.273695
795830286.273695
795719449.163026
795719449.163026
795532198.741487
795463627.481531
795783821.97263
795409126.946652
795230220.651015
795230220.651015
794986050.134426
794986050.134426
794986050.134426
794986050.134426
794986050.134426
794617922.503918
794617922.503918
794816581.544331
795454063.449675
795184231.395383
795184231.395383
795184231.395383
795184231.395383
795184231.395383
795372181.202388
795372181.202388
795131268.390004
794996007.907591
794766637.98249
794766637.98249
795091272.822885
795091272.822885
795091272.822885
795091272.822885
795520814.580282
795130906.866252
795130906.866252
795130906.866252
795130906.866252
795097384.727393
795097384.727393
795097384.727393
795097384.727393
795097384.727393
795097384.727393
795097384.727393
795279829.973782
795279829.973782
795279829.973782
795279829.973782
795279829.973782
794743432.024749
795271821.493662
795271821.493662
795271821.493662
795274808.591933
795274808.591933
795274808.591933
795274808.591933
795611204.319091
795611204.319091
795611204.319091
795086653.066817
795086653.066817
795086653.066817
795461732.69628
795461732.69628
795711905.522111
794994283.9942
794994283.9942
794994283.9942
795296605.375511
794658602.358832
794658602.358832
794658602.358832
794658602.358832
794658602.358832
794658602.358832
794579567.311809
794579567.311809
795362843.870038
795362843.870038
795214170.960384
795146209.973084
795146209.973084
795430802.131385
795537568.368875
795537568.368875
795537568.368875
795537568.368875
795537568.368875
795625179.131541
795171839.864451
795171839.864451
795171839.864451
794983286.739329
795113847.242632
795113847.242632
795306294.76694
795306294.76694
795306294.76694
795306294.76694
795306294.76694
795306294.76694
795306294.76694
795306294.76694
795306294.76694
795388815.408261
795388815.408261
795388815.408261
795388815.408261
795233780.147448
795233780.147448
795233780.147448
795233780.147448
795259540.847658
795027502.822997
795027502.822997
795027502.822997
795027502.822997
795027502.822997
795166226.244655
795166226.244655
795166226.244655
794784716.633252
794784716.633252
794818544.170059
794818544.170059
795235215.471556
795078688.530508
795059430.685617
795059430.685617
795059430.685617
795059430.685617
794511305.568732
794511305.568732
794511305.568732
794674798.151217
794674798.151217
794674798.151217
794674798.151217
794724377.300609
794724377.300609
794724377.300609
794672057.303645
794809274.135854
795405587.548438
795378064.574376
795378064.574376
795185389.535714
795597449.275134
795516091.354614
795709741.888985
795709741.888985
795709741.888985
795709741.888985
795709741.888985
795709741.888985
795709741.888985
795709741.888985
795441173.378436
795082710.648046
794803971.948529
794803971.948529
795229849.785133
795229849.785133
795229849.785133
795229849.785133
795173541.476259
795173541.476259
795173541.476259
794873795.877409
795253698.035826
795319466.326674
795319466.326674
795319466.326674
795319466.326674
795319466.326674
795319466.326674
795319466.326674
795319466.326674
795319466.326674
795319466.326674
795319466.326674
795319466.326674
795319466.326674
795319466.326674
795436717.715611
795436717.715611
795436717.715611
795436717.715611
795436717.715611
795436717.715611
795244360.050255
795244360.050255
795244360.050255
795244360.050255
795244360.050255
795209680.489757
795209680.489757
795127561.750717
795127561.750717
795127561.750717
795127561.750717
795105616.15312
795235264.67566
795700279.582864
795653495.661523
795705333.215288
795331458.117443
795331458.117443
794973407.453432
794973407.453432
794973407.453432
794849230.754515
794849230.754515
794849230.754515
794849230.754515
794849230.754515
794720327.592763
795247145.988175
795171873.511317
795171873.511317
795171873.511317
795218378.508716
795218378.508716
794675998.731868
794675998.731868
794675998.731868
794675998.731868
794902099.436065
794902099.436065
794902099.436065
794902099.436065
794902099.436065
794902099.436065
794815178.896748
794921318.059358
794921318.059358
794921318.059358
794904679.125442
795192652.174507
794698305.181132
794812066.824412
795229414.983106
795229414.983106
795229414.983106
795327646.803321
794776487.596777
795245339.837926
795385113.170796
795385113.170796
795385113.170796
795385113.170796
795385113.170796
795756089.191115
795756089.191115
795756089.191115
795756089.191115
795756089.191115
795239693.031491
795239693.031491
795239693.031491
795177500.510264
795177500.510264
795177500.510264
795177500.510264
795093963.84831
795090796.286586
795461918.337194
795127685.506778
795520907.469449
795484982.342864
795493116.732644
795322762.06446
795015913.885166
795015913.885166
795015913.885166
794806261.032297
794806261.032297
794806261.032297
795433304.37291
795677846.929
795677846.929
795060255.707783
795450679.337688
795450679.337688
795450679.337688
794732026.873645
794732026.873645
794732026.873645
794732026.873645
794732026.873645
795079186.832945
795079186.832945
795079186.832945
795181267.93119
795181267.93119
795181267.93119
795181267.93119
795181267.93119
795178487.73299
795178487.73299
795178487.73299
795444967.267251
795444967.267251
795269812.772362
795165978.729878
795165978.729878
795165978.729878
795165978.729878
795195945.345728
795314496.837875
795302624.643731
795237568.046042
795237568.046042
795237568.046042
795237568.046042
795237568.046042
795020722.688917
795020722.688917
795020722.688917
795020722.688917
795020722.688917
795020722.688917
795479149.853975
795479149.853975
795479149.853975
795244940.026429
795244940.026429
795362980.60271
795362980.60271
795362980.60271
795015207.842525
795015207.842525
794474699.537916
795249638.762557
794983464.82009
794983464.82009
794808393.034713
794808393.034713
794808393.034713
794808393.034713
794808393.034713
794808393.034713
794808393.034713
795306420.710247
795306420.710247
795267385.457652
795267385.457652
795267385.457652
795352277.209743
795352277.209743
795352277.209743
795352277.209743
795352277.209743
795352277.209743
795352277.209743
795075334.794617
795075334.794617
795075334.794617
795111162.280745
795111162.280745
795111162.280745
795190472.601904
795190472.601904
795190472.601904
795190472.601904
795190472.601904
795190472.601904
794792280.002439
794792280.002439
794792280.002439
794899915.159409
794899915.159409
794899915.159409
794877460.913599
794867805.566914
794867805.566914
794527379.692773
794527379.692773
794527379.692773
794454030.163773
794454030.163773
794773157.905115
795091233.350355
795091233.350355
795077372.8995
795385836.759799
795385836.759799
795385836.759799
795142650.991884
795142650.991884
794814427.899351
794814427.899351
794814427.899351
794814427.899351
795140499.308943
795140499.308943
795140499.308943
795140499.308943
795140499.308943
795370025.000701
795475736.430323
795592326.051403
795560886.381716
795047098.101308
795047098.101308
795047098.101308
795047098.101308
795047098.101308
795241620.75114
795241620.75114
794984945.550799
794984945.550799
795701725.717638
795170107.546223
795170107.546223
795225071.308751
795225071.308751
795380951.841612
795380951.841612
795380951.841612
795292589.933227
794818457.997189
795267371.95747
795267371.95747
795292690.544072
795261712.71307
795261712.71307
795261712.71307
795271511.74424
795271511.74424
795376649.568818
795376649.568818
795486459.595363
795486459.595363
795037663.362384
795020325.578924
795020325.578924
795020325.578924
795020325.578924
795020325.578924
795499983.971382
795499983.971382
795349389.437973
795349389.437973
794876091.549376
795368459.193767
795261111.922495
795261111.922495
795170984.402673
795130826.101792
795011422.073429
795011422.073429
795011422.073429
795215018.554316
794756095.954408
794512295.845858
794512295.845858
794498277.474879
794792406.941005
794792406.941005
795677958.027835
795677958.027835
795297926.188619
795444173.125262
794957177.967615
794957177.967615
794957177.967615
794957177.967615
794957177.967615
795071387.015533
795071387.015533
795071387.015533
795071387.015533
795071387.015533
795071387.015533
795038599.49344
795258625.624333
795258625.624333
795099703.599751
795099703.599751
795099703.599751
795099703.599751
795289988.537455
795213292.126752
795213292.126752
795367311.848937
795367311.848937
795367311.848937
795367311.848937
795367311.848937
795395253.474962
795395253.474962
795901249.14029
795901249.14029
795747406.377926
795747406.377926
796081106.511536
796081106.511536
796081106.511536
794955657.793567
795064446.386597
795790250.263396
795790250.263396
795790250.263396
795790250.263396
795427331.174599
794958902.834472
795325447.405474
795325447.405474
795123045.667441
794826215.616047
794826215.616047
795315921.615532
795315921.615532
795658108.214111
795658108.214111
795658108.214111
794763135.783889
794763135.783889
795307607.830423
795487543.428492
795487543.428492
795236632.099594
795236632.099594
795236632.099594
795236632.099594
795236632.099594
795503394.878202
794858775.382958
794858775.382958
794858775.382958
794858775.382958
794858775.382958
794858775.382958
795311849.195613
795311849.195613
795311849.195613
795311849.195613
795311849.195613
795311849.195613
795311849.195613
795311849.195613
795356120.362141
795356120.362141
795356120.362141
795325179.042387
795239148.114769
795239148.114769
795239148.114769
795669384.233626
795221655.32716
794881968.989089
794881968.989089
795196738.293764
795196738.293764
795196738.293764
795400371.504957
795400371.504957
795279000.920582
795279000.920582
795279000.920582
795656214.178991
795417296.162333
795417296.162333
795417296.162333
795600903.959245
795600903.959245
795600903.959245
795365631.172229
795438623.885868
795438623.885868
795438623.885868
795438623.885868
795212088.491376
795433247.200661
795433247.200661
795433247.200661
794996563.757151
794996563.757151
795245826.985441
795245826.985441
795245826.985441
795245826.985441
795245826.985441
795686600.113426
795686600.113426
795470264.552685
794987761.184632
794995678.737717
795271600.445298
795272778.087861
795272778.087861
795272778.087861
795313054.406331
795313054.406331
795313054.406331
795313054.406331
795313054.406331
795313054.406331
795313054.406331
795421170.447153
795421170.447153
795421170.447153
794982754.786447
795100683.972623
795449362.624437
795449362.624437
795351689.152919
795351689.152919
795351689.152919
795351689.152919
795244774.410957
794866044.169544
794866044.169544
794938952.776869
794938952.776869
794938952.776869
794938952.776869
795469355.820047
795387680.305717
795150716.164513
795167184.524149
795270219.361671
795270219.361671
794799289.369608
794799289.369608
794814119.188837
795357900.063516
795357900.063516
795357900.063516
795443246.522369
795443246.522369
795366775.779272
795397983.583786
795121770.105687
795121770.105687
795121770.105687
795121770.105687
795121770.105687
795121770.105687
795121770.105687
795121770.105687
795121770.105687
795107589.595403
795107589.595403
795107589.595403
795039933.61969
795039933.61969
795296428.164474
795296428.164474
795296428.164474
795296428.164474
795296428.164474
795296428.164474
795411293.943611
795411293.943611
795218649.789425
795218649.789425
795218649.789425
795218649.789425
795218649.789425
795218649.789425
795184470.705074
795184470.705074
795184470.705074
795184470.705074
795184470.705074
795184470.705074
795184470.705074
795184470.705074
795184470.705074
795049886.333325
794712055.968349
794712055.968349
794712055.968349
795490091.975487
795490091.975487
795342489.783797
795342489.783797
795531473.859335
795531473.859335
795531473.859335
795387569.684866
795387569.684866
795435274.934082
795435274.934082
795251326.007965
795251326.007965
795251326.007965
795251326.007965
795251326.007965
795251326.007965
795334168.510388
794817845.592013
794817845.592013
794817845.592013
794817845.592013
794817845.592013
794916133.783337
794916133.783337
794916133.783337
794916133.783337
794916133.783337
794833208.822847
794833208.822847
794833208.822847
794949688.553546
794681257.409221
795164876.366273
794980306.716634
794980306.716634
794980306.716634
795323473.863009
795323473.863009
795323473.863009
795323473.863009
795323473.863009
795323473.863009
795323473.863009
795323473.863009
795323473.863009
794788621.626839
794788621.626839
794788621.626839
794788621.626839
794784847.257104
794784847.257104
794981790.946266
795112614.54424
795112614.54424
795156425.671304
795156425.671304
795042860.093115
795042860.093115
795042860.093115
795042860.093115
794858686.988745
794858686.988745
795116571.27136
794874071.337502
794874071.337502
794874071.337502
794877356.325077
795372847.394949
795372847.394949
795372847.394949
795372847.394949
795578394.557742
795578394.557742
795578394.557742
795635166.730503
795635166.730503
795635166.730503
795522251.151844
795404465.354168
795404465.354168
795177312.856101
795004169.856855
795004169.856855
795004169.856855
795004169.856855
795004169.856855
795004169.856855
795004169.856855
794771020.241461
794891208.206834
794891208.206834
794891208.206834
795247388.673571
795247388.673571
795247388.673571
795162552.253033
795162552.253033
795162552.253033
795162552.253033
795210823.578848
795210823.578848
795210823.578848
795210823.578848
795210823.578848
795210823.578848
795429424.002053
795429424.002053
795429424.002053
795658671.755725
795658671.755725
795224264.595282
795183725.765303
795183725.765303
795353961.004001
795134435.226959
795134435.226959
795059202.04852
795059202.04852
795178575.608297
794970721.722888
794970721.722888
795047173.257158
794713755.472577
795487124.722115
795166214.479872
794886078.719122
794886078.719122
794886078.719122
794852984.494987
795094122.415352
795094122.415352
795296975.908414
795296975.908414
795252503.278728
795252503.278728
795499962.24373
795499962.24373
795499962.24373
795543082.03422
795543082.03422
795487881.087659
795487881.087659
795487881.087659
794994455.449342
794861467.668278
795541907.362888
795432987.380768
795429749.891374
795429749.891374
795429749.891374
795027089.684551
795027089.684551
795020009.129452
794895016.219933
794895016.219933
794950515.118868
795010315.795717
795121658.283184
795121658.283184
795121658.283184
795211492.811741
795211492.811741
795272056.779876
795272056.779876
795272056.779876
795542470.762568
795503652.608962
795503652.608962
795503652.608962
795503652.608962
795503652.608962
795503652.608962
795503652.608962
795503652.608962
795503652.608962
795503652.608962
795503652.608962
795503652.608962
795574708.007511
795574708.007511
795574708.007511
795574708.007511
795574708.007511
795574708.007511
795574708.007511
795574708.007511
795634656.652799
795238631.415382
795238631.415382
795238631.415382
795227521.632317
795227521.632317
795227521.632317
795227521.632317
795227521.632317
795227521.632317
795227521.632317
795227521.632317
795129637.539877
795129637.539877
795131559.464703
795131559.464703
795131559.464703
795131559.464703
795131559.464703
795106465.212113
795106465.212113
795106465.212113
795232779.52038
795232779.52038
795232779.52038
795325899.782479
795325899.782479
795451403.758924
795451403.758924
795451403.758924
795451403.758924
795117486.754862
795117486.754862
795318351.08117
795318351.08117
795405684.813269
795405684.813269
795405684.813269
795405684.813269
795437909.34611
795437909.34611
795437909.34611
795437909.34611
795550663.818658
795494042.562121
795494042.562121
795510785.400418
795510785.400418
795001376.655833
795742899.139419
795742899.139419
795742899.139419
795742899.139419
795742899.139419
795742899.139419
795693284.6136
795490690.111743
795490690.111743
795490690.111743
795123071.198267
795123071.198267
795123071.198267
795123071.198267
795123071.198267
795008616.71734
795733950.705694
795733950.705694
795733950.705694
795733950.705694
795733950.705694
795143887.224082
795323000.581326
795323000.581326
795323000.581326
794716680.355829
794716680.355829
795074015.949177
795074015.949177
795074015.949177
795074015.949177
795074015.949177
795074015.949177
795074015.949177
795074015.949177
795264092.238992
795264092.238992
795598466.515058
795598466.515058
795598466.515058
795598466.515058
795598466.515058
795598466.515058
795435208.489461
795004064.443557
795004064.443557
795004064.443557
795004064.443557
794734540.306634
795129881.725985
795129881.725985
794805852.586364
794805852.586364
795508775.053902
795353690.560524
795353690.560524
795304366.547549
795304366.547549
795304366.547549
795304366.547549
795304366.547549
795304366.547549
795304366.547549
795675893.491835
795675893.491835
795037494.071205
795037494.071205
794918548.987445
794918548.987445
794918548.987445
794918548.987445
794814496.638572
794859542.653506
794859542.653506
794859542.653506
794859542.653506
795825438.545767
795825438.545767
794979899.810138
795228826.557866
795228826.557866
795228826.557866
795318324.498311
795318324.498311
795012949.624352
795152032.834009
795376088.854426
795376088.854426
795376088.854426
795376088.854426
795376088.854426
795376088.854426
795067805.453292
795063911.239102
795057289.573769
795057289.573769
795142371.379454
794630330.095169
794630330.095169
794630330.095169
794630330.095169
794799965.03798
794799965.03798
795363967.703837
795181686.610171
795181686.610171
795271461.86012
795271461.86012
795271461.86012
794981785.696241
794981785.696241
794981785.696241
795244684.393503
795244684.393503
795244684.393503
795244684.393503
795244684.393503
795244684.393503
795447473.658458
795735013.955658
795665844.54059
795665844.54059
794840601.254184
794840601.254184
794840601.254184
794878050.845589
794957898.304614
795181907.201113
795381095.193341
795381095.193341
795381095.193341
795250632.71295
795250632.71295
795250632.71295
795250632.71295
794868436.207963
794868436.207963
794868436.207963
795225785.939162
795225785.939162
795225785.939162
795225785.939162
795343041.436722
795182886.000345
795405863.281405
794932374.680469
794260319.490729
794260319.490729
794260319.490729
794978560.912072
794978560.912072
794978560.912072
794978560.912072
794978560.912072
794978560.912072
794978560.912072
794978560.912072
794978560.912072
794814405.991216
794814405.991216
794814405.991216
794814405.991216
794958266.507847
794958266.507847
794958266.507847
795282697.526219
795282697.526219
795282697.526219
794803235.349379
794803235.349379
794803235.349379
795012254.355632
795364548.392273
794930887.139739
794860363.814553
794860363.814553
794860363.814553
794559724.845039
794559724.845039
794559724.845039
794559724.845039
794559724.845039
794559724.845039
794559724.845039
794559724.845039
794559724.845039
795487490.849975
795254132.623219
795254132.623219
795323095.847362
795323095.847362
795323095.847362
795323095.847362
795323095.847362
795287295.761063
795096811.366149
795096811.366149
795096811.366149
795098480.690711
795098480.690711
795098480.690711
795098480.690711
795098480.690711
795098480.690711
795098480.690711
795098480.690711
795412088.277047
795710298.004458
795575930.084052
795575930.084052
795575930.084052
795575930.084052
795575930.084052
795574217.783122
795293603.854062
794915984.681083
794915984.681083
794915984.681083
794915984.681083
795415786.957778
795415786.957778
795253599.633793
795253599.633793
795253599.633793
795253599.633793
795253599.633793
794907916.526089
794907916.526089
794907916.526089
795153883.653213
795153883.653213
795153883.653213
795398325.778438
795398325.778438
795398325.778438
795384305.157043
795404720.429315
795404720.429315
794878556.883923
794878556.883923
794878556.883923
795027622.498439
795027622.498439
795018747.531432
795112264.280298
795206189.899108
795206189.899108
795206189.899108
795206189.899108
795206189.899108
795206189.899108
795108210.918681
795108210.918681
795108210.918681
795108210.918681
795108210.918681
795108210.918681
795545990.007886
795104204.500507
794895180.332423
795059442.536824
794878452.648508
794878452.648508
794878452.648508
794878452.648508
794878452.648508
794878452.648508
795034175.506517
795034175.506517
795034175.506517
795034175.506517
794805357.250176
794805357.250176
794805357.250176
794805357.250176
794805357.250176
794848611.362587
794946171.390435
794946171.390435
795104009.405857
795231929.582924
795202693.110108
795202693.110108
795488451.235973
795488451.235973
795488451.235973
795488451.235973
795488451.235973
795636170.494791
795510741.746072
795271733.567384
795603115.038584
795603115.038584
794716199.415997
794716199.415997
794875097.803236
794875097.803236
794875097.803236
794875097.803236
794875097.803236
795238556.391403
795238556.391403
795238556.391403
795238556.391403
795220900.031602
795220900.031602
795220900.031602
795220900.031602
795220900.031602
795220900.031602
795220900.031602
794701187.096282
794701187.096282
795097428.335348
795590081.783727
795590081.783727
795590081.783727
795590081.783727
795590081.783727
795590081.783727
795590081.783727
795652695.242099
795652695.242099
795652695.242099
795521255.880924
795521255.880924
795521255.880924
795521255.880924
795521255.880924
795521255.880924
795521255.880924
795521255.880924
795521255.880924
795538127.640679
795538127.640679
795538127.640679
795517165.630621
795835963.867892
795835963.867892
795489780.113276
795489780.113276
795489780.113276
795089617.223836
795089617.223836
795089617.223836
795089617.223836
795089617.223836
795089617.223836
795089617.223836
795089617.223836
795089617.223836
795514213.624761
795043621.666052
795358809.337345
795358809.337345
795598507.091635
795598507.091635
795598507.091635
795598507.091635
795598507.091635
795598507.091635
795598507.091635
795504563.182916
795504563.182916
795504563.182916
795504563.182916
795313378.103534
794716679.771182
794769984.061161
794832837.081607
795426529.625217
795389593.549426
795389593.549426
795389593.549426
795389593.549426
795591056.585434
795182168.520239
795287113.526632
795287113.526632
795287113.526632
795346382.021484
795346382.021484
795346382.021484
795346382.021484
795346382.021484
795285177.036661
795267055.401003
795267055.401003
794659292.567498
795518803.270675
795103662.777931
795103662.777931
794734034.87319
795413000.038381
794874835.608095
794874835.608095
795153745.980038
795153745.980038
795153745.980038
794579761.705403
794579761.705403
794628939.427023
794628939.427023
794628939.427023
794628939.427023
794628939.427023
794628939.427023
794628939.427023
794628939.427023
795149007.259732
795149007.259732
795149007.259732
795149007.259732
795149007.259732
795149007.259732
795150210.631309
795150210.631309
795011919.79043
794831198.134029
795610141.535292
795610141.535292
795610141.535292
795610141.535292
795610141.535292
795455477.154906
795455477.154906
795455477.154906
795455477.154906
795455477.154906
795455477.154906
795391768.846063
795277070.346701
795102435.007995
795110512.787707
795110512.787707
795110512.787707
795390418.191624
795390418.191624
795390418.191624
795295495.511637
795295495.511637
794971687.703224
794971687.703224
795316979.546195
795403806.678737
795403806.678737
795403806.678737
795403806.678737
795403806.678737
795403806.678737
795403806.678737
795450370.95849
795450370.95849
795450370.95849
795450370.95849
795450370.95849
794701085.846905
794701085.846905
794701085.846905
794699046.672586
794699046.672586
794805751.95055
794805751.95055
794805751.95055
794805751.95055
794805751.95055
794805751.95055
794805751.95055
794805751.95055
794805751.95055
794805751.95055
795152782.914455
795152782.914455
795121908.921851
795121908.921851
795121908.921851
795121908.921851
794759370.723816
794759370.723816
795283118.547469
795283118.547469
795283118.547469
795283118.547469
795283118.547469
795283118.547469
795283118.547469
795137215.787194
795137215.787194
795357824.113004
795357824.113004
795357824.113004
795357824.113004
795357824.113004
795357824.113004
795357824.113004
794988720.538794
795793459.196187
795793459.196187
795793459.196187
795793459.196187
795725484.208129
794984271.208918
794984271.208918
794984271.208918
794752552.262027
794752552.262027
794873974.109408
794873974.109408
794873974.109408
795421349.053931
795070737.115379
795329284.49306
795712326.310333
795712326.310333
795712326.310333
795712326.310333
795755268.581162
795610534.215152
795655392.504498
795627714.067732
795377903.242064
795377903.242064
795377903.242064
795377903.242064
795377903.242064
795377903.242064
795119225.033434
795119225.033434
795119225.033434
795482671.349043
795482671.349043
795333339.710951
795066833.792703
794934750.542006
795275314.483749
795275314.483749
795570374.464427
795570374.464427
795011599.966317
795011599.966317
795011599.966317
795011599.966317
795011599.966317
795019654.823848
794914746.211724
794914746.211724
794914746.211724
794914746.211724
794625156.161415
794625156.161415
794915128.250554
794662064.990226
794662064.990226
795059380.888294
795059380.888294
795820691.984201
795820691.984201
795465750.710469
795465750.710469
795465750.710469
795465750.710469
795465750.710469
795465750.710469
795543789.185214
795543789.185214
795543789.185214
795543789.185214
795596703.885516
795596703.885516
795392880.379402
795392880.379402
795833890.616564
795833890.616564
795772406.397948
795772406.397948
795772406.397948
795772406.397948
795631755.50387
795631755.50387
795797910.387628
795797910.387628
795613465.675579
795613465.675579
795673891.329733
795673891.329733
795183241.535729
795309604.988889
795309604.988889
795534487.810222
795534487.810222
795534487.810222
794702469.206499
794702469.206499
794702469.206499
795128579.556923
795128579.556923
795152542.992776
795152542.992776
795152542.992776
795152542.992776
795152542.992776
795152542.992776
795152542.992776
795152542.992776
795152542.992776
795039767.391368
795039767.391368
795039767.391368
795039767.391368
795039767.391368
795355529.319873
795372513.74499
795372513.74499
795372513.74499
795372513.74499
795372513.74499
795372513.74499
795372513.74499
795372513.74499
795166960.507472
794933962.124459
794933962.124459
794933962.124459
794933962.124459
794933962.124459
794933962.124459
794887391.53995
794887391.53995
794887391.53995
794887391.53995
794887391.53995
794887391.53995
795079621.908941
795400036.124299
795696584.429802
795408717.622145
795408717.622145
795408717.622145
795408717.622145
795408717.622145
795129270.354145
795129270.354145
795129270.354145
794963851.094426
794963851.094426
794963851.094426
795223366.910904
795223366.910904
795223366.910904
795695255.873229
795695255.873229
795695255.873229
795695255.873229
795695255.873229
795695255.873229
795695255.873229
795790800.83316
795833285.547209
795833285.547209
795062007.4199
795062007.4199
795062007.4199
795062007.4199
795062007.4199
795062007.4199
795062007.4199
795062007.4199
795062007.4199
795062007.4199
795062007.4199
795062007.4199
795268050.105387
795268050.105387
795279019.653156
795279019.653156
795279019.653156
795416443.779825
795416443.779825
795594507.058108
795594507.058108
795594507.058108
795405140.586977
795766018.196973
795589651.52234
795156449.271406
795156449.271406
795156449.271406
795156449.271406
795156449.271406
795121611.131109
795014956.027981
795171215.029096
795171215.029096
795171215.029096
795171215.029096
795171215.029096
795171215.029096
794774364.457543
795098250.828341
794992749.210689
794992749.210689
794992749.210689
794992749.210689
795344065.054418
795344065.054418
795344065.054418
795344065.054418
795744426.002774
795738139.208989
794844177.386971
794844177.386971
794844177.386971
794844177.386971
795827912.105001
795827912.105001
795827912.105001
795386228.487972
795366008.234022
795366008.234022
795674959.626983
795674959.626983
795275658.098408
795275658.098408
795275658.098408
795060790.643738
795060790.643738
795165973.08945
795165973.08945
795491359.42587
795491359.42587
795491359.42587
795491359.42587
795491359.42587
795491359.42587
795491359.42587
795491359.42587
795491359.42587
795491359.42587
795491359.42587
795039522.861199
795039522.861199
795289432.51594
794805458.197514
794805458.197514
794805458.197514
794805458.197514
795019447.022486
795019447.022486
795019447.022486
795050965.458319
795050965.458319
795050965.458319
795050965.458319
795266689.096518
795502806.587001
795502806.587001
795565112.097239
795515988.071569
795515988.071569
795515988.071569
795515988.071569
795515988.071569
795336230.108406
794903274.456624
794903274.456624
795286700.985465
795286700.985465
795286700.985465
795644940.114672
795756977.43642
795756977.43642
795756977.43642
795756977.43642
795756977.43642
795756977.43642
795756977.43642
795124909.052334
795124909.052334
794672698.48745
794672698.48745
795072011.040933
795170264.04913
795170264.04913
795170264.04913
795535722.59205
795535722.59205
795535722.59205
795544236.567243
795544236.567243
795544236.567243
795544236.567243
795576852.576706
795424720.379043
795424720.379043
795287095.389639
795287095.389639
795276371.475355
795253605.808003
795253605.808003
795253605.808003
795390177.647875
795209716.464576
795071807.273854
795071807.273854
795095927.851615
795133676.523985
795133676.523985
795133676.523985
795133676.523985
794918613.251269
794918613.251269
794904812.665712
794904812.665712
795038280.695839
795038280.695839
795330360.755159
795046099.737583
795046099.737583
795241741.940514
795241741.940514
795126224.677826
795302203.020316
795302203.020316
795302203.020316
795302203.020316
795302203.020316
795302203.020316
795302203.020316
795302203.020316
795302203.020316
795341085.071987
795341085.071987
795341085.071987
795341085.071987
795341085.071987
795341085.071987
795341085.071987
795341085.071987
795341085.071987
794827455.631081
794827455.631081
794827455.631081
795050175.398324
795050175.398324
795050175.398324
795050175.398324
795050175.398324
795050175.398324
795050175.398324
795061213.313892
795061213.313892
795061213.313892
795061213.313892
795061213.313892
795061213.313892
795061213.313892
795061213.313892
795131166.475336
795131166.475336
795131166.475336
795131166.475336
795131166.475336
794951701.980505
794951701.980505
794951701.980505
794951701.980505
795477201.729316
794792359.774026
794792359.774026
794904592.78922
794884777.008744
794752908.233477
794842855.584137
794842855.584137
795233160.667365
795233160.667365
795233160.667365
795233160.667365
795233160.667365
795042135.775478
795002433.003616
795002433.003616
794837451.703923
795143632.764547
795404305.651319
795404305.651319
795404305.651319
795404305.651319
795404305.651319
795404305.651319
795404305.651319
795404305.651319
795404305.651319
795233667.829337
795202647.886596
795202647.886596
795202647.886596
795115324.938738
795002379.325283
794995605.677805
794915582.105633
794932542.840199
794932542.840199
794932542.840199
794932542.840199
795163891.252537
795163891.252537
794837832.032545
794837832.032545
795309939.12545
795309939.12545
795309939.12545
795062831.129774
795062831.129774
795124100.274419
795124100.274419
795124100.274419
795124100.274419
795040154.176849
795040154.176849
795153836.423919
795153836.423919
795153836.423919
795194450.735243
795194450.735243
795102263.090946
795102263.090946
795102263.090946
795102263.090946
795102263.090946
795557719.658424
795557719.658424
795557719.658424
795557719.658424
795557719.658424
795557719.658424
795557719.658424
795557719.658424
795557719.658424
795557719.658424
795557719.658424
795557719.658424
795557719.658424
794991950.796628
795143618.618674
795143618.618674
795143618.618674
795143618.618674
795143618.618674
794945712.850315
795111720.601116
795115942.652403
795115942.652403
795115942.652403
795115942.652403
795115942.652403
795497413.216951
795497413.216951
795497413.216951
795497413.216951
795497413.216951
795497413.216951
795497413.216951
795497413.216951
795497413.216951
795497413.216951
795497413.216951
795497413.216951
795297322.803878
795422478.237856
795395767.263469
795155446.770279
795243697.536544
795243697.536544
795344260.318245
794726877.834121
794955302.042617
795243439.609093
795086766.20779
795589660.784974
795272179.77646
795272179.77646
795272179.77646
795355227.017151
795518656.354811
795518656.354811
795753073.619884
795609764.632719
795609764.632719
795609764.632719
794980513.028478
794980513.028478
794980513.028478
794925282.988447
794925282.988447
794925282.988447
794925282.988447
795411567.242848
795561727.420395
795561727.420395
795561727.420395
795561727.420395
795561727.420395
795372520.50016
795416366.607661
795394765.629588
795394765.629588
795394765.629588
794757123.091504
794757123.091504
794757123.091504
794788248.812513
794788248.812513
794788248.812513
794788248.812513
794935482.677269
794935482.677269
795200874.342818
795200874.342818
795677924.613889
795677924.613889
795218607.783258
794617120.503529
794923823.283534
794923823.283534
794923823.283534
794923823.283534
794923823.283534
794923823.283534
795105479.733117
795105479.733117
795105479.733117
795210865.943613
795500407.173001
795500407.173001
794964439.373239
794507929.201041
794914654.849343
794568829.007454
794826923.824845
794975342.817688
795038639.273081
795038639.273081
795233421.905783
795378391.245298
795378391.245298
795378391.245298
795380156.653244
795380156.653244
795380156.653244
795380156.653244
795380156.653244
795380156.653244
795251826.45029
795251826.45029
795087645.106021
795103524.337816
795103524.337816
795103524.337816
795453850.321934
795484758.648596
795484758.648596
795484758.648596
795484758.648596
795226867.649362
795034975.574675
795034975.574675
795034975.574675
795550815.824699
795550815.824699
795152187.299634
794985741.585563
794985741.585563
795334659.524481
795334659.524481
795330868.046001
795330868.046001
795330868.046001
795440392.461957
795470323.076633
795470323.076633
795470323.076633
795470323.076633
795470323.076633
795470323.076633
795470323.076633
795386494.392057
795027234.324608
795027234.324608
794830150.940979
794830150.940979
794563516.071495
794563516.071495
794563516.071495
794563516.071495
795099508.272156
795099508.272156
795099508.272156
795099508.272156
795099508.272156
795352512.734746
794448444.24959
794448444.24959
794448444.24959
794448444.24959
794448444.24959
794448444.24959
794448444.24959
794448444.24959
794448444.24959
794542945.345039
794533167.71091
794533167.71091
794533167.71091
794533167.71091
794429235.143785
794429235.143785
794761203.192594
794761203.192594
794761203.192594
794526866.319808
794526866.319808
794526866.319808
794526866.319808
794526866.319808
794526866.319808
794526866.319808
794526866.319808
794526866.319808
794816044.963194
794816044.963194
794684276.124759
794756615.903823
795361780.574477
794945081.770609
794754813.292823
795393541.690922
795393541.690922
795393541.690922
795393541.690922
794976778.413124
794976778.413124
794976778.413124
794636185.381507
795033422.746144
795033422.746144
794902290.129866
794977605.744642
794963416.299701
794724310.187783
794724310.187783
794724310.187783
794724310.187783
794724310.187783
794905299.457844
794905299.457844
794905299.457844
794963252.527947
794963252.527947
795610849.363375
795610849.363375
795153409.477454
795153409.477454
795153409.477454
795149804.704111
795149804.704111
794696861.133877
794696861.133877
794696861.133877
794887161.39555
794887161.39555
795046228.83872
795046228.83872
795077214.517453
795077214.517453
795077214.517453
795077214.517453
795077214.517453
795077214.517453
795077214.517453
795077214.517453
795077214.517453
795402108.441132
795585582.890602
795367102.258433
795368330.071281
795368330.071281
795149132.368081
794916111.869411
795115496.917114
795252846.572526
795252846.572526
795252846.572526
795252846.572526
795252846.572526
795252846.572526
795421836.926093
795421836.926093
795435661.53108
795511914.801543
795511914.801543
795511914.801543
794990149.91282
795186574.691511
794597437.223055
794928941.915208
794928941.915208
794928941.915208
794928941.915208
794928941.915208
794968476.312753
794968476.312753
795521574.780932
795521574.780932
795674614.130277
795674614.130277
795674614.130277
795674614.130277
795674614.130277
795674614.130277
795674614.130277
795674614.130277
796161156.044967
795389813.269586
795389813.269586
795389813.269586
795274440.564264
795202606.664897
795202606.664897
795202606.664897
795317372.784025
795317372.784025
795614127.50877
795614127.50877
794989658.936319
795123556.35357
795123556.35357
795169601.159137
795249534.677305
795249534.677305
795370565.137942
795370565.137942
795453104.653685
795453104.653685
795453104.653685
795453104.653685
795453104.653685
795453104.653685
795472160.516373
795472160.516373
795472160.516373
795472160.516373
795564576.758759
795564576.758759
795061619.748869
795061619.748869
795061619.748869
795332192.043096
795332192.043096
795332192.043096
795263269.113751
795263269.113751
795286310.872463
794988021.843829
794988021.843829
794988021.843829
794988021.843829
795084930.520722
795084930.520722
795084930.520722
795084930.520722
795084930.520722
795084930.520722
795084930.520722
795084930.520722
795205707.989689
795280513.361559
795280513.361559
795280513.361559
795280513.361559
795648027.178518
795648027.178518
795648027.178518
795648027.178518
795648027.178518
795771953.376577
795555767.18391
795555767.18391
795739635.911173
795426131.783659
795426131.783659
795426131.783659
795426131.783659
795426131.783659
795558517.031592
795465071.006295
795465071.006295
795448394.181225
795004743.171446
794965207.625728
794640090.398386
794640090.398386
794431000.028283
794431000.028283
794660306.281573
795346615.645345
795052504.843209
795188439.996923
794963583.262884
794963583.262884
794963583.262884
795226701.343175
795372604.230005
795372604.230005
795372604.230005
795372604.230005
795014548.618547
795014548.618547
794924861.340941
795148556.723756
795148556.723756
795148556.723756
794959219.594516
794859193.364256
795620846.624217
795448020.335832
795537957.534111
795537957.534111
795596187.57278
795596187.57278
795665176.653296
795665176.653296
795665176.653296
795665176.653296
795665176.653296
795540470.605922
795058996.730915
795758175.415536
795758175.415536
795307738.682215
795307738.682215
795307738.682215
795307738.682215
795307738.682215
795403492.756519
795311468.75555
795064707.992341
795064707.992341
795254294.509086
795260866.365587
795260866.365587
795905951.558429
795834312.102187
795834312.102187
795176011.835804
795117226.584539
795117226.584539
795111112.012496
795111112.012496
795111112.012496
795111112.012496
795111112.012496
795156296.462766
795156296.462766
795156296.462766
795055818.150479
794976024.698186
794920775.437123
794822649.454895
794822649.454895
795495116.179373
795545058.124095
795322584.979532
794944297.931059
795328153.366824
795250495.644092
795250495.644092
795250495.644092
795130928.303894
795130928.303894
795130928.303894
795130928.303894
795130928.303894
795061706.008831
794967259.261265
794967259.261265
794967259.261265
795179085.67923
795179085.67923
795179085.67923
795179085.67923
794719866.043694
794914728.987745
794914728.987745
795227156.296826
795227156.296826
795227156.296826
795227156.296826
795227156.296826
795227156.296826
794932525.384246
794930564.055413
794930564.055413
794930564.055413
794930564.055413
794930564.055413
794930564.055413
794930564.055413
794809161.074838
794809161.074838
794809161.074838
794889494.757414
794889494.757414
794889494.757414
794936101.910155
794936101.910155
794936101.910155
794876249.308039
794876249.308039
794876249.308039
794876249.308039
794876249.308039
795313323.193242
795313323.193242
794622969.922269
794727114.295436
794683206.233988
794683206.233988
794683206.233988
794683206.233988
794683206.233988
794683206.233988
794683206.233988
795002695.019387
795002695.019387
795002695.019387
795002695.019387
795146134.808692
795146134.808692
795174772.185148
795019877.883766
794807843.420205
794807843.420205
795506657.388565
795354293.471851
795354293.471851
795462600.798351
795462600.798351
795462600.798351
795462600.798351
795359724.389321
795359724.389321
795538894.25592
795416140.812632
795416140.812632
795416140.812632
795312604.678881
795265203.863285
795713134.802676
794934117.178612
795168233.222626
795411325.848348
795174807.222868
795174807.222868
795003857.490441
795003857.490441
795003857.490441
795003857.490441
795003857.490441
794976954.762427
794976954.762427
794976954.762427
794976954.762427
794976954.762427
794976954.762427
794976954.762427
795040805.678764
795040805.678764
795040805.678764
795125670.976304
795125670.976304
795125670.976304
795108170.756438
795108170.756438
795108170.756438
795108170.756438
794712602.841841
794712602.841841
794712602.841841
794712602.841841
794524064.820553
794524064.820553
794524064.820553
794524064.820553
795121288.685197
794895263.091908
795446275.227314
795446275.227314
795217136.328531
795217136.328531
795217136.328531
794947827.226623
794947827.226623
794707644.543246
794707644.543246
794707644.543246
794707644.543246
794707644.543246
794707644.543246
794707644.543246
794707644.543246
794817766.812014
794817766.812014
794817766.812014
794817766.812014
794817766.812014
794817766.812014
795327652.597669
795327652.597669
795651290.12747
795651290.12747
795619969.501953
795511936.864764
795511936.864764
795511936.864764
795511936.864764
795547652.417639
795435053.857003
795435053.857003
795131561.148548
795131561.148548
795131561.148548
795131561.148548
794681695.109953
795556851.591217
795556851.591217
795814464.049988
795814464.049988
795814464.049988
795314581.604771
795247088.846634
795247088.846634
795161235.337078
795161235.337078
795161235.337078
794957791.523197
794957791.523197
795055797.915224
794984905.854761
794984905.854761
794984905.854761
794875929.254332
794875929.254332
794875929.254332
794875929.254332
794875929.254332
794875929.254332
795225350.98587
795007309.330019
795007309.330019
795318925.523804
795318925.523804
795476920.287561
795476920.287561
795476920.287561
795520623.501091
795520623.501091
795520623.501091
795520623.501091
795520623.501091
795567451.924563
795567451.924563
795370100.636104
795370100.636104
795370100.636104
795370100.636104
795370100.636104
795370100.636104
795370100.636104
795370100.636104
795370100.636104
795370100.636104
795370100.636104
795370100.636104
795370100.636104
795274879.413869
795274879.413869
795282876.709159
795282876.709159
795282876.709159
795282876.709159
795282876.709159
795282876.709159
795282876.709159
794941878.102653
794941878.102653
794941878.102653
794941878.102653
795027957.83863
795027957.83863
794651538.682988
794508808.44884
794508808.44884
794617571.773806
794666386.898517
794320737.01853
794433596.313985
794496612.977548
794496612.977548
794654739.925445
794654739.925445
794789338.920962
794789338.920962
794789338.920962
794789338.920962
794781059.980811
794781059.980811
794781059.980811
794839466.389746
794839466.389746
794839466.389746
794839466.389746
794839466.389746
794724669.144197
794983808.158836
794983808.158836
795383130.788875
795383130.788875
795383130.788875
795383130.788875
795270348.777801
795270348.777801
795270348.777801
795270348.777801
795235712.005486
795198593.845297
795174973.928351
795174973.928351
795174973.928351
795178635.692761
795178635.692761
795178635.692761
795178635.692761
795725569.48692
795120438.903983
795120438.903983
795120438.903983
794803103.488955
795354443.411571
795354443.411571
795133400.758036
795133400.758036
795032597.855563
794982477.876858
794982477.876858
794982477.876858
794982477.876858
794982477.876858
794982477.876858
794982477.876858
794982477.876858
794551630.025497
794551630.025497
794551630.025497
795077737.696281
795077737.696281
795077737.696281
795423600.957972
795423600.957972
795279588.684004
795279588.684004
795279588.684004
795279588.684004
795272774.110737
795272774.110737
795272774.110737
795272774.110737
794860357.280245
794860357.280245
794860357.280245
794860357.280245
794860357.280245
795121659.439227
795121659.439227
795121659.439227
795121659.439227
794840197.782037
794682356.627613
795064917.780126
795064917.780126
795064917.780126
795136272.286789
795197850.048652
795197850.048652
795197850.048652
794666054.844651
794604871.828414
794954960.615385
794954960.615385
795123593.75454
795123593.75454
795428010.615041
795428010.615041
795428010.615041
795212868.072163
795212868.072163
795380061.561297
795108066.253621
795108066.253621
795072081.502184
795072081.502184
795072081.502184
795072081.502184
795072081.502184
795072081.502184
795072081.502184
795384728.345603
795678465.33016
795678465.33016
795566226.192978
795151646.301911
795151646.301911
795515127.505443
795515127.505443
795515127.505443
795515127.505443
795697868.83877
794966843.938309
794717459.816428
794730656.004969
794730656.004969
794696825.538243
795239519.348092
795239519.348092
795239519.348092
795559378.587545
795559378.587545
795559378.587545
794904065.931883
794904065.931883
794904065.931883
794700910.119773
794839393.41714
794839393.41714
794839393.41714
794839393.41714
795012043.150324
795012043.150324
795169094.061838
795169094.061838
795169094.061838
794889341.592848
794889341.592848
794924490.868903
794939846.845748
795564209.62732
795564209.62732
795563128.937044
795110318.5544
795254931.566307
795533713.247722
795533713.247722
795533713.247722
795533713.247722
795533713.247722
795533713.247722
795339564.770081
795339564.770081
795339564.770081
795339564.770081
795339564.770081
795339564.770081
795395581.162734
795395581.162734
795375042.278442
795375042.278442
795375042.278442
795375042.278442
795392295.213545
795302907.302452
795302907.302452
795302907.302452
795302907.302452
795332063.13882
795332063.13882
794877754.171863
795233994.824185
794938339.731714
794938339.731714
795041562.927883
795024988.975522
795320739.189835
795320739.189835
795320739.189835
795562279.57522
795562279.57522
795829201.848341
795829201.848341
795630652.513428
795630652.513428
795630652.513428
795521435.693265
795919969.71135
795919969.71135
795853697.608516
795853697.608516
795853697.608516
795499018.146584
795245691.887224
795245691.887224
795411687.754002
795413061.618286
795652864.904296
795652864.904296
795652864.904296
795652864.904296
795652864.904296
795816555.451848
795276043.637552
795276043.637552
795276043.637552
795276043.637552
795276043.637552
794937663.844167
794937663.844167
795612035.551426
795612035.551426
795612035.551426
795500647.128619
795107720.131611
794989310.401513
794989310.401513
795317749.607511
795317749.607511
795317749.607511
795350463.068409
795395328.341377
795395328.341377
795395328.341377
795178437.772887
795178437.772887
795178437.772887
795178437.772887
795161059.544014
795161059.544014
795161059.544014
795161059.544014
795161059.544014
795216119.669406
795216119.669406
794861800.249014
794861800.249014
794900228.80128
794481717.633498
794492619.678435
795643986.82804
795014945.298885
795014945.298885
795014945.298885
795014945.298885
795261278.137471
795261278.137471
795261278.137471
795398796.842074
795398796.842074
795398796.842074
795398796.842074
795398796.842074
795292308.019084
795292308.019084
795698907.90027
795698907.90027
795698907.90027
795698907.90027
795389872.191024
795198645.858125
795198645.858125
795198645.858125
795275343.768496
795275343.768496
795361628.289339
795361628.289339
795361628.289339
795172607.749327
795406324.722226
795368606.236173
794560451.653727
794560451.653727
794979653.872375
794979653.872375
794979653.872375
794979653.872375
795119559.816405
794986844.961812
795250249.28494
795250249.28494
795257489.976256
795303983.011035
795522928.312942
794437072.583787
794437072.583787
795506546.54702
795506546.54702
795506546.54702
794934133.511432
794934133.511432
795174846.516741
795174846.516741
795083401.364645
795043672.712335
795090030.732984
795090030.732984
795090030.732984
795090030.732984
795090030.732984
794882105.040407
794882105.040407
794882105.040407
794882105.040407
794882105.040407
795250144.405238
795250144.405238
795250144.405238
795253529.70576
795357072.545279
795357072.545279
795151522.356025
795151522.356025
795026813.432186
795108516.447081
794697321.341259
794687925.698366
794636637.030528
795552070.81685
795552070.81685
795173896.644256
795173896.644256
795173896.644256
795173896.644256
794722436.171955
795256698.733986
795256698.733986
795256698.733986
795401410.996855
795401410.996855
795491887.47343
795491887.47343
795491887.47343
795491887.47343
795491887.47343
795491887.47343
795491887.47343
795491887.47343
795491887.47343
795491887.47343
795491887.47343
795565538.844468
795508197.558242
795168194.549159
795634495.63426
795634495.63426
795634495.63426
795105889.835796
794970594.532841
794970594.532841
794970594.532841
794970594.532841
794970594.532841
794970594.532841
794970594.532841
794970594.532841
794970594.532841
795196197.526052
795196197.526052
795483988.756353
795313786.240743
794828602.807669
795005185.151916
795023039.328315
794790360.14128
795179306.464149
795072840.907281
795072840.907281
794942332.256851
794942332.256851
794773215.193995
795369719.026272
795360924.683971
795360924.683971
795360924.683971
795360924.683971
795360924.683971
795360924.683971
795360924.683971
795789345.526924
795027424.106613
795027424.106613
795027424.106613
795027424.106613
794821619.514399
794821619.514399
794993915.225054
794819602.43925
794819602.43925
794819602.43925
795163278.680436
795163278.680436
795956790.465266
795108867.269059
794592963.078727
794555029.135869
794555029.135869
794275234.514307
793896296.865075
794466333.025113
794466333.025113
794466333.025113
794724438.129487
794809385.209768
794809385.209768
794809385.209768
794809385.209768
794784870.020291
794784870.020291
794784870.020291
794772667.878244
794772667.878244
794772667.878244
794825497.840306
794845078.856187
794868182.314959
795449684.6143
795449684.6143
795175414.006242
795175414.006242
795529961.4664
795529961.4664
795529961.4664
795581756.315632
795819932.364077
795819932.364077
795819932.364077
795677619.305124
795677619.305124
795677619.305124
795731731.814971
795731731.814971
795731731.814971
795731731.814971
795731731.814971
795400309.882417
795813732.914675
795813732.914675
795645024.28705
795293744.053273
795595723.215721
795232364.100842
795232364.100842
795175147.827628
795175147.827628
795175147.827628
795175147.827628
795175147.827628
795298129.419414
795263000.997352
795058581.60177
795058581.60177
795289974.414707
795289974.414707
795289974.414707
795252321.638416
795252321.638416
795252321.638416
795302494.966665
795812348.652372
795812348.652372
795292391.164691
794951223.803253
794961865.639112
794961865.639112
794961865.639112
795152434.585532
795152434.585532
795152434.585532
795104100.336339
794874097.880753
794874097.880753
794711376.031133
794523346.86503
794862697.138772
794862697.138772
794862697.138772
794862697.138772
794862697.138772
794862697.138772
794862697.138772
795132985.753676
794691224.360151
794959159.63034
794959159.63034
794833779.030941
795257321.788722
795402004.385628
795402004.385628
795402004.385628
795402004.385628
795609540.486944
795136438.971665
795136438.971665
795136438.971665
795136438.971665
795136438.971665
795136438.971665
795136438.971665
795136438.971665
795136438.971665
795136438.971665
795136438.971665
795136438.971665
795136438.971665
794899114.749204
795226048.240984
795226048.240984
795226048.240984
795030180.370306
795187952.529114
795187952.529114
795187952.529114
795187952.529114
795187952.529114
795187952.529114
795162719.16956
795162719.16956
795162719.16956
795456762.254884
795456762.254884
795456762.254884
795456762.254884
795376729.0983
795376729.0983
795376729.0983
795770046.457385
795505997.627667
795505997.627667
795505997.627667
795505997.627667
795113257.640213
795068109.327441
795254831.481893
795254831.481893
794841125.867813
794777323.46946
794777323.46946
795236951.867891
795216117.359416
794730621.924818
794730621.924818
794966731.596689
794966731.596689
794966731.596689
794966731.596689
794966731.596689
794966731.596689
794966731.596689
794966731.596689
794966731.596689
794966731.596689
795465909.519862
795278697.22602
795278697.22602
794877893.69448
795185239.469991
795185239.469991
795185239.469991
794723215.350126
795034646.497321
795034646.497321
795034646.497321
795574356.046851
795524596.381743
794799039.501556
795173685.666653
795173685.666653
795321752.694219
795321752.694219
795321752.694219
795321752.694219
795321752.694219
795321752.694219
795567374.071083
795567374.071083
795014347.933412
795218384.142641
795365840.983884
794819590.0042
795016143.595504
794906819.256187
794906819.256187
794906819.256187
795179683.454799
795179683.454799
795179683.454799
795179683.454799
795179683.454799
795179683.454799
795179683.454799
795509317.461676
795416363.265955
795256918.242513
795533464.732017
795469161.531433
795469161.531433
795693784.573813
795693784.573813
795693784.573813
795693784.573813
795418359.903253
795418359.903253
795091599.557616
795639269.306055
795595157.385371
795488751.916582
795488751.916582
795276731.826504
795276731.826504
795276731.826504
795830798.487972
795564701.506579
795694436.016738
795694436.016738
795694436.016738
795694436.016738
795109273.375652
795109273.375652
795228306.527373
795228306.527373
795073842.948989
795073842.948989
795095424.19406
795095424.19406
795095424.19406
795095424.19406
795124153.564357
795124153.564357
795124153.564357
795124153.564357
795124153.564357
795124153.564357
795089276.279393
795353453.575353
794811869.435397
794811869.435397
794811869.435397
794811869.435397
795149800.464175
795149800.464175
795149800.464175
795149800.464175
795149800.464175
795149800.464175
795216842.714515
795216842.714515
794993323.468849
794951394.438658
794965941.837044
794965941.837044
794965941.837044
795662042.815596
795662042.815596
795662042.815596
795662042.815596
795662042.815596
795662042.815596
795662042.815596
795172041.101102
795172041.101102
795127931.416787
795127931.416787
795127931.416787
795127931.416787
795004449.118242
795336340.741529
795336340.741529
795336340.741529
795336340.741529
795108964.630878
795108964.630878
795108964.630878
795108964.630878
795382810.971678
795382810.971678
795383391.966093
795286643.564934
795286643.564934
795286643.564934
795286643.564934
795286643.564934
795286643.564934
795417760.386037
795417760.386037
795227179.473587
795431055.613776
795431055.613776
795431055.613776
795566376.67594
795484534.169819
796037934.88861
795576603.247899
795229399.310493
795229399.310493
795229399.310493
795229399.310493
795229399.310493
795313314.284186
795313314.284186
795313314.284186
795313314.284186
795105054.118933
795105054.118933
795076614.131696
795437611.767989
795176340.005856
795073591.981436
795073591.981436
794585395.520777
794585395.520777
795084622.401639
795084622.401639
795116132.552893
795213395.59915
795213395.59915
794992135.894185
794844257.869162
794844257.869162
794844257.869162
794844257.869162
795334123.322795
795526281.328417
795526281.328417
795526281.328417
795526281.328417
795526281.328417
795380707.600245
795380707.600245
795356987.582467
795356987.582467
795356987.582467
795356987.582467
795516570.255072
795516570.255072
795516570.255072
795516570.255072
795059657.34447
795059657.34447
795059657.34447
795059657.34447
795059657.34447
795059657.34447
795022257.015497
795022257.015497
795377778.227931
795377778.227931
795377778.227931
795377778.227931
795377778.227931
795077097.790702
795077097.790702
795694716.168487
795317146.632437
795028134.554541
795229192.716886
795229192.716886
795229192.716886
795229192.716886
795229192.716886
795229192.716886
795229192.716886
795229192.716886
795320659.244252
795320659.244252
795053094.315279
795053094.315279
795053094.315279
795053094.315279
795053094.315279
795053094.315279
794774150.310202
794882232.532002
794882232.532002
794882232.532002
794616419.016033
794882331.498087
794882331.498087
795308671.216685
795262694.869038
795262694.869038
795262694.869038
795262694.869038
795262694.869038
795671751.165309
795671751.165309
795671751.165309
795671751.165309
795399139.076581
794967488.980217
795233742.673047
795233742.673047
795233742.673047
795233742.673047
795078267.504284
795094680.779438
795094680.779438
795094680.779438
795342620.718897
795342620.718897
795342620.718897
795342620.718897
795342620.718897
795408976.388043
795337267.124466
795337267.124466
795337267.124466
795337267.124466
795208158.509539
794846799.700269
795015303.660049
795015303.660049
795015303.660049
795444320.721943
795444320.721943
795122011.25404
795445581.573774
795445581.573774
795445581.573774
795445581.573774
795445581.573774
794906285.810272
794906285.810272
794906285.810272
794953902.941293
794953902.941293
794953902.941293
794953902.941293
794953902.941293
794953902.941293
794986191.839252
794504155.00447
795176763.299292
795176763.299292
795176763.299292
795176763.299292
795615632.977759
795615632.977759
795615632.977759
795608290.549205
795608290.549205
795638889.884535
795678620.726847
795678620.726847
795678620.726847
795678620.726847
795649973.155583
795649973.155583
795649973.155583
795545804.025903
795545804.025903
795545804.025903
795545804.025903
795140864.95046
795324862.905142
795234887.155596
795415243.364672
795415243.364672
795275841.355999
795275841.355999
795275841.355999
795275841.355999
795275841.355999
795275841.355999
795275841.355999
795275841.355999
795303774.532682
795303774.532682
795117738.871783
795068842.394548
795068842.394548
795077873.819665
795077873.819665
795077873.819665
795077873.819665
795077873.819665
795077873.819665
795199209.28997
795199209.28997
795199209.28997
795199209.28997
795199209.28997
795221438.674692
795221438.674692
795221438.674692
795221438.674692
794753260.94848
794753260.94848
794984975.491754
794984975.491754
794689236.751277
794660411.458101
794660411.458101
794844504.508885
794844504.508885
794844504.508885
794844504.508885
794934267.771953
795189098.783784
795189098.783784
795189098.783784
795209448.093632
794841106.414989
795028962.149565
795028962.149565
795028962.149565
795028962.149565
795168102.031681
795301875.324323
795301875.324323
795301875.324323
794951657.228323
794951657.228323
794951657.228323
795603041.628188
795621750.315603
795204511.859236
795478414.77564
795327201.606897
795232892.685462
795613364.132675
795613364.132675
795613364.132675
795294622.393031
795318385.522038
795318385.522038
795845301.507951
795845301.507951
795479709.508019
795057842.672671
794887202.35505
794975009.674114
794975009.674114
794975009.674114
795302392.296086
794997095.646844
794997095.646844
794952266.8242
794952266.8242
795220139.455259
795220139.455259
795222897.770656
795222897.770656
795222897.770656
795222897.770656
795222897.770656
795137865.596565
795137865.596565
795137865.596565
795452381.460861
795452381.460861
795452381.460861
795452381.460861
795312175.473421
795312175.473421
795134272.690406
794900363.070108
794920349.7889
794574244.292719
794574244.292719
794891752.439721
794935233.796872
794935233.796872
794948228.20827
794948228.20827
794948228.20827
795052655.896392
795052655.896392
795082922.889219
795082922.889219
795312381.438482
795312381.438482
795671818.076823
795671818.076823
795671818.076823
795096395.375487
794817695.197768
795087523.069579
795087523.069579
795147236.336092
795147236.336092
795104196.38595
795310584.47755
795277098.219099
795570981.017468
795570981.017468
795570981.017468
795570981.017468
795570981.017468
795021689.399373
795021689.399373
795021689.399373
795021689.399373
795222031.65356
795222031.65356
795222031.65356
795222031.65356
795250490.191163
795324941.562103
795324941.562103
795324941.562103
795324941.562103
795146238.056704
795146238.056704
795146238.056704
795030262.72184
795036757.422563
795338083.17466
795338083.17466
795108820.429148
795483009.760557
794926142.308941
794926142.308941
794846013.099974
794846013.099974
794846013.099974
794846013.099974
795093362.215615
795093362.215615
795093362.215615
794680509.571066
794680509.571066
794680509.571066
794680509.571066
794992804.22587
794992804.22587
794979708.741076
794979708.741076
794979708.741076
794979708.741076
794979708.741076
795168697.008252
795168697.008252
795720150.40399
795411700.526681
794970460.684723
794970460.684723
794970460.684723
794955729.246145
794955729.246145
795605191.00629
795588438.61205
795313390.790009
795313390.790009
795313390.790009
795329230.24378
795724403.012311
795724403.012311
795724403.012311
795724403.012311
795724403.012311
795724403.012311
795522631.554656
795522631.554656
795062825.299715
795003614.781927
795003614.781927
795003614.781927
795003614.781927
795003614.781927
795003614.781927
795003614.781927
795163145.984528
795163145.984528
794855906.588576
794983501.095455
794983501.095455
795317190.265645
795317190.265645
795240819.701699
795240819.701699
795235706.613564
795235706.613564
795235706.613564
794938597.226402
795200648.390075
795200648.390075
795452866.263832
795452866.263832
795452866.263832
795489820.723392
795489820.723392
795674539.586716
795674539.586716
795435774.903549
795507027.369569
795148065.381138
795148065.381138
795192400.344059
795192400.344059
795216803.868909
795216803.868909
795216803.868909
795142920.818119
795142920.818119
795142920.818119
794987935.434657
794987935.434657
794987935.434657
794987935.434657
794987935.434657
795102202.197201
794920135.761144
794920135.761144
794882387.38434
794808286.840171
794400520.859712
794692802.450387
794692802.450387
794656039.527192
794656039.527192
794656039.527192
795441346.928504
795037511.298053
794950915.405688
794950915.405688
794440522.283854
794440522.283854
794844922.734788
794844922.734788
794844922.734788
795532811.81642
795458734.914786
795458734.914786
794738072.324282
794968559.518077
794968559.518077
794968559.518077
794968559.518077
794968559.518077
794968559.518077
794968559.518077
795154474.759837
795154474.759837
795154474.759837
795154474.759837
795154474.759837
795154474.759837
795154474.759837
795011469.485703
795011469.485703
795011469.485703
795011469.485703
795102882.586721
795098019.540839
795019984.576027
795019984.576027
795019984.576027
795019984.576027
794979863.541993
794979863.541993
794938639.327738
794938639.327738
794938639.327738
794938639.327738
795338264.655875
795484785.112109
795484785.112109
795793712.249587
795793712.249587
795654050.770491
795192521.660904
795192521.660904
795192521.660904
795330926.307433
795510155.60447
795510155.60447
795067335.743749
795067335.743749
795067335.743749
795067335.743749
795067335.743749
795804577.203997
795804577.203997
795804577.203997
795804577.203997
795483565.737244
795483565.737244
795483565.737244
795709727.067163
795709727.067163
795329234.194416
795329234.194416
795329234.194416
795345991.709485
795345991.709485
795490312.811083
795342568.223803
795342568.223803
795342568.223803
795444437.172314
795509704.304831
795509704.304831
795486200.846084
795049849.739082
795054193.550799
795054193.550799
795321721.379565
795291007.647068
795291007.647068
795291007.647068
794836944.787867
794836944.787867
794836944.787867
795277903.068372
795277903.068372
795277903.068372
795050237.471079
795061087.062676
795061087.062676
795061087.062676
795061087.062676
795299792.317518
795299792.317518
795299792.317518
795299792.317518
795299792.317518
795299792.317518
795571588.535748
795609249.298793
795609249.298793
795910736.838531
795910736.838531
795910736.838531
795910736.838531
795945982.562824
795945982.562824
795945982.562824
795837476.164616
795653203.800942
795255750.024359
795255750.024359
795034624.758749
795034624.758749
795209580.342506
795209580.342506
795176597.103602
795176597.103602
795487249.118776
795487249.118776
795487249.118776
795052656.335667
795052656.335667
794810094.673254
794982418.076741
794982418.076741
794982418.076741
795203263.209896
795203263.209896
795203263.209896
795288538.232309
795288538.232309
795048787.342851
795048787.342851
795048787.342851
795048787.342851
795048787.342851
795048787.342851
795048787.342851
795048787.342851
794989426.510046
794989426.510046
794989426.510046
794989426.510046
795040360.41424
795044647.583964
795044647.583964
795015462.667872
794832746.794476
795373561.666716
795373561.666716
795373561.666716
795406734.599092
795406734.599092
795903997.802572
795903997.802572
795903997.802572
795903997.802572
795784042.813442
795784042.813442
795784042.813442
795784042.813442
795784042.813442
795784042.813442
795784042.813442
795013883.267311
795013883.267311
795013883.267311
795013883.267311
795013883.267311
794844486.89546
794920443.812564
794920443.812564
794937273.610228
795000390.017524
795000390.017524
795244455.98636
795244455.98636
795244455.98636
795318793.035371
795130081.271725
795156722.670688
795131207.371794
795131207.371794
794771054.84395
795279573.775226
794948134.954493
795048999.60308
795203723.181667
795203723.181667
795203723.181667
795082107.497236
795082107.497236
795082107.497236
795082107.497236
794968337.124288
794968337.124288
795083096.541309
795083096.541309
795083096.541309
795038384.749596
795038384.749596
795057840.920202
795057840.920202
795057840.920202
795057840.920202
795057840.920202
795057840.920202
795057840.920202
795057840.920202
795057840.920202
795057840.920202
795057840.920202
795057840.920202
795057840.920202
795057840.920202
795504061.751515
795375953.504982
795375953.504982
795375953.504982
795375953.504982
795471517.546368
795471517.546368
795013586.916646
795013586.916646
795013586.916646
795013586.916646
795013586.916646
795013586.916646
795130365.266376
795139533.139347
795139533.139347
795170988.124655
795349851.772294
795200983.275465
795544837.686298
795544837.686298
795544837.686298
795544837.686298
795250089.552891
795250089.552891
795481293.606308
795597838.259791
795597838.259791
795597838.259791
795597838.259791
795597838.259791
795588387.488592
795588387.488592
795588387.488592
795588387.488592
795588387.488592
795632427.052632
795632427.052632
795441970.590202
795509004.69079
795509004.69079
795509004.69079
795509004.69079
795347501.692405
795347501.692405
795347501.692405
795347501.692405
795347501.692405
795180102.187062
795180102.187062
795180102.187062
795231470.880764
795101584.70302
795101584.70302
795101584.70302
795089294.803416
795089294.803416
795089294.803416
795042961.766721
794926224.280789
794793461.234159
794954979.388691
795167312.500448
795167312.500448
795167312.500448
795167312.500448
795143321.980978
795143321.980978
795275561.862814
795275561.862814
795275561.862814
795275561.862814
795275561.862814
795012822.967721
795374715.554256
795632040.86459
795730256.80472
795667390.084808
795667390.084808
795811062.242864
795811062.242864
795811062.242864
795811062.242864
795080195.681261
794922024.885823
794922024.885823
794812654.429393
794812654.429393
794812654.429393
794812654.429393
794913584.739148
795366944.085031
795366944.085031
795366944.085031
795366944.085031
795236059.633082
795236059.633082
795236059.633082
795207045.350544
795207045.350544
795207045.350544
795207045.350544
795075715.312477
794754803.013584
794754803.013584
794754803.013584
795270928.07147
794786811.689057
795628009.411908
795657376.099628
795657376.099628
795303627.725863
795303627.725863
794924585.874745
795386676.173831
795233933.547176
795233933.547176
795233933.547176
795233933.547176
795233933.547176
795233933.547176
795233933.547176
795233933.547176
795233933.547176
795188975.952588
795298835.251323
794891992.385903
794891992.385903
794891992.385903
794891992.385903
795117953.031521
795117953.031521
795207018.175555
795305284.419094
794817659.225469
794817659.225469
794879048.619837
794879048.619837
794904501.005275
794904501.005275
794931956.072355
794931956.072355
794923114.970905
795136820.582002
795340331.53793
795340331.53793
794982406.522091
795077070.299077
795264356.151861
795264356.151861
795264356.151861
795264356.151861
795264356.151861
795264356.151861
795264356.151861
795264356.151861
795264356.151861
795264356.151861
795264356.151861
795264356.151861
795264356.151861
795264356.151861
795264356.151861
795264356.151861
795264356.151861
795264356.151861
795264356.151861
795264356.151861
795264356.151861
795264356.151861
795075615.553252
794914601.040653
794914601.040653
794914601.040653
794914601.040653
794914601.040653
794914601.040653
794891880.172901
794996287.298114
794996287.298114
794996287.298114
794996287.298114
795050432.058434
795084160.571789
795084160.571789
795084160.571789
794682233.304062
794682233.304062
794747399.541595
794747399.541595
794747399.541595
794747399.541595
795136253.031741
795123800.731182
795123800.731182
795123800.731182
795013569.441654
795314326.439855
795314326.439855
795314326.439855
795314326.439855
795370253.816996
795441182.975995
795107526.710901
795241179.142199
795241179.142199
795241179.142199
795232338.098834
795232338.098834
795208911.819093
795375360.708099
795375360.708099
794848487.292727
795243466.841132
795243466.841132
795243466.841132
795041197.552881
795647822.786865
795294310.500223
795301110.416234
795301110.416234
795320673.421808
796001892.41603
796001892.41603
796001892.41603
795455200.490769
795455200.490769
795231041.791632
795259053.312058
795259053.312058
795314685.551915
795314685.551915
795314685.551915
795314685.551915
795284329.741349
795459379.336802
795421206.999825
795421206.999825
795421206.999825
795368638.429294
795368638.429294
795097714.975885
795097714.975885
795097714.975885
795097714.975885
795097714.975885
795097714.975885
795097714.975885
795097714.975885
795097714.975885
795097714.975885
794912670.399571
794912670.399571
795264772.756619
795264772.756619
794996230.966474
795028023.066798
795028023.066798
795028023.066798
794872296.677119
795393518.367808
795508913.661627
795617015.470295
795617015.470295
795617015.470295
795617015.470295
795617015.470295
795617015.470295
795617015.470295
795541148.271241
795541148.271241
795541148.271241
795541148.271241
795197037.146984
795197037.146984
795197037.146984
795197037.146984
795086817.689728
795086817.689728
795086817.689728
795086817.689728
795086817.689728
795086817.689728
795086817.689728
795014796.790922
795014796.790922
794932372.206931
794932372.206931
795241365.558766
795596882.368237
795596882.368237
795596882.368237
795596882.368237
795324435.179362
795324435.179362
795324435.179362
795324435.179362
795324435.179362
795324435.179362
795067050.009899
795459469.519543
795459469.519543
795459469.519543
795435322.950069
795271223.234193
795271223.234193
795338338.497722
795491300.103404
795621765.5852
795014955.577117
795377505.557377
795377505.557377
795358637.898205
795358637.898205
795358637.898205
795358637.898205
795360354.110716
795360354.110716
795349102.98186
795349102.98186
795349102.98186
795349102.98186
795007583.034609
795536073.123797
795040821.599772
795040821.599772
795236779.18534
795236779.18534
795236779.18534
795236779.18534
795236779.18534
795236779.18534
795236779.18534
795236779.18534
795236779.18534
795236779.18534
795236779.18534
795480945.282076
795480945.282076
795480945.282076
795030065.584073
795030065.584073
794907057.440079
794868477.715771
794868477.715771
794868477.715771
795243221.122012
795243221.122012
795243221.122012
795243221.122012
795243221.122012
795528267.490633
795528267.490633
795449979.085982
795449979.085982
795449979.085982
795449979.085982
795449979.085982
795449979.085982
795449979.085982
795507646.779685
795507646.779685
795515123.969597
795515123.969597
795515123.969597
795515123.969597
795515123.969597
795424689.79093
795424689.79093
795424689.79093
795326692.699531
795326692.699531
795326692.699531
795326692.699531
795326692.699531
795326692.699531
795326692.699531
794911342.151838
794903259.692005
795003679.842416
795322035.571947
795318955.784959
794930102.968191
794874034.999563
794874034.999563
794874034.999563
794874034.999563
794721292.341634
794916120.13449
795033894.942756
795033894.942756
794756912.550581
794756912.550581
794756912.550581
794756912.550581
795108379.988975
795226012.862046
795159663.347916
794938327.134308
794938327.134308
794938327.134308
795015362.863596
795015362.863596
795015362.863596
794990760.090544
794990760.090544
794990760.090544
794990760.090544
794990760.090544
795292321.503802
795292321.503802
795366442.789852
795331288.344079
795656687.690142
795656687.690142
795656687.690142
795408502.930797
795015080.120675
795208932.100342
795352537.192527
795352537.192527
795048676.930415
795048676.930415
794850902.791181
794850902.791181
794850902.791181
794775945.006472
794775945.006472
794775945.006472
794429162.580169
794429162.580169
794805397.393349
794805397.393349
794805397.393349
794805397.393349
795302173.332998
795302173.332998
795302173.332998
795302173.332998
795254982.303053
795254982.303053
795254982.303053
795254982.303053
795254982.303053
795254982.303053
795254982.303053
795254982.303053
795239048.323561
795017185.96119
795017185.96119
795224173.781819
795724878.577141
795724878.577141
795724878.577141
795724878.577141
795724878.577141
795540970.714003
795540970.714003
795562657.049802
795303696.566788
795303696.566788
795303696.566788
795303696.566788
795303696.566788
795303696.566788
795303696.566788
795303696.566788
795468458.840908
795468458.840908
795468458.840908
795468458.840908
795238160.476684
795130260.435593
795130260.435593
795130260.435593
795130260.435593
795130260.435593
795130260.435593
795130260.435593
795130260.435593
795136626.94449
794850902.04985
794839056.51203
794639588.31329
794639541.477173
795173486.013189
795173486.013189
795173486.013189
795173486.013189
795173486.013189
795173486.013189
795173486.013189
795173486.013189
795173486.013189
795173486.013189
795173486.013189
795173486.013189
795167235.805753
795488396.415233
795488396.415233
795488396.415233
795488396.415233
795533884.800551
795207614.150306
795207614.150306
795212534.285701
795093911.838423
795093911.838423
795093911.838423
795093911.838423
795093911.838423
795113825.070831
795201186.167183
795201186.167183
795201186.167183
794984520.670252
794984520.670252
794918098.574105
794918098.574105
794918098.574105
794918098.574105
794918098.574105
794918098.574105
794918098.574105
794918098.574105
795592905.961864
795592905.961864
795613260.117371
795112697.799034
795006286.933646
795006286.933646
795333318.146552
795239213.750415
795239213.750415
795239213.750415
795239213.750415
795239213.750415
795605880.425291
795605880.425291
795589591.43709
795589591.43709
795649338.106368
795649338.106368
795765684.37504
795496489.391631
795496489.391631
795466699.23814
795466699.23814
795466699.23814
794947820.647234
794947820.647234
795327457.962348
795695216.715958
794917019.843255
794917019.843255
794917019.843255
794917019.843255
794533585.88082
794607091.688164
794607091.688164
794923470.076919
794923470.076919
794993366.597543
794993366.597543
794866591.48731
794866591.48731
794954576.329063
794954576.329063
795088111.326407
795088111.326407
795088111.326407
795088111.326407
795088111.326407
795088111.326407
795088111.326407
794932526.990584
795111697.692523
795307846.020919
795307846.020919
795270959.627347
794782900.699491
794846113.110224
794846113.110224
794615088.231196
795413444.315755
795413444.315755
795413444.315755
795413444.315755
795413444.315755
795413444.315755
795413444.315755
795041488.568645
795041488.568645
795041488.568645
795041488.568645
795347860.85322
795088750.728464
795088750.728464
795088750.728464
795455883.629463
795455883.629463
795052154.081216
795052154.081216
795353065.691312
795353065.691312
795209264.984378
795209264.984378
795209264.984378
795050862.740044
795050862.740044
795050862.740044
795050862.740044
794571754.595293
794571754.595293
795095601.694588
795095601.694588
795095601.694588
795395102.139583
795101960.131621
795445240.208026
794837338.596432
795361346.80048
795361346.80048
795361346.80048
795361346.80048
795361346.80048
795361346.80048
795361346.80048
795430950.287943
795295939.053196
794983261.079015
794983261.079015
795085511.181798
795304358.66473
795304358.66473
795304358.66473
795304358.66473
795304358.66473
795304358.66473
795304358.66473
795304358.66473
795304358.66473
795543146.332083
795216353.987782
795216353.987782
795216353.987782
795101427.647825
795101427.647825
795101427.647825
795101427.647825
795101427.647825
795101427.647825
795101427.647825
794812429.675964
794812429.675964
794812429.675964
795171480.107701
795171480.107701
795171480.107701
795171480.107701
795958706.210436
795958706.210436
795287335.656266
795287335.656266
795353276.65794
795506967.088591
795506967.088591
795469732.307986
795469732.307986
795469732.307986
795469732.307986
795469732.307986
795469732.307986
795469732.307986
795469732.307986
795469732.307986
795469732.307986
795469732.307986
795469732.307986
795469732.307986
795269414.694783
795269414.694783
795042071.531937
794692248.132626
794692248.132626
795151433.975813
795537105.729105
795044202.552203
795061937.058161
795174782.755998
795174782.755998
795174782.755998
795174782.755998
795283355.317944
794888751.523115
794888751.523115
795071986.886101
795071986.886101
795071986.886101
795071986.886101
795033113.224958
795081476.518456
795081476.518456
795081476.518456
795001675.399327
795225947.58687
795225947.58687
795225947.58687
795225947.58687
795225947.58687
795225947.58687
795225947.58687
794855732.030727
795208687.49069
794910335.532937
794910335.532937
794910335.532937
795383076.478531
795273724.570625
795273724.570625
795273724.570625
795273724.570625
795273724.570625
795301450.006206
795301450.006206
795301450.006206
795301450.006206
795507777.282331
795507777.282331
795371101.850281
795371101.850281
795371101.850281
795371101.850281
795371101.850281
795371101.850281
795445550.910686
795010385.29121
795010385.29121
795144246.113612
795144246.113612
795144246.113612
795657443.621766
795322002.375305
795543288.385997
795543288.385997
795543288.385997
795543288.385997
795543288.385997
795032198.753436
795032198.753436
795032198.753436
795092515.855957
794953097.179896
794945457.192092
794767811.294457
794767811.294457
794923963.094397
794923963.094397
794954603.782993
794954603.782993
794954603.782993
794954603.782993
794954603.782993
794954603.782993
795063408.594479
794931894.905389
795224091.705724
795239491.385865
795008955.250879
795008955.250879
795008955.250879
795008955.250879
795008955.250879
795008955.250879
795348851.916154
795348851.916154
795348851.916154
794888868.510497
795418090.581879
795418090.581879
795418090.581879
795418090.581879
795418090.581879
795203785.473249
795203785.473249
795203785.473249
795446512.090404
795274003.45658
795274003.45658
794911082.367288
794477956.154203
794477956.154203
794928809.098429
795184253.124575
795184253.124575
795646452.577493
795422718.423434
795422718.423434
795422718.423434
795439520.105572
795439520.105572
795439520.105572
794985160.339502
795353703.488775
795296847.206607
795017338.09149
795027804.780637
795154286.116591
795154286.116591
795046786.978047
795046786.978047
794882491.311043
794882491.311043
794882491.311043
794882491.311043
794922964.735834
794922964.735834
794922964.735834
794922964.735834
794922964.735834
795311629.273913
795390993.111139
795648731.743964
795648731.743964
795376411.07133
794946813.395871
794921728.69387
794921728.69387
794921728.69387
795058730.784362
795058730.784362
795058730.784362
795058730.784362
795058730.784362
795396987.2313
795396987.2313
795301208.644175
795187099.94857
795187099.94857
795191886.33949
795191886.33949
795191886.33949
795251769.194085
795251769.194085
795251769.194085
795251769.194085
795251769.194085
795251769.194085
795251769.194085
795251769.194085
795430676.290255
795430676.290255
794952423.457611
794952423.457611
794952423.457611
794952423.457611
794952423.457611
794952423.457611
794952423.457611
794881399.425118
794881399.425118
794881399.425118
795201039.865476
795345556.251708
795352594.092489
795352594.092489
795352594.092489
794703677.371633
794703677.371633
794703677.371633
795099310.759785
795099310.759785
795099310.759785
795105721.947454
795105721.947454
795201350.911456
795234405.584857
795617185.028001
795617185.028001
795617185.028001
795150750.700984
795099436.853799
795099436.853799
795099436.853799
795106522.22032
795106522.22032
795106522.22032
794942719.99732
795229225.723868
795229225.723868
795439909.410143
795363346.23772
795363346.23772
795363346.23772
794937474.194331
794937474.194331
794937474.194331
794937474.194331
794937474.194331
794937474.194331
794937474.194331
794937474.194331
794937474.194331
794848366.833034
794848366.833034
794848366.833034
795444235.34802
795444235.34802
795287620.829829
795287620.829829
795287620.829829
795287620.829829
795287620.829829
795287620.829829
795287620.829829
795287620.829829
795191054.683863
795231639.069493
795231639.069493
795845621.207149
795866660.281763
795866660.281763
795866660.281763
795866660.281763
795606486.60086
795606486.60086
795606486.60086
795606486.60086
795606486.60086
795606486.60086
795058756.851371
794986421.274459
794986421.274459
794867716.85179
795645440.746637
795645440.746637
795645440.746637
795645440.746637
795645440.746637
795645440.746637
795302939.851286
794988947.803827
794988947.803827
795060726.172103
795060726.172103
795289681.68169
794753816.720184
794753816.720184
794753816.720184
794824276.865791
794824276.865791
794824276.865791
794303969.323976
794303969.323976
794863579.214489
794863579.214489
794863579.214489
794863579.214489
794863579.214489
794744458.937174
794744458.937174
795760381.20341
795760381.20341
795760381.20341
795519181.908177
794933330.588299
794933330.588299
794933330.588299
794901620.117708
794901620.117708
795177662.339582
795177662.339582
795160936.487041
795160936.487041
794932301.707013
794932301.707013
794870797.249757
794785999.309446
795162574.357192
795162574.357192
795007512.376015
795007512.376015
794987561.953737
794987561.953737
794987561.953737
795599702.579428
795599702.579428
795708556.377032
795666906.95382
795666906.95382
795388696.029279
795403955.103687
795403955.103687
795403955.103687
795253034.275673
795253034.275673
795253034.275673
795253034.275673
795065762.988587
795065762.988587
794985960.272454
794985960.272454
794985960.272454
794985960.272454
795361692.441153
795060127.523886
795543068.94378
795543068.94378
795543068.94378
795543068.94378
795265916.652754
795265916.652754
795265916.652754
795265916.652754
795171240.621462
794608535.702418
794608535.702418
794989465.885375
794989465.885375
794989465.885375
795076716.852452
795076716.852452
795054635.952726
795054635.952726
795266061.508056
794393861.20738
794802722.113235
794872098.896995
794872098.896995
794872098.896995
794872098.896995
794872098.896995
794668826.919232
794668826.919232
794616950.657853
795449124.199036
795185938.031015
795185938.031015
795185938.031015
795185938.031015
795142466.417035
794838752.618489
794838752.618489
794838752.618489
794838752.618489
794838752.618489
794838752.618489
794838752.618489
794933625.713527
794933625.713527
794933625.713527
794482638.347162
794559014.741851
794559014.741851
794881702.515488
794881702.515488
794881702.515488
794881702.515488
794881702.515488
794912357.699801
794912357.699801
794912357.699801
794912357.699801
794912357.699801
794912357.699801
795297801.981303
795365144.420243
795365144.420243
795365144.420243
795365144.420243
795365144.420243
794721335.566789
795127441.975278
795127441.975278
795240067.936744
795240067.936744
795290326.34288
795241115.04432
795241115.04432
795241115.04432
795423072.637375
795214132.538101
795214132.538101
795214132.538101
794963435.138901
794963435.138901
795318303.051899
795318303.051899
795038113.883416
795038113.883416
795038113.883416
795156643.417925
795156643.417925
795156643.417925
795401394.525608
794966328.324517
794966328.324517
794966328.324517
794966328.324517
794774136.514856
794774136.514856
794774136.514856
794774136.514856
795004684.501691
795020458.794581
795020458.794581
795116963.828389
795116963.828389
795116963.828389
795116963.828389
795484749.791065
795438901.722571
795438901.722571
795438901.722571
795144145.833743
794912892.088398
794912892.088398
794912892.088398
794912892.088398
794530045.425875
794530045.425875
794530045.425875
795323886.079925
795365968.315084
795281029.829608
795281029.829608
795281029.829608
795281029.829608
795281029.829608
795267135.853405
795267135.853405
795267135.853405
795152665.576151
795152665.576151
795152665.576151
795415124.658129
795415124.658129
795415124.658129
795415124.658129
794899160.586752
794899160.586752
794947483.603681
795046629.481435
795040122.658938
795040122.658938
795303914.889473
795303914.889473
795303914.889473
795655956.505232
795481402.815449
795481402.815449
795524562.141403
794778892.473726
794677002.697701
794677002.697701
794677002.697701
794992582.67989
794992582.67989
794992582.67989
794992582.67989
794992582.67989
795229861.998444
794622159.113059
794622159.113059
794861342.887115
794544378.984846
794544378.984846
794817481.701288
794817481.701288
794829485.236712
795158686.726873
795067151.951934
795067151.951934
795067151.951934
795067151.951934
795062928.965062
795062928.965062
795062928.965062
794865370.882409
794865370.882409
795125838.426182
795031357.347422
795031357.347422
794866848.335729
794866848.335729
795372249.487151
795372249.487151
795372249.487151
795521747.998335
795521747.998335
795521747.998335
794911210.157873
794911210.157873
794911210.157873
794911210.157873
794911210.157873
795093796.013474
795093796.013474
794720442.082691
794913947.872933
794927668.0198
795311925.655771
795311925.655771
795311925.655771
795232141.917792
795232141.917792
795232141.917792
795232141.917792
795736142.98805
795736142.98805
795757988.971905
795415094.514574
795362655.359978
795409151.26984
795409151.26984
795409151.26984
795409151.26984
795254650.083959
795124505.015695
795124505.015695
795124505.015695
794996985.970747
794895364.856064
794735882.234414
795323954.271452
795405336.843963
795063555.887105
